[INFO]
01;Благоевг░ад;301
[END]

[IZB]
01;6;   ;;18.11.2001;2;2;537
[END]

[NM]
0101;001;г░. Бан▒ко;02676;00
0101;002;▒. Го▒▓│н;17381;00
0101;003;▒. Доб░ини╣е;21498;00
0101;004;▒. К░емен;39614;00
0101;005;▒. Ме▒▓а;47857;00
0101;006;▒. Обидим;53059;00
0101;007;▒. О▒еново;54136;00
0101;008;▒. Филипово;76090;00
0102;001;▒. Баб┐к;02107;00
0102;002;г░. Бели╢а;03504;00
0102;003;▒. Го░но К░аи╣е;77596;00
0102;004;▒. Г║л║бово;15638;00
0102;005;▒. Дагоново;20064;00
0102;007;▒. Зла▓а░и╢а;14521;00
0102;008;▒. К░аи╣е;39270;00
0102;010;▒. К│з╝ово;40453;00
0102;011;▒. Л╛▓ово;44762;00
0102;012;▒. О░╢ево;53998;00
0102;014;▒. Пала▓ик;59330;00
0102;015;▒. Че░е╕ово;80649;00
0103;001;▒. Бело поле;03664;00
0103;002;▒. Би▒▓░и╢а;04217;00
0103;003;г░. Благоевг░ад;04279;00
0103;004;▒. Б│╖ино;07168;00
0103;005;▒. Б║лга░╖ево;07377;00
0103;006;▒. Габ░ово;14204;00
0103;007;▒. Го░но Ле╕ко;;00
0103;008;▒. Го░но Х║░▒ово;17004;00
0103;009;▒. Дебо╖и╢а;20328;00
0103;010;▒. Делвино;20540;00
0103;011;▒. Д░енково;23652;00
0103;012;▒. Д║б░ава;24367;00
0103;013;▒. Еленово;27231;00
0103;014;▒. Зелендол;30702;00
0103;015;▒. Изг░ев;00134;00
0103;016;▒. Кли▒│░а;37263;00
0103;017;▒. Ле╕ко;43520;00
0103;018;▒. Ли▒и┐;43863;00
0103;019;▒. Логодаж;68792;00
0103;020;▒. Ма░│лево;47370;00
0103;021;▒. Мо╣ане╢;49179;00
0103;022;▒. Обел;53031;00
0103;023;▒. Паде╕;55107;00
0103;024;м. Б│ди╕ка;;00
0103;025;▒. Пок░овник;57159;00
0103;026;▒. Рил╢и;62699;00
0103;027;▒. Сели╣е;66055;00
0103;028;▒. Це░ово;78464;00
0111;001;▒. Бани╖ан;02600;00
0111;002;▒. Бо░ово;05606;00
0111;003;▒. Б░езни╢а;06306;00
0111;004;▒. Б│ково;07003;00
0111;005;▒. Го▒подин╢и;17347;00
0111;006;г░. Го╢е Дел╖ев;17395;00
0111;007;▒. Дел╖ево;20585;00
0111;008;▒. Доб░о▓ино;21680;00
0111;010;▒. Ко░ни╢а;38666;00
0111;011;▒. Л║жни╢а;44416;00
0111;012;▒. Мо▒оми╣е;49432;00
0111;013;кв. С░една;68391;00
0113;001;▒. Балдево;02381;00
0113;002;▒. Го░но Д░┐ново;16763;00
0113;003;▒. Г║░мен;18366;00
0113;004;▒. Деб░ен;20331;00
0113;005;▒. Долно Д░┐ново;22616;00
0113;006;▒. Д║бни╢а;24267;00
0113;007;▒. Кова╖еви╢а;37472;00
0113;008;▒. К░│╕ево;40138;00
0113;010;▒. Ма░╖ево;47408;00
0113;011;▒. Огн┐ново;53326;00
0113;012;▒. О░е╕е;53727;00
0113;013;▒. О▒иково;54184;00
0113;014;▒. Рибново;62640;00
0113;015;▒. Ск░еба▓но;66874;00
0113;016;▒. Хво▒▓┐не;77222;00
0128;002;▒. Го░на Б░езни╢а;16136;00
0128;003;▒. Долна Г░аде╕ни╢а;22068;00
0128;004;г░. К░е▒на;14492;00
0128;005;▒. О╣ава;54537;00
0128;006;▒. Сливни╢а;67369;00
0128;007;▒. С▓а░а К░е▒на;39699;00
0133;001;м. Ба▒кал╢и;02806;00
0133;002;▒. Бела▒и╢а;03294;00
0133;003;▒. Бого░оди╢а;66322;00
0133;004;▒. Бо░ови╖ене;05596;00
0133;005;▒. Ви╕лене;11358;00
0133;006;▒. Волно;12036;00
0133;007;▒. Д░аг│╕;23488;00
0133;009;▒. Габ░ене;14091;00
0133;010;▒. Гега;14581;00
0133;011;▒. Гене░ал Тодо░ов;58390;00
0133;012;▒. Долене;21885;00
0133;013;▒. Долна К░│╕и╢а;22143;00
0133;014;▒. Долна Рибни╢а;22246;00
0133;016;▒. Долно Спан╖ово;22842;00
0133;017;▒. Д░ангово;23563;00
0133;019;▒. Д░еново;23697;00
0133;020;▒. Зой╖ене;31317;00
0133;021;▒. Кав░аки░ово;35081;00
0133;023;▒. Камена;35688;00
0133;024;▒. Капа▓ово;36083;00
0133;025;▒. Кл╛╖;37349;00
0133;026;▒. Кола░ово;37989;00
0133;027;▒. К░омидово;39935;00
0133;028;▒. К░║нджили╢а;40302;00
0133;029;▒. К│к│░┐╡╢ево;40508;00
0133;030;▒. К│ла▓а;40539;00
0133;031;▒. К║░налово;40912;00
0133;032;▒. Ма░ико▒▓иново;47189;00
0133;033;▒. Ма░ино поле;47247;00
0133;034;▒. Мендово;47799;00
0133;035;▒. Ми▓иново;48458;00
0133;036;▒. Ми╡нево;48578;00
0133;037;▒. Ново Кономлади;52091;00
0133;038;г░. Пе▓░и╖;56126;00
0133;039;▒. П░аво б║░до;58061;00
0133;040;▒. П║░вомай;59077;00
0133;041;▒. Рибник;62623;00
0133;042;▒. Р│пи▓е;49312;00
0133;044;▒. Р║ждак;63542;00
0133;045;▒. Сам│илово;65293;00
0133;046;▒. Ск░║▓;66901;00
0133;047;▒. С▓а░╖ево;69119;00
0133;048;▒. С▓░│ме╕ни╢а;69941;00
0133;050;▒. Тополни╢а;72744;00
0133;051;▒. Ч│░илово;81788;00
0133;052;▒. Ч│░и╖ене;81791;00
0133;053;▒. Ч│╖│лигово;81832;00
0133;054;▒. Яво░ни╢а;87134;00
0133;055;▒. Яково;87312;00
0137;001;▒. Бан┐;02693;00
0137;002;▒. Ба╖ево;02960;00
0137;003;▒. Годлево;15326;00
0137;004;▒. Го░но Д░агли╣е;16754;00
0137;005;▒. Доб║░▒ко;21748;00
0137;006;▒. Долно Д░агли╣е;22602;00
0137;007;▒. Еле╕ни╢а;27293;00
0137;008;г░. Разлог;61813;00
0140;004;▒. Бел╝ово;03784;00
0140;007;▒. Виног░ади;11168;00
0140;010;▒. В░ан┐;12200;00
0140;011;▒. В║лково;12471;00
0140;012;▒. Голе╕ево;15583;00
0140;013;▒. Го░на С│╕и╢а;16403;00
0140;014;▒. Го░но Спан╖ево;16969;00
0140;017;▒. Дам┐ни╢а;20105;00
0140;018;▒. Деб░ене;20345;00
0140;019;▒. Джиг│░ово;20780;00
0140;021;▒. Зо░ни╢а;20910;00
0140;022;▒. Зла▓оли▒▓;31139;00
0140;023;▒. Калиман╢и;35362;00
0140;024;▒. Ка▓│н╢и;36693;00
0140;026;▒. Кова╖ево;37486;00
0140;027;▒. К░║▒▓ил╢и;40378;00
0140;028;▒. К║░ланово;40926;00
0140;029;▒. Лада░ево;43030;00
0140;030;▒. Ла▒ка░ево;43150;00
0140;031;▒. Лебни╢а;43181;00
0140;032;▒. Лев│ново;43243;00
0140;034;▒. Ле╕ни╢а;43565;00
0140;035;▒. Лил┐ново;43699;00
0140;036;▒. Лозени╢а;44121;00
0140;038;▒. Л╛бови╣е;44625;00
0140;039;▒. Л╛бовка;44639;00
0140;040;▒. Малки Цалим;46526;00
0140;041;г░. Мелник;47754;00
0140;042;▒. Ново Дел╖ево;52074;00
0140;043;▒. Ново Ходжово;52307;00
0140;044;▒. Пе▓░ово;56174;00
0140;045;▒. Пипе░и╢а;56352;00
0140;046;▒. Пи░ин;56410;00
0140;048;▒. Пло▒ки;56839;00
0140;049;▒. Полени╢а;57176;00
0140;050;▒. Рожен;62918;00
0140;051;г░. Сандан▒ки;65334;00
0140;052;▒. Склаве;66785;00
0140;053;▒. Спа▓ово;68223;00
0140;055;▒. С▓░│ма;69938;00
0140;056;▒. С│га░ево;70189;00
0140;057;▒. Хо▓ово;77361;00
0140;059;▒. Х║░▒ово;77565;00
0140;060;▒. Че░е╕ни╢а;80618;00
0140;061;▒. Яново;87446;00
0142;001;▒. Боголин;04707;00
0142;002;▒. Ваклиново;10046;00
0142;003;▒. В║лко▒ел;12499;00
0142;004;▒. Годе╕ево;15312;00
0142;005;▒. Долен;21868;00
0142;006;▒. Жижево;29372;00
0142;007;▒. Ко╖ан;39089;00
0142;008;▒. К░иб│л;39726;00
0142;009;▒. О▒ина;54225;00
0142;010;▒. Пле▓ена;56740;00
0142;011;▒. Са▓ов╖а;65440;00
0142;012;▒. Сла╣ен;67270;00
0142;013;▒. Т│╡ови╣е;73519;00
0142;014;▒. Ф║░гово;76203;00
0144;001;▒. Б░ежани;06238;00
0144;002;▒. Б░е▒▓ово;06522;00
0144;004;▒. Г░адево;17405;00
0144;006;▒. Долно О▒еново;22753;00
0144;007;▒. Железни╢а;29146;00
0144;008;▒. К░│пник;40052;00
0144;009;▒. Ме╖к│л;48012;00
0144;010;▒. Полена;57162;00
0144;011;▒. Поле▓о;57203;00
0144;012;▒. Раки▓на;61978;00
0144;013;▒. Сеноко▒;66247;00
0144;014;г░. Сими▓ли;66460;00
0144;015;▒. С│╡о▒▓░ел;70370;00
0144;016;▒. С│╕и╢а;35105;00
0144;017;▒. Т░о▒ково;73184;00
0144;018;▒. Че░ни╖е;81013;00
0149;002;▒. В░ак│пови╢а;12142;00
0149;003;▒. Го░еме;16033;00
0149;004;▒. Го░на К░│╕и╢а;16273;00
0149;006;▒. Го░на Рибни╢а;16362;00
0149;007;▒. Доб░и лаки;21467;00
0149;008;▒. Д░ака▓а;23532;00
0149;009;▒. Иг░али╣е;32322;00
0149;010;▒. Илинден╢и;32665;00
0149;011;▒. Камени╢а;35818;00
0149;012;▒. Клепало;37191;00
0149;013;▒. Колиби▓е;38056;00
0149;014;▒. К║░пелево;40957;00
0149;015;▒. Ма╡ала▓а;47473;00
0149;016;▒. Мик░ево;49686;00
0149;017;▒. Ник│дин;51737;00
0149;018;▒. Пала▓;55227;00
0149;019;▒. Раздол;61772;00
0149;020;▒. Седеле╢;65930;00
0149;021;▒. С▓░│м┐ни;69969;00
0149;022;▒. Цапа░ево;78046;00
0152;001;▒. Аблани╢а;00014;00
0152;002;▒. Бе▒лен;03976;00
0152;003;▒. Бла▓▒ка;04399;00
0152;004;▒. Гай▓аниново;14341;00
0152;005;▒. Илинден;32648;00
0152;006;▒. Коп░ивлен;38532;00
0152;007;▒. Л║ки;44464;00
0152;008;▒. Нова Лов╖а;51860;00
0152;010;▒. Ново Л┐▒ки;52101;00
0152;011;▒. Па░ил;55467;00
0152;012;▒. Пе▓░елик;56109;00
0152;013;▒. Садово;65108;00
0152;014;▒. Теплен;72268;00
0152;016;▒. Те╕ово;72374;00
0152;017;г░. Хаджидимово;77058;00
0153;001;▒. Ав░амово;00059;00
0153;002;▒. Бел Камен;03561;00
0153;003;▒. Б│н╢ево;07822;00
0153;004;▒. Кона░▒ко;38220;00
0153;005;▒. Смолево;32603;00
0153;006;▒. Че░на Ме▒▓а;81850;00
0153;007;▒. Ю░│ково;86101;00
0153;008;г░. Яко░│да;87338;00
[END]

[SEC]
01;0100;001;6;001
01;0100;002;6;001
01;0100;003;6;001
01;0100;004;6;001
01;0100;005;6;001
01;0100;006;6;001
01;0100;007;6;001
01;0100;008;6;001
01;0100;009;6;001
01;0100;010;6;001
01;0100;011;6;003
01;0100;012;6;003
01;0100;013;6;003
01;0100;014;6;002
01;0100;015;6;007
01;0100;016;6;006
01;0100;017;6;004
01;0100;018;6;005
01;0100;019;6;008
01;0200;001;6;002
01;0200;002;6;002
01;0200;003;6;002
01;0200;004;6;002
01;0200;005;6;005
01;0200;006;6;008
01;0200;007;6;008
01;0200;008;6;003
01;0200;009;6;007
01;0200;010;6;011
01;0200;011;6;001
01;0200;012;6;004
01;0200;013;6;010
01;0200;014;6;014
01;0200;015;6;015
01;0200;016;6;012
01;0300;001;6;003
01;0300;002;6;003
01;0300;003;6;003
01;0300;004;6;003
01;0300;005;6;003
01;0300;006;6;003
01;0300;007;6;003
01;0300;008;6;003
01;0300;009;6;003
01;0300;010;6;003
01;0300;011;6;003
01;0300;012;6;003
01;0300;013;6;003
01;0300;014;6;003
01;0300;015;6;003
01;0300;016;6;003
01;0300;017;6;003
01;0300;018;6;003
01;0300;019;6;003
01;0300;020;6;003
01;0300;021;6;003
01;0300;022;6;003
01;0300;023;6;003
01;0300;024;6;003
01;0300;025;6;003
01;0300;026;6;003
01;0300;027;6;003
01;0300;028;6;003
01;0300;029;6;003
01;0300;030;6;003
01;0300;031;6;003
01;0300;032;6;003
01;0300;033;6;003
01;0300;034;6;003
01;0300;035;6;003
01;0300;036;6;003
01;0300;037;6;003
01;0300;038;6;003
01;0300;039;6;003
01;0300;040;6;003
01;0300;041;6;003
01;0300;042;6;003
01;0300;043;6;003
01;0300;044;6;003
01;0300;045;6;003
01;0300;046;6;003
01;0300;047;6;003
01;0300;048;6;003
01;0300;049;6;003
01;0300;050;6;003
01;0300;051;6;003
01;0300;052;6;003
01;0300;053;6;003
01;0300;054;6;003
01;0300;055;6;003
01;0300;056;6;003
01;0300;057;6;003
01;0300;058;6;003
01;0300;059;6;003
01;0300;060;6;003
01;0300;061;6;003
01;0300;062;6;003
01;0300;063;6;003
01;0300;064;6;003
01;0300;065;6;003
01;0300;066;6;003
01;0300;067;6;003
01;0300;068;6;003
01;0300;069;6;003
01;0300;070;6;003
01;0300;071;6;003
01;0300;072;6;003
01;0300;073;6;003
01;0300;074;6;003
01;0300;075;6;003
01;0300;076;6;003
01;0300;077;6;003
01;0300;078;6;003
01;0300;079;6;003
01;0300;080;6;003
01;0300;081;6;003
01;0300;082;6;003
01;0300;083;6;003
01;0300;084;6;003
01;0300;085;6;003
01;0300;086;6;003
01;0300;087;6;003
01;0300;088;6;003
01;0300;089;6;003
01;0300;090;6;003
01;0300;091;6;003
01;0300;092;6;003
01;0300;093;6;003
01;0300;094;6;003
01;0300;096;6;003
01;0300;097;6;003
01;0300;098;6;002
01;0300;099;6;008
01;0300;100;6;020+010
01;0300;101;6;015
01;0300;102;6;028
01;0300;103;6;025
01;0300;104;6;021
01;0300;105;6;023
01;0300;106;6;023+024
01;0300;107;6;006
01;0300;108;6;009
01;0300;109;6;017
01;0300;110;6;007
01;0300;111;6;001
01;0300;112;6;026
01;0300;113;6;012
01;0300;114;6;014
01;0300;115;6;005
01;0300;116;6;004+018
01;0300;117;6;027
01;0300;118;6;011
01;0300;119;6;019
01;0300;120;6;016+022
01;0300;121;6;013
01;1100;001;6;006
01;1100;002;6;006
01;1100;003;6;006
01;1100;004;6;006
01;1100;005;6;006
01;1100;006;6;006
01;1100;007;6;006
01;1100;008;6;006
01;1100;009;6;006
01;1100;010;6;006
01;1100;011;6;006
01;1100;012;6;006
01;1100;013;6;006
01;1100;014;6;006
01;1100;015;6;006
01;1100;016;6;006
01;1100;017;6;006
01;1100;018;6;006
01;1100;019;6;006
01;1100;020;6;006
01;1100;021;6;006
01;1100;022;6;006
01;1100;023;6;006
01;1100;024;6;012
01;1100;025;6;012
01;1100;026;6;012
01;1100;027;6;002
01;1100;028;6;002
01;1100;029;6;001
01;1100;030;6;005
01;1100;031;6;004
01;1100;032;6;003
01;1100;033;6;003
01;1100;034;6;003
01;1100;035;6;003
01;1100;036;6;010
01;1100;037;6;010
01;1100;038;6;010
01;1100;039;6;011
01;1100;040;6;011
01;1100;041;6;008
01;1100;042;6;013
01;1100;043;6;007
01;1300;001;6;003
01;1300;002;6;003
01;1300;003;6;001
01;1300;004;6;002
01;1300;005;6;004
01;1300;006;6;004
01;1300;007;6;005
01;1300;008;6;006
01;1300;009;6;006
01;1300;010;6;007
01;1300;011;6;008
01;1300;012;6;010
01;1300;013;6;011
01;1300;014;6;011
01;1300;015;6;012
01;1300;016;6;013
01;1300;017;6;014
01;1300;018;6;014
01;1300;019;6;015
01;1300;020;6;016
01;2800;001;6;004
01;2800;002;6;004
01;2800;003;6;004
01;2800;004;6;004
01;2800;005;6;002
01;2800;006;6;003
01;2800;007;6;006
01;2800;008;6;005
01;2800;009;6;007
01;3300;001;6;038
01;3300;002;6;038
01;3300;003;6;038
01;3300;004;6;038
01;3300;005;6;038
01;3300;006;6;038
01;3300;007;6;038
01;3300;008;6;038
01;3300;009;6;038
01;3300;010;6;038
01;3300;011;6;038
01;3300;012;6;038
01;3300;013;6;038
01;3300;014;6;038
01;3300;015;6;038
01;3300;016;6;038
01;3300;017;6;038
01;3300;018;6;038
01;3300;019;6;038
01;3300;020;6;038
01;3300;021;6;038
01;3300;022;6;038
01;3300;023;6;038
01;3300;024;6;038
01;3300;025;6;038
01;3300;026;6;038
01;3300;027;6;038
01;3300;028;6;038
01;3300;029;6;038
01;3300;030;6;038
01;3300;031;6;038
01;3300;032;6;017
01;3300;033;6;050
01;3300;034;6;035
01;3300;035;6;044
01;3300;036;6;032
01;3300;037;6;032
01;3300;038;6;027
01;3300;039;6;024
01;3300;040;6;037
01;3300;041;6;011
01;3300;042;6;030
01;3300;043;6;030
01;3300;044;6;016
01;3300;045;6;033
01;3300;046;6;053
01;3300;047;6;031
01;3300;048;6;031
01;3300;049;6;042
01;3300;050;6;042
01;3300;051;6;047
01;3300;052;6;036
01;3300;053;6;036
01;3300;054;6;041
01;3300;055;6;040
01;3300;056;6;040
01;3300;057;6;040
01;3300;058;6;021
01;3300;059;6;021
01;3300;060;6;014
01;3300;061;6;052
01;3300;062;6;034
01;3300;063;6;004
01;3300;064;6;013
01;3300;065;6;010
01;3300;066;6;001
01;3300;067;6;029
01;3300;068;6;051
01;3300;069;6;048
01;3300;070;6;012
01;3300;071;6;020
01;3300;072;6;006
01;3300;073;6;005
01;3300;074;6;039
01;3300;075;6;055
01;3300;076;6;007
01;3300;077;6;028
01;3300;078;6;019
01;3300;079;6;003
01;3300;080;6;002
01;3300;081;6;002
01;3300;082;6;026
01;3300;083;6;026
01;3300;084;6;045
01;3300;085;6;023
01;3300;086;6;054
01;3300;087;6;025
01;3300;088;6;025
01;3300;089;6;046
01;3300;090;6;046
01;3300;091;6;009
01;3300;092;6;038
01;3700;001;6;008
01;3700;002;6;008
01;3700;003;6;008
01;3700;004;6;008
01;3700;005;6;008
01;3700;006;6;008
01;3700;007;6;008
01;3700;008;6;008
01;3700;009;6;008
01;3700;010;6;008
01;3700;011;6;008
01;3700;012;6;008
01;3700;013;6;008
01;3700;014;6;008
01;3700;015;6;008
01;3700;016;6;008
01;3700;017;6;002
01;3700;018;6;002
01;3700;019;6;003
01;3700;020;6;001
01;3700;021;6;001
01;3700;022;6;001
01;3700;023;6;006
01;3700;024;6;004
01;3700;025;6;005
01;3700;026;6;007
01;3700;027;6;007
01;3700;028;6;007
01;4000;001;6;051
01;4000;002;6;051
01;4000;003;6;051
01;4000;004;6;051
01;4000;005;6;051
01;4000;006;6;051
01;4000;007;6;051
01;4000;008;6;051
01;4000;009;6;051
01;4000;010;6;051
01;4000;011;6;051
01;4000;012;6;051
01;4000;013;6;051
01;4000;014;6;051
01;4000;015;6;051
01;4000;016;6;051
01;4000;017;6;051
01;4000;018;6;051
01;4000;019;6;051
01;4000;020;6;051
01;4000;021;6;051
01;4000;022;6;051
01;4000;023;6;051
01;4000;024;6;051
01;4000;025;6;051
01;4000;026;6;051
01;4000;027;6;051
01;4000;028;6;051
01;4000;029;6;051
01;4000;030;6;051
01;4000;031;6;051
01;4000;033;6;048
01;4000;034;6;048
01;4000;035;6;027
01;4000;036;6;011
01;4000;037;6;055
01;4000;038;6;031
01;4000;039;6;035
01;4000;040;6;040
01;4000;041;6;018
01;4000;042;6;049
01;4000;043;6;049
01;4000;044;6;019
01;4000;045;6;034
01;4000;046;6;017
01;4000;047;6;017
01;4000;048;6;042
01;4000;049;6;042
01;4000;050;6;052
01;4000;051;6;052
01;4000;052;6;030
01;4000;053;6;029
01;4000;054;6;053
01;4000;055;6;057
01;4000;056;6;036
01;4000;057;6;021
01;4000;058;6;007
01;4000;059;6;059
01;4000;060;6;032
01;4000;061;6;041
01;4000;062;6;028
01;4000;063;6;056
01;4000;064;6;050
01;4000;065;6;038
01;4000;066;6;039
01;4000;067;6;013
01;4000;068;6;024
01;4000;069;6;024
01;4000;070;6;024
01;4000;071;6;022
01;4000;072;6;061
01;4000;073;6;044
01;4000;074;6;044
01;4000;075;6;012
01;4000;076;6;023
01;4000;077;6;004
01;4000;078;6;014
01;4000;079;6;046
01;4000;080;6;026
01;4000;081;6;060
01;4000;082;6;010
01;4000;083;6;045
01;4000;084;6;043
01;4200;001;6;001
01;4200;002;6;003
01;4200;003;6;003
01;4200;004;6;003
01;4200;005;6;002
01;4200;006;6;002
01;4200;007;6;004
01;4200;008;6;005
01;4200;009;6;006
01;4200;010;6;007
01;4200;011;6;007
01;4200;012;6;007
01;4200;013;6;008
01;4200;014;6;009
01;4200;015;6;010
01;4200;016;6;010
01;4200;017;6;011
01;4200;018;6;011
01;4200;019;6;012
01;4200;020;6;012
01;4200;021;6;013
01;4200;022;6;014
01;4400;001;6;014
01;4400;002;6;014
01;4400;003;6;014
01;4400;004;6;014
01;4400;005;6;014
01;4400;006;6;014
01;4400;007;6;014
01;4400;008;6;014
01;4400;009;6;014
01;4400;010;6;001
01;4400;011;6;001
01;4400;012;6;002
01;4400;013;6;006
01;4400;014;6;006
01;4400;015;6;004
01;4400;016;6;017
01;4400;017;6;007
01;4400;018;6;016
01;4400;019;6;008
01;4400;020;6;008
01;4400;021;6;008
01;4400;022;6;009
01;4400;023;6;010
01;4400;024;6;011
01;4400;025;6;012
01;4400;026;6;013
01;4400;027;6;015
01;4400;028;6;018
01;4400;029;6;018
01;4900;001;6;021
01;4900;002;6;021
01;4900;003;6;016
01;4900;004;6;016
01;4900;005;6;016
01;4900;006;6;010
01;4900;007;6;010
01;4900;008;6;008
01;4900;009;6;018
01;4900;010;6;009
01;4900;011;6;017
01;4900;012;6;015
01;4900;013;6;020
01;4900;014;6;007+013
01;4900;015;6;019
01;4900;016;6;022+006
01;4900;017;6;002
01;4900;018;6;014
01;4900;019;6;004
01;4900;020;6;012
01;4900;021;6;011
01;4900;022;6;003
01;5200;001;6;017
01;5200;002;6;017
01;5200;003;6;017
01;5200;004;6;003
01;5200;005;6;012
01;5200;006;6;014
01;5200;007;6;002
01;5200;008;6;013
01;5200;009;6;004
01;5200;010;6;008
01;5200;011;6;011
01;5200;012;6;006
01;5200;013;6;006
01;5200;014;6;001
01;5200;015;6;001
01;5200;016;6;001
01;5200;017;6;005
01;5200;018;6;007
01;5200;019;6;016
01;5200;020;6;010
01;5300;001;6;008
01;5300;002;6;008
01;5300;003;6;008
01;5300;004;6;008
01;5300;005;6;008
01;5300;006;6;008
01;5300;007;6;008
01;5300;008;6;001
01;5300;009;6;002
01;5300;010;6;005
01;5300;011;6;004
01;5300;012;6;003
01;5300;013;6;006
01;5300;014;6;007
[END]

[MAJ]
01;6;   ;02;;;Пе▓║░ С▓е┤анов С▓о┐нов и Нели Пе▓░ова К│╢кова;, ;ПСС+НПК;77014;0;1
01;6;   ;05;;;Гео░ги Седе┤╖ов П║░ванов и Ангел Иванов Ма░ин;, ;ГСП+АИМ;71703;1;2
[END]

[PROP]
[END]

[LISTI]
[END]

[PROT]
6;01;0100;001;812+1+470+470+1+1+2+0+468;237+231
6;01;0100;002;720+0+426+426+0+0+0+0+426;236+190
6;01;0100;003;809+0+460+460+2+0+2+0+458;246+212
6;01;0100;004;872+0+465+465+1+0+1+5+464;272+192
6;01;0100;005;701+1+360+360+0+0+0+0+360;209+151
6;01;0100;006;595+2+373+373+0+1+1+28+372;211+161
6;01;0100;007;671+0+371+371+1+0+1+8+370;203+167
6;01;0100;008;690+1+377+377+1+1+2+27+375;236+139
6;01;0100;009;905+0+394+394+1+0+1+0+393;201+192
6;01;0100;010;865+0+406+406+0+0+0+0+406;216+190
6;01;0100;011;860+2+501+501+0+0+0+0+501;230+271
6;01;0100;012;879+1+427+427+0+0+0+5+427;182+245
6;01;0100;013;740+0+377+377+1+0+1+0+376;141+235
6;01;0100;014;112+3+64+64+0+0+0+0+64;17+47
6;01;0100;015;126+2+101+101+0+0+0+0+101;19+82
6;01;0100;016;170+1+102+102+0+0+0+0+102;31+71
6;01;0100;017;323+0+193+193+0+0+0+6+193;65+128
6;01;0100;018;238+4+163+163+0+0+0+0+163;49+114
6;01;0100;019;453+1+299+299+9+10+19+0+280;118+162
6;01;0200;001;610+0+374+374+1+0+1+0+373;83+290
6;01;0200;002;673+0+404+404+0+0+0+0+404;58+346
6;01;0200;003;779+0+500+500+1+0+1+26+499;219+280
6;01;0200;004;726+0+420+420+1+0+1+47+419;218+201
6;01;0200;005;528+2+232+232+1+0+1+0+231;184+47
6;01;0200;006;692+3+275+275+0+0+0+0+275;178+97
6;01;0200;007;982+4+429+429+0+0+0+0+429;319+110
6;01;0200;008;798+4+273+273+0+0+0+0+273;143+130
6;01;0200;009;130+7+35+35+0+0+0+0+35;18+17
6;01;0200;010;190+3+119+119+0+0+0+0+119;96+23
6;01;0200;011;659+4+317+317+0+0+0+21+317;231+86
6;01;0200;012;31+4+35+35+0+0+0+0+35;30+5
6;01;0200;013;242+3+118+118+0+0+0+0+118;90+28
6;01;0200;014;173+3+77+77+0+0+0+0+77;32+45
6;01;0200;015;106+3+106+106+0+0+0+0+106;37+69
6;01;0200;016;179+6+65+65+0+0+0+0+65;16+49
6;01;0300;001;668+0+371+371+0+0+0+12+371;221+150
6;01;0300;002;639+1+381+381+1+0+1+15+380;190+190
6;01;0300;003;725+3+419+419+3+2+5+14+414;238+176
6;01;0300;004;707+0+401+401+0+0+0+0+401;241+160
6;01;0300;005;786+1+405+405+0+0+0+0+405;202+203
6;01;0300;006;651+2+355+355+0+0+0+20+355;182+173
6;01;0300;007;729+0+355+355+0+0+0+29+355;197+158
6;01;0300;008;770+0+385+385+1+2+3+0+382;218+164
6;01;0300;009;795+1+313+313+0+0+0+21+313;199+114
6;01;0300;010;782+0+355+355+1+0+1+24+354;213+141
6;01;0300;011;661+2+375+375+0+1+1+20+374;190+184
6;01;0300;012;766+1+410+410+0+0+0+25+410;247+163
6;01;0300;013;609+12+364+364+0+2+2+18+362;182+180
6;01;0300;014;653+2+429+429+0+1+1+19+428;263+165
6;01;0300;015;662+0+371+371+1+0+1+11+370;225+145
6;01;0300;016;504+2+328+328+1+1+2+19+326;186+140
6;01;0300;017;501+0+301+301+0+0+0+17+301;185+116
6;01;0300;018;642+3+384+384+0+0+0+20+384;198+186
6;01;0300;019;757+2+419+419+1+0+1+0+418;234+184
6;01;0300;020;655+0+394+394+0+0+0+19+394;211+183
6;01;0300;021;694+0+389+389+3+1+4+0+385;192+193
6;01;0300;022;763+0+414+414+1+0+1+0+413;220+193
6;01;0300;023;383+0+139+139+0+1+1+5+138;76+62
6;01;0300;024;563+0+343+343+0+0+0+19+343;242+101
6;01;0300;025;465+0+285+285+0+0+0+0+285;177+108
6;01;0300;026;648+1+417+417+0+1+1+0+416;237+179
6;01;0300;027;668+0+426+426+1+0+1+0+425;242+183
6;01;0300;028;407+3+251+251+0+0+0+10+251;147+104
6;01;0300;029;675+2+403+403+2+0+2+11+401;233+168
6;01;0300;030;543+1+270+270+2+0+2+12+268;137+131
6;01;0300;031;600+3+331+331+0+0+0+23+331;162+169
6;01;0300;032;415+1+232+232+0+0+0+0+232;137+95
6;01;0300;033;272+5+41+41+0+0+0+0+41;28+13
6;01;0300;034;696+1+413+413+1+1+2+13+411;216+195
6;01;0300;035;621+7+380+380+1+1+2+16+378;220+158
6;01;0300;036;607+0+380+380+0+1+1+16+379;202+177
6;01;0300;037;505+1+329+329+1+0+1+0+328;170+158
6;01;0300;038;465+0+271+271+0+0+0+13+271;146+125
6;01;0300;039;428+5+273+273+1+1+2+12+271;173+98
6;01;0300;040;567+0+330+330+1+2+3+15+327;183+144
6;01;0300;041;780+2+478+478+1+0+1+8+477;265+212
6;01;0300;042;764+0+433+433+0+1+1+26+432;261+171
6;01;0300;043;694+0+427+427+0+0+0+28+427;232+195
6;01;0300;044;731+1+438+438+0+1+1+0+437;210+227
6;01;0300;045;805+1+467+467+2+0+2+26+465;218+247
6;01;0300;046;615+1+358+358+0+0+0+10+358;189+169
6;01;0300;047;749+0+373+373+1+0+1+8+372;209+163
6;01;0300;048;661+0+385+385+1+0+1+0+384;179+205
6;01;0300;049;766+0+449+449+0+0+0+0+449;227+222
6;01;0300;050;737+1+420+420+0+0+0+19+420;190+230
6;01;0300;051;657+6+409+409+0+0+0+0+409;188+221
6;01;0300;052;700+0+399+399+0+0+0+15+399;179+220
6;01;0300;053;441+0+224+224+0+0+0+9+224;157+67
6;01;0300;054;612+0+355+355+0+0+0+0+355;230+125
6;01;0300;055;645+1+378+378+0+1+1+15+377;204+173
6;01;0300;056;547+1+290+290+2+1+3+0+287;170+117
6;01;0300;057;532+0+305+305+0+0+0+15+305;181+124
6;01;0300;058;616+0+350+350+0+0+0+0+350;220+130
6;01;0300;059;709+0+353+353+2+1+3+29+350;222+128
6;01;0300;060;570+0+283+283+0+0+0+9+283;144+139
6;01;0300;061;766+0+413+413+0+0+0+26+413;281+132
6;01;0300;062;689+0+320+320+0+0+0+7+320;171+149
6;01;0300;063;728+0+368+368+0+1+1+0+367;225+142
6;01;0300;064;800+3+409+409+0+0+0+20+409;258+151
6;01;0300;065;798+0+383+383+1+0+1+26+382;248+134
6;01;0300;066;742+3+409+409+2+0+2+0+407;242+165
6;01;0300;067;591+0+284+284+0+0+0+10+284;205+79
6;01;0300;068;536+2+272+272+0+0+0+0+272;171+101
6;01;0300;069;623+0+262+262+0+0+0+10+262;167+95
6;01;0300;070;667+1+282+282+0+0+0+0+282;183+99
6;01;0300;071;675+1+278+278+0+0+0+16+278;163+115
6;01;0300;072;606+0+294+294+2+0+2+0+292;175+117
6;01;0300;073;698+4+291+291+0+0+0+7+291;163+128
6;01;0300;074;561+1+229+229+0+1+1+0+228;122+106
6;01;0300;075;734+0+378+378+0+0+0+8+378;204+174
6;01;0300;076;735+1+352+352+0+1+1+0+351;148+203
6;01;0300;077;663+0+316+316+1+0+1+15+315;193+122
6;01;0300;078;669+0+295+295+2+0+2+0+293;187+106
6;01;0300;079;599+1+310+310+1+0+1+0+309;180+129
6;01;0300;080;561+0+269+269+0+1+1+0+268;149+119
6;01;0300;081;512+0+233+233+1+0+1+5+232;133+99
6;01;0300;082;671+0+298+298+0+0+0+0+298;159+139
6;01;0300;083;761+0+346+346+1+0+1+17+345;213+132
6;01;0300;084;580+0+293+293+1+0+1+0+292;172+120
6;01;0300;085;591+1+297+297+0+0+0+0+297;153+144
6;01;0300;086;597+0+310+310+0+0+0+6+310;180+130
6;01;0300;087;478+1+224+224+0+0+0+7+224;150+74
6;01;0300;088;519+1+214+214+0+0+0+0+214;98+116
6;01;0300;089;625+0+287+287+0+0+0+0+287;168+119
6;01;0300;090;538+1+251+251+0+0+0+11+251;149+102
6;01;0300;091;591+0+282+282+1+0+1+8+281;200+81
6;01;0300;092;497+0+224+224+1+0+1+0+223;145+78
6;01;0300;093;418+0+171+171+0+0+0+0+171;93+78
6;01;0300;094;385+1+162+162+0+0+0+7+162;83+79
6;01;0300;096;855+0+453+453+0+0+0+10+453;241+212
6;01;0300;097;120+1+24+24+1+0+1+1+23;13+10
6;01;0300;098;103+2+17+17+0+0+0+0+17;8+9
6;01;0300;099;140+2+108+108+0+0+0+9+108;15+93
6;01;0300;100;105+3+68+68+0+0+0+4+68;14+54
6;01;0300;101;435+2+240+240+0+0+0+0+240;120+120
6;01;0300;102;455+0+306+306+0+3+3+5+303;150+153
6;01;0300;103;696+0+349+349+0+1+1+0+348;188+160
6;01;0300;104;50+3+35+35+0+0+0+0+35;8+27
6;01;0300;105;630+0+386+386+0+0+0+30+386;240+146
6;01;0300;106;35+2+10+10+0+0+0+0+10;6+4
6;01;0300;107;81+2+56+56+1+0+1+0+55;11+44
6;01;0300;108;42+3+24+24+0+0+0+0+24;4+20
6;01;0300;109;171+4+112+112+0+0+0+0+112;53+59
6;01;0300;110;73+1+57+57+1+0+1+0+56;13+43
6;01;0300;111;481+2+281+281+2+0+2+12+279;110+169
6;01;0300;112;661+1+362+362+0+0+0+22+362;191+171
6;01;0300;113;119+1+49+49+0+0+0+0+49;15+34
6;01;0300;114;189+1+145+145+0+2+2+8+143;79+64
6;01;0300;115;243+1+146+146+1+0+1+2+145;43+102
6;01;0300;116;130+0+54+54+1+0+1+4+53;13+40
6;01;0300;117;317+5+216+216+0+0+0+11+216;49+167
6;01;0300;118;95+1+57+57+0+0+0+0+57;9+48
6;01;0300;119;279+2+159+159+0+0+0+12+159;49+110
6;01;0300;120;47+4+25+25+0+1+1+1+24;5+19
6;01;0300;121;114+0+61+61+0+0+0+0+61;23+38
6;01;1100;001;957+0+488+488+0+0+0+0+488;149+339
6;01;1100;002;912+0+412+412+0+0+0+0+412;219+193
6;01;1100;003;721+2+392+392+0+0+0+0+392;194+198
6;01;1100;004;781+0+384+384+1+0+1+0+383;169+214
6;01;1100;005;757+2+408+408+2+0+2+8+406;182+224
6;01;1100;006;675+1+362+362+1+0+1+19+361;141+220
6;01;1100;007;661+0+375+375+0+1+1+0+374;216+158
6;01;1100;008;814+1+463+463+1+0+1+12+462;233+229
6;01;1100;009;653+0+390+390+0+0+0+0+390;169+221
6;01;1100;010;704+0+383+383+1+1+2+0+381;194+187
6;01;1100;011;763+0+413+413+0+0+0+17+413;172+241
6;01;1100;012;687+1+344+344+1+0+1+22+343;166+177
6;01;1100;013;758+0+351+351+0+1+1+0+350;159+191
6;01;1100;014;725+0+277+277+0+0+0+0+277;139+138
6;01;1100;015;843+4+306+306+1+1+2+0+304;152+152
6;01;1100;016;664+0+261+261+0+0+0+0+261;109+152
6;01;1100;017;748+0+263+263+0+0+0+0+263;127+136
6;01;1100;018;852+0+332+332+0+0+0+0+332;150+182
6;01;1100;019;774+0+251+251+2+0+2+0+249;47+202
6;01;1100;020;798+0+401+401+0+2+2+0+399;220+179
6;01;1100;021;940+6+475+475+0+1+1+0+474;247+227
6;01;1100;022;911+1+423+423+0+0+0+0+423;215+208
6;01;1100;023;64+0+24+24+0+0+0+0+24;10+14
6;01;1100;024;680+0+339+339+0+0+0+0+339;161+178
6;01;1100;025;628+1+282+282+0+0+0+0+282;174+108
6;01;1100;026;533+1+271+271+0+0+0+19+271;155+116
6;01;1100;027;504+0+282+282+0+0+0+0+282;85+197
6;01;1100;028;455+14+260+260+1+0+1+0+259;67+192
6;01;1100;029;569+1+283+283+0+1+1+23+282;120+162
6;01;1100;030;321+0+195+195+0+0+0+0+195;104+91
6;01;1100;031;669+2+262+262+0+0+0+0+262;66+196
6;01;1100;032;608+7+124+124+0+0+0+0+124;45+79
6;01;1100;033;605+1+198+198+0+0+0+0+198;103+95
6;01;1100;034;705+0+172+172+0+0+0+0+172;86+86
6;01;1100;035;656+5+198+198+0+0+0+0+198;109+89
6;01;1100;036;401+10+190+190+0+0+0+0+190;151+39
6;01;1100;037;448+1+182+182+0+0+0+0+182;145+37
6;01;1100;038;452+4+157+157+0+0+0+0+157;139+18
6;01;1100;039;535+0+227+227+1+0+1+0+226;125+101
6;01;1100;040;509+0+172+172+0+0+0+0+172;91+81
6;01;1100;041;54+1+35+35+0+0+0+0+35;16+19
6;01;1100;042;37+0+19+19+0+0+0+0+19;6+13
6;01;1100;043;89+1+71+71+0+0+0+4+71;40+31
6;01;1300;001;536+2+289+289+0+0+0+0+289;124+165
6;01;1300;002;852+0+446+446+0+0+0+0+446;100+346
6;01;1300;003;230+0+123+123+0+0+0+0+123;55+68
6;01;1300;004;786+1+296+296+1+0+1+0+295;173+122
6;01;1300;005;732+0+266+266+0+0+0+0+266;157+109
6;01;1300;006;854+0+265+265+0+0+0+0+265;171+94
6;01;1300;007;854+0+243+243+1+0+1+0+242;132+110
6;01;1300;008;665+0+225+225+2+0+2+0+223;106+117
6;01;1300;009;611+0+178+178+1+0+1+0+177;34+143
6;01;1300;010;57+0+41+41+0+0+0+0+41;14+27
6;01;1300;011;212+0+89+89+0+0+0+0+89;42+47
6;01;1300;012;156+0+102+102+0+0+0+0+102;39+63
6;01;1300;013;618+0+274+274+0+0+0+5+274;113+161
6;01;1300;014;693+0+292+292+0+0+0+20+292;109+183
6;01;1300;015;313+9+150+150+0+0+0+0+150;112+38
6;01;1300;016;460+0+261+261+1+0+1+0+260;208+52
6;01;1300;017;810+0+454+454+0+0+0+0+454;125+329
6;01;1300;018;881+0+414+414+0+0+0+0+414;188+226
6;01;1300;019;251+0+190+190+0+0+0+0+190;95+95
6;01;1300;020;477+0+165+165+0+0+0+0+165;95+70
6;01;2800;001;718+0+393+393+1+0+1+28+392;248+144
6;01;2800;002;670+0+346+346+1+0+1+0+345;161+184
6;01;2800;003;969+0+609+609+1+0+1+0+608;358+250
6;01;2800;004;923+0+512+512+1+1+2+0+510;331+179
6;01;2800;005;637+0+428+428+0+0+0+0+428;188+240
6;01;2800;006;656+0+420+420+0+0+0+0+420;253+167
6;01;2800;007;528+1+324+324+1+0+1+0+323;121+202
6;01;2800;008;110+4+80+80+0+0+0+0+80;46+34
6;01;2800;009;85+2+66+66+0+0+0+0+66;34+32
6;01;3300;001;865+0+448+448+1+0+1+0+447;298+149
6;01;3300;002;732+0+471+471+0+0+0+34+471;292+179
6;01;3300;003;867+2+485+485+0+1+1+0+484;289+195
6;01;3300;004;931+0+583+585+0+0+0+33+585;365+220
6;01;3300;005;940+3+555+555+4+0+4+18+551;307+244
6;01;3300;006;917+1+462+462+1+0+1+0+461;279+182
6;01;3300;007;915+0+518+518+0+1+1+28+517;317+200
6;01;3300;008;890+0+502+502+0+0+0+0+502;267+235
6;01;3300;009;929+0+488+488+0+0+0+10+488;359+129
6;01;3300;010;927+0+483+483+0+0+0+0+483;323+160
6;01;3300;011;850+0+388+388+1+0+1+0+387;256+131
6;01;3300;012;768+2+369+369+0+0+0+0+369;234+135
6;01;3300;013;825+1+412+412+0+0+0+0+412;226+186
6;01;3300;014;739+1+318+318+0+0+0+12+318;229+89
6;01;3300;015;784+0+334+334+1+0+1+15+333;215+118
6;01;3300;016;924+0+505+505+1+0+1+0+504;342+162
6;01;3300;017;746+8+336+336+0+0+0+6+336;189+147
6;01;3300;018;883+0+468+468+1+1+2+0+466;291+175
6;01;3300;019;841+0+476+476+4+1+5+18+471;286+185
6;01;3300;020;771+0+482+482+1+0+1+0+481;261+220
6;01;3300;021;712+0+424+424+0+0+0+0+424;257+167
6;01;3300;022;738+0+450+450+0+0+0+40+450;280+170
6;01;3300;023;780+0+406+406+0+0+0+22+406;242+164
6;01;3300;024;875+1+493+493+0+1+1+0+492;281+211
6;01;3300;025;460+0+200+200+0+0+0+0+200;148+52
6;01;3300;026;401+5+145+145+0+0+0+0+145;95+50
6;01;3300;027;384+0+109+109+0+0+0+5+109;67+42
6;01;3300;028;565+0+222+222+0+0+0+0+222;156+66
6;01;3300;029;916+0+354+354+0+0+0+0+354;211+143
6;01;3300;030;931+0+303+303+1+0+1+6+302;185+117
6;01;3300;031;851+1+422+422+0+1+1+0+421;238+183
6;01;3300;032;425+1+230+230+0+0+0+0+230;151+79
6;01;3300;033;680+5+435+435+0+0+0+3+435;272+163
6;01;3300;034;262+2+200+200+0+0+0+0+200;102+98
6;01;3300;035;243+0+157+157+0+0+0+0+157;107+50
6;01;3300;036;562+3+276+276+0+0+0+0+276;144+132
6;01;3300;037;575+1+302+302+0+2+2+20+300;125+175
6;01;3300;038;159+1+128+128+0+0+0+0+128;56+72
6;01;3300;039;228+2+159+159+1+0+1+0+158;77+81
6;01;3300;040;174+0+136+136+0+0+0+0+136;55+81
6;01;3300;041;609+3+323+323+0+0+0+0+323;122+201
6;01;3300;042;401+1+238+238+1+0+1+0+237;105+132
6;01;3300;043;368+0+226+226+0+0+0+0+226;94+132
6;01;3300;044;152+0+111+111+0+1+1+0+110;35+75
6;01;3300;045;286+1+215+215+0+0+0+0+215;115+100
6;01;3300;046;203+0+174+174+1+0+1+0+173;80+93
6;01;3300;047;796+1+463+463+0+0+0+0+463;205+258
6;01;3300;048;756+0+472+472+1+1+2+0+470;167+303
6;01;3300;049;491+1+286+286+0+0+0+10+286;160+126
6;01;3300;050;439+0+243+243+0+0+0+0+243;132+111
6;01;3300;051;570+0+356+356+0+0+0+0+356;164+192
6;01;3300;052;510+0+295+295+0+0+0+0+295;97+198
6;01;3300;053;463+1+242+242+0+0+0+0+242;61+181
6;01;3300;054;174+5+114+114+0+0+0+0+114;65+49
6;01;3300;055;881+0+449+449+2+0+2+27+447;131+316
6;01;3300;056;823+0+480+480+0+0+0+0+480;136+344
6;01;3300;057;849+0+452+452+2+0+2+0+450;122+328
6;01;3300;058;570+5+316+316+1+0+1+0+315;95+220
6;01;3300;059;536+0+294+294+0+0+0+0+294;76+218
6;01;3300;060;338+1+202+202+0+0+0+0+202;108+94
6;01;3300;061;237+0+110+110+0+0+0+5+110;36+74
6;01;3300;062;107+0+103+103+0+0+0+0+103;69+34
6;01;3300;063;98+0+72+72+0+0+0+0+72;16+56
6;01;3300;064;226+0+133+133+0+0+0+0+133;32+101
6;01;3300;065;329+0+219+219+0+0+0+0+219;69+150
6;01;3300;066;105+0+58+58+0+0+0+0+58;7+51
6;01;3300;067;75+2+51+51+1+0+1+0+50;18+32
6;01;3300;068;85+0+51+51+0+0+0+0+51;23+28
6;01;3300;069;330+0+221+221+0+0+0+0+221;95+126
6;01;3300;070;54+0+42+42+0+1+1+0+41;11+30
6;01;3300;071;62+0+41+41+0+0+0+0+41;24+17
6;01;3300;072;30+0+29+29+0+0+0+0+29;5+24
6;01;3300;073;89+1+71+71+0+0+0+0+71;13+58
6;01;3300;074;105+0+72+72+0+0+0+0+72;32+40
6;01;3300;075;105+1+79+79+0+0+0+0+79;28+51
6;01;3300;076;49+2+42+42+0+0+0+0+42;6+36
6;01;3300;077;24+0+21+21+0+0+0+0+21;3+18
6;01;3300;078;172+3+112+112+0+0+0+0+112;40+72
6;01;3300;079;53+3+48+48+0+0+0+0+48;44+4
6;01;3300;080;467+5+285+285+0+0+0+0+285;170+115
6;01;3300;081;480+10+291+291+0+0+0+8+291;155+136
6;01;3300;082;897+0+569+569+0+0+0+0+569;320+249
6;01;3300;083;896+0+558+558+5+0+5+0+553;320+233
6;01;3300;084;755+0+469+469+0+1+1+0+468;284+184
6;01;3300;085;309+1+194+194+0+0+0+0+194;91+103
6;01;3300;086;769+1+457+457+1+0+1+0+456;223+233
6;01;3300;087;479+1+306+306+0+0+0+0+306;182+124
6;01;3300;088;421+10+237+237+0+2+2+0+235;120+115
6;01;3300;089;363+1+178+178+0+0+0+8+178;95+83
6;01;3300;090;582+1+284+284+1+0+1+0+283;185+98
6;01;3300;091;661+4+431+431+4+0+4+0+427;276+151
6;01;3300;092;50+0+10+10+0+0+0+0+10;5+5
6;01;3700;001;761+0+518+518+1+1+2+0+516;264+252
6;01;3700;002;692+0+445+445+0+0+0+2+445;216+229
6;01;3700;003;811+0+528+528+0+0+0+21+528;254+274
6;01;3700;004;766+0+528+528+2+2+4+29+524;320+204
6;01;3700;005;579+0+353+353+2+0+2+24+351;220+131
6;01;3700;006;630+0+430+430+3+1+4+0+426;221+205
6;01;3700;007;577+1+413+413+2+0+2+31+411;203+208
6;01;3700;008;968+2+649+649+0+1+1+41+648;326+322
6;01;3700;009;763+0+502+502+0+0+0+19+502;251+251
6;01;3700;010;687+0+380+380+1+0+1+0+379;227+152
6;01;3700;011;509+0+319+319+1+0+1+0+318;153+165
6;01;3700;012;721+1+467+467+2+1+3+22+464;229+235
6;01;3700;013;609+0+395+395+3+3+6+0+389;230+159
6;01;3700;014;727+0+469+469+1+0+1+34+468;277+191
6;01;3700;015;973+0+536+536+1+2+3+45+533;208+325
6;01;3700;016;56+0+23+23+0+1+1+0+22;16+6
6;01;3700;017;741+0+548+548+0+0+0+35+548;307+241
6;01;3700;018;755+0+563+563+0+0+0+37+563;258+305
6;01;3700;019;495+1+414+414+1+2+3+18+411;167+244
6;01;3700;020;709+0+458+458+1+0+1+22+457;221+236
6;01;3700;021;702+0+468+468+1+3+4+26+464;215+249
6;01;3700;022;861+15+524+524+1+2+3+33+521;213+308
6;01;3700;023;554+0+384+384+0+0+0+20+384;149+235
6;01;3700;024;924+0+627+627+2+0+2+52+625;253+372
6;01;3700;025;560+10+429+429+0+1+1+0+428;175+253
6;01;3700;026;375+1+245+245+0+0+0+0+245;105+140
6;01;3700;027;459+0+285+285+0+1+1+0+284;107+177
6;01;3700;028;612+0+377+377+0+0+0+0+377;147+230
6;01;4000;001;707+0+310+310+0+0+0+0+310;159+151
6;01;4000;002;757+0+311+311+0+1+1+8+310;150+160
6;01;4000;003;920+0+485+485+0+0+0+19+485;274+211
6;01;4000;004;940+0+482+482+0+1+1+0+481;267+214
6;01;4000;005;768+0+435+435+0+1+1+23+434;216+218
6;01;4000;006;898+1+502+502+0+1+1+21+501;284+217
6;01;4000;007;874+2+539+539+0+0+0+26+539;250+289
6;01;4000;008;722+0+384+384+0+0+0+0+384;236+148
6;01;4000;009;458+0+258+258+0+0+0+4+258;126+132
6;01;4000;010;495+0+249+249+0+0+0+0+249;138+111
6;01;4000;011;783+0+415+415+2+0+2+12+413;209+204
6;01;4000;012;748+0+458+458+1+0+1+0+457;296+161
6;01;4000;013;920+6+531+531+0+1+1+0+530;315+215
6;01;4000;014;888+0+449+449+0+0+0+0+449;310+139
6;01;4000;015;582+2+311+311+1+0+1+0+310;183+127
6;01;4000;016;779+5+468+468+2+0+2+0+466;285+181
6;01;4000;017;760+2+452+452+0+0+0+23+452;217+235
6;01;4000;018;842+1+499+499+0+1+1+0+498;296+202
6;01;4000;019;755+1+437+437+1+0+1+9+436;234+202
6;01;4000;020;724+4+403+403+0+1+1+0+402;236+166
6;01;4000;021;715+1+416+416+0+0+0+23+416;226+190
6;01;4000;022;400+0+237+237+1+0+1+0+236;132+104
6;01;4000;023;784+0+443+443+0+0+0+0+443;212+231
6;01;4000;024;893+1+409+409+0+0+0+23+409;210+199
6;01;4000;025;342+0+186+186+0+0+0+3+186;79+107
6;01;4000;026;523+0+221+221+0+0+0+0+221;138+83
6;01;4000;027;944+5+456+456+0+0+0+0+456;233+223
6;01;4000;028;658+0+291+291+0+1+1+1+290;136+154
6;01;4000;029;630+0+300+300+0+0+0+20+300;161+139
6;01;4000;030;962+0+384+384+0+0+0+0+384;213+171
6;01;4000;031;608+0+262+262+1+0+1+12+261;140+121
6;01;4000;033;347+1+193+193+0+0+0+0+193;129+64
6;01;4000;034;370+0+223+223+0+0+0+0+223;139+84
6;01;4000;035;42+2+29+29+0+0+0+0+29;15+14
6;01;4000;036;289+0+128+128+0+0+0+0+128;52+76
6;01;4000;037;511+2+291+291+0+0+0+0+291;210+81
6;01;4000;038;241+2+191+191+0+0+0+0+191;113+78
6;01;4000;039;278+0+143+143+0+0+0+0+143;77+66
6;01;4000;040;37+1+18+18+0+0+0+0+18;2+16
6;01;4000;041;59+1+31+31+0+0+0+0+31;15+16
6;01;4000;042;462+0+210+210+0+0+0+0+210;94+116
6;01;4000;043;419+0+221+221+0+0+0+0+221;118+103
6;01;4000;044;581+3+310+310+0+0+0+0+310;114+196
6;01;4000;045;662+0+436+436+0+0+0+0+436;270+166
6;01;4000;046;489+1+240+240+0+0+0+24+240;100+140
6;01;4000;047;541+1+292+292+2+0+2+0+290;124+166
6;01;4000;048;561+2+253+253+0+0+0+0+253;102+151
6;01;4000;049;451+1+214+214+0+0+0+0+214;92+122
6;01;4000;050;617+0+251+251+0+0+0+0+251;114+137
6;01;4000;051;582+1+273+273+0+1+1+0+272;138+134
6;01;4000;052;211+1+135+135+0+0+0+0+135;51+84
6;01;4000;053;47+0+36+36+0+0+0+0+36;10+26
6;01;4000;054;134+1+95+95+0+1+1+5+94;24+70
6;01;4000;055;130+2+91+91+1+0+1+0+90;39+51
6;01;4000;056;100+0+76+76+0+0+0+0+76;20+56
6;01;4000;057;81+4+47+47+0+0+0+0+47;32+15
6;01;4000;058;124+3+103+103+0+0+0+0+103;21+82
6;01;4000;059;303+2+187+187+0+0+0+0+187;37+150
6;01;4000;060;663+0+358+358+0+0+0+36+358;104+254
6;01;4000;061;216+1+136+136+0+0+0+0+136;66+70
6;01;4000;062;56+0+34+34+0+0+0+0+34;8+26
6;01;4000;063;47+1+30+30+0+0+0+0+30;6+24
6;01;4000;064;21+0+15+15+0+0+0+0+15;1+14
6;01;4000;065;49+0+34+34+0+0+0+0+34;12+22
6;01;4000;066;51+2+31+31+0+1+1+0+30;9+21
6;01;4000;067;63+3+34+34+0+0+0+0+34;21+13
6;01;4000;068;392+1+242+242+0+0+0+0+242;72+170
6;01;4000;069;453+4+263+263+0+0+0+0+263;100+163
6;01;4000;070;612+1+373+373+1+1+2+0+371;83+288
6;01;4000;071;24+1+15+15+0+0+0+0+15;7+8
6;01;4000;072;185+0+116+116+0+0+0+9+116;33+83
6;01;4000;073;397+1+205+205+0+0+0+16+205;88+117
6;01;4000;074;371+0+201+201+0+0+0+0+201;73+128
6;01;4000;075;124+0+90+90+0+0+0+0+90;50+40
6;01;4000;076;278+0+170+170+0+0+0+0+170;46+124
6;01;4000;077;21+3+18+18+0+0+0+0+18;4+14
6;01;4000;078;135+0+79+79+0+0+0+3+79;18+61
6;01;4000;079;329+0+165+165+0+0+0+0+165;18+147
6;01;4000;080;31+5+30+30+0+0+0+0+30;4+26
6;01;4000;081;69+2+44+44+0+0+0+0+44;13+31
6;01;4000;082;173+0+125+125+0+0+0+0+125;50+75
6;01;4000;083;34+1+29+29+0+0+0+0+29;10+19
6;01;4000;084;125+1+99+99+0+0+0+0+99;43+56
6;01;4200;001;329+0+120+120+0+0+0+0+120;53+67
6;01;4200;002;600+0+142+142+0+0+0+0+142;46+96
6;01;4200;003;619+0+232+232+0+0+0+0+232;43+189
6;01;4200;004;643+1+314+314+0+0+0+0+314;43+271
6;01;4200;005;495+0+199+199+0+1+1+3+198;120+78
6;01;4200;006;471+0+209+209+0+0+0+0+209;134+75
6;01;4200;007;888+9+419+419+1+1+2+0+417;212+205
6;01;4200;008;318+1+143+143+0+0+0+6+143;74+69
6;01;4200;009;276+1+155+155+0+0+0+0+155;101+54
6;01;4200;010;799+0+310+310+0+0+0+0+310;186+124
6;01;4200;011;739+0+287+287+0+1+1+0+286;128+158
6;01;4200;012;782+0+331+331+0+0+0+16+331;195+136
6;01;4200;013;297+0+186+186+0+0+0+0+186;93+93
6;01;4200;014;449+0+202+202+0+1+1+0+201;52+149
6;01;4200;015;738+0+316+316+0+0+0+0+316;163+153
6;01;4200;016;714+0+204+204+0+0+0+0+204;120+84
6;01;4200;017;947+0+485+485+1+0+1+0+484;242+242
6;01;4200;018;845+0+415+415+0+0+0+33+415;133+282
6;01;4200;019;654+11+249+249+0+0+0+0+249;128+121
6;01;4200;020;930+0+310+310+0+1+1+0+309;182+127
6;01;4200;021;620+1+302+302+0+0+0+0+302;190+112
6;01;4200;022;340+2+216+216+0+0+0+0+216;80+136
6;01;4400;001;611+0+314+314+3+0+3+20+311;121+190
6;01;4400;002;761+0+451+451+0+1+1+20+450;209+241
6;01;4400;003;561+0+339+339+1+0+1+0+338;129+209
6;01;4400;004;643+1+314+314+2+0+2+0+312;225+87
6;01;4400;005;870+0+438+438+1+1+2+23+436;213+223
6;01;4400;006;659+1+379+379+1+1+2+27+377;160+217
6;01;4400;007;640+0+278+278+0+0+0+18+278;141+137
6;01;4400;008;641+3+375+375+1+2+3+18+372;227+145
6;01;4400;009;536+0+277+277+0+0+0+0+277;142+135
6;01;4400;010;364+0+216+216+1+0+1+0+215;124+91
6;01;4400;011;477+0+289+289+0+0+0+0+289;142+147
6;01;4400;012;30+7+22+22+0+0+0+2+22;11+11
6;01;4400;013;700+0+429+429+0+0+0+0+429;324+105
6;01;4400;014;331+0+192+192+0+0+0+0+192;155+37
6;01;4400;015;226+2+124+124+0+1+1+13+123;49+74
6;01;4400;016;36+2+13+13+0+0+0+0+13;8+5
6;01;4400;017;299+1+202+202+0+0+0+17+202;122+80
6;01;4400;018;116+1+80+80+0+1+1+6+79;28+51
6;01;4400;019;785+3+384+384+2+0+2+0+382;206+176
6;01;4400;020;591+0+275+275+0+0+0+0+275;146+129
6;01;4400;021;452+1+225+225+1+0+1+10+224;117+107
6;01;4400;022;47+1+31+31+0+0+0+0+31;10+21
6;01;4400;023;671+0+330+330+1+0+1+21+329;177+152
6;01;4400;024;620+1+355+355+0+0+0+25+355;191+164
6;01;4400;025;151+0+88+88+0+0+0+0+88;46+42
6;01;4400;026;54+5+34+34+1+0+1+0+33;14+19
6;01;4400;027;38+4+27+27+0+0+0+0+27;10+17
6;01;4400;028;500+1+320+320+1+1+2+0+318;182+136
6;01;4400;029;399+1+207+207+1+2+3+19+204;114+90
6;01;4900;001;347+1+183+183+1+0+1+10+182;110+72
6;01;4900;002;488+1+292+292+0+1+1+0+291;158+133
6;01;4900;003;699+0+394+394+0+3+3+22+391;201+190
6;01;4900;004;522+0+281+281+0+0+0+30+281;149+132
6;01;4900;005;408+0+181+181+0+1+1+0+180;105+75
6;01;4900;006;391+0+219+219+0+0+0+0+219;163+56
6;01;4900;007;448+2+258+258+1+2+3+0+255;195+60
6;01;4900;008;149+2+109+109+1+0+1+0+108;71+37
6;01;4900;009;72+0+46+46+0+0+0+0+46;16+30
6;01;4900;010;420+0+247+247+0+0+0+11+247;87+160
6;01;4900;011;153+0+101+101+0+0+0+0+101;35+66
6;01;4900;012;60+0+50+50+0+0+0+0+50;5+45
6;01;4900;013;78+0+46+46+0+0+0+0+46;5+41
6;01;4900;014;299+2+160+160+0+0+0+0+160;59+101
6;01;4900;015;277+10+151+151+1+0+1+0+150;43+107
6;01;4900;016;351+0+207+207+0+0+0+0+207;67+140
6;01;4900;017;34+0+34+34+0+0+0+0+34;19+15
6;01;4900;018;61+0+44+44+0+0+0+0+44;20+24
6;01;4900;019;105+0+80+80+0+0+0+0+80;13+67
6;01;4900;020;77+0+56+56+0+0+0+0+56;17+39
6;01;4900;021;142+0+110+110+0+0+0+0+110;47+63
6;01;4900;022;151+0+106+106+0+0+0+0+106;45+61
6;01;5200;001;731+0+415+415+0+0+0+20+415;149+266
6;01;5200;002;872+1+550+550+1+0+1+0+549;164+385
6;01;5200;003;800+3+480+480+3+0+3+0+477;179+298
6;01;5200;004;539+6+181+181+0+0+0+7+181;97+84
6;01;5200;005;179+0+114+114+0+1+1+15+113;24+89
6;01;5200;006;406+3+221+221+0+0+0+0+221;141+80
6;01;5200;007;603+1+365+365+0+0+0+0+365;238+127
6;01;5200;008;452+0+272+272+0+0+0+9+272;60+212
6;01;5200;009;120+0+77+77+0+0+0+0+77;31+46
6;01;5200;010;103+7+65+65+0+0+0+0+65;27+38
6;01;5200;011;28+3+21+21+0+0+0+1+21;4+17
6;01;5200;012;709+0+390+390+1+1+2+0+388;165+223
6;01;5200;013;567+0+333+333+1+1+2+0+331;186+145
6;01;5200;014;737+1+352+352+1+0+1+0+351;213+138
6;01;5200;015;647+1+389+389+0+0+0+0+389;195+194
6;01;5200;016;630+2+340+340+1+0+1+0+339;225+114
6;01;5200;017;169+0+132+132+2+0+2+0+130;50+80
6;01;5200;018;90+2+73+73+0+1+1+9+72;12+60
6;01;5200;019;315+2+185+185+0+0+0+0+185;68+117
6;01;5200;020;464+4+242+242+0+0+0+0+242;122+120
6;01;5300;001;705+0+323+323+0+0+0+29+323;177+146
6;01;5300;002;603+0+243+243+0+0+0+0+243;165+78
6;01;5300;003;735+0+368+368+1+1+2+0+366;118+248
6;01;5300;004;890+0+398+398+2+0+2+0+396;253+143
6;01;5300;005;706+0+308+308+0+0+0+0+308;171+137
6;01;5300;006;730+0+347+347+0+0+0+0+347;249+98
6;01;5300;007;659+3+231+231+0+0+0+19+231;157+74
6;01;5300;008;544+2+209+209+1+0+1+0+208;115+93
6;01;5300;009;451+1+195+195+0+0+0+0+195;116+79
6;01;5300;010;454+5+194+194+0+1+1+0+193;148+45
6;01;5300;011;774+1+377+377+0+0+0+0+377;252+125
6;01;5300;012;425+1+253+253+0+0+0+0+253;227+26
6;01;5300;013;310+2+144+144+0+0+0+0+144;95+49
6;01;5300;014;871+2+460+460+1+0+1+12+459;297+162
[END]

[AGGR]
01;6;   ;2+537+537+280490+649+149056+149058+210+131+341+3022+148717;77014+71703
[END]
