[INFO]
02;Б│░га▒;301
[END]

[IZB]
02;6;   ;;18.11.2001;2;2;695
[END]

[NM]
0201;001;г░. Ай▓о▒;00151;00
0201;002;▒. Д░┐нкове╢;23889;00
0201;003;▒. Зе▓╝ово;30805;00
0201;004;▒. Ка░агео░гиево;36227;00
0201;005;▒. Ка░аново;36381;00
0201;006;▒. Л┐▒ково;44817;00
0201;007;▒. Малка пол┐на;46440;00
0201;008;▒. М║глен;49477;00
0201;009;▒. Пе╣е░▒ко;56321;00
0201;010;▒. Пи░не;56438;00
0201;011;▒. Пол┐ново;57426;00
0201;012;▒. Раклиново;62013;00
0201;013;▒. С║диево;70473;00
0201;014;▒. Тополи╢а;72727;00
0201;015;▒. Че░на могила;80813;00
0201;016;▒. Че░ног░ад;81102;00
0201;017;▒. Ч│ка░ка;81640;00
0204;001;▒. Банево;02573;00
0204;002;▒. Б░а▓ово;06152;00
0204;003;▒. Б░┐▒▓ове╢;06776;00
0204;004;г░. Б│░га▒;07079;00
0204;005;▒. Б│░га▒ки мине░ални бани;;00
0204;007;г░. Б║лга░ово;07332;00
0204;009;▒. Ве▓░ен;29427;00
0204;010;▒. Дим╖ево;21141;00
0204;011;▒. Д░аганово;23090;00
0204;012;▒. Изво░и╣е;32425;00
0204;013;▒. Ма░инка;47202;00
0204;014;▒. Ми░ол╛бово;48409;00
0204;015;▒. Равне╢;61145;00
0204;016;▒. Р│дник;63183;00
0204;017;▒. Тв║░ди╢а;72151;00
0204;018;▒. Че░но мо░е;81164;00
0206;001;▒. Белев░ен;03349;00
0206;002;▒. Белила;03455;00
0206;003;▒. Би▒▓░е╢;04176;00
0206;004;▒. Богданово;04621;00
0206;005;▒. Ва░овник;10166;00
0206;006;▒. В║л╖аново;72059;00
0206;007;▒. Гол┐мо Б│ково;15816;00
0206;008;▒. Го░но Яб║лково;17035;00
0206;009;▒. Г░ани▓е╢;17720;00
0206;010;▒. Г░ани╖а░;17779;00
0206;011;▒. Дебел▓;20273;00
0206;012;▒. Долно Яб║лково;22914;00
0206;013;▒. Д░ака;23529;00
0206;014;▒. Д░а╖ево;23604;00
0206;015;▒. Д╛лево;24712;00
0206;016;▒. Заго░╢и;30168;00
0206;017;▒. Зо░ни╢а;31379;00
0206;018;▒. Ки░ово;36938;00
0206;019;▒. К│бадин;40419;00
0206;020;▒. Малина;46348;00
0206;021;▒. Момина Ц║░ква;29221;00
0206;022;▒. О░лин╢и;53984;00
0206;023;▒. П░о╡од;58712;00
0206;024;▒. П║н╖ево;59015;00
0206;025;▒. Радойново;61563;00
0206;026;▒. Ро▒еново;63055;00
0206;027;▒. Све▓лина;65560;00
0206;028;▒. Син╝о Камене;66585;00
0206;029;▒. Сливово;67413;00
0206;030;г░. С░еде╢;17974;00
0206;031;▒. С│╡одол;70322;00
0206;032;▒. Факи┐;76039;00
0208;001;▒. Вина░▒ко;11096;00
0208;002;▒. В░а▓и╢а;12245;00
0208;003;▒. Жел┐зово;29249;00
0208;004;г░. Камено;35883;00
0208;005;▒. Кон▒▓ан▓иново;52279;00
0208;006;▒. К░║▒▓ина;40381;00
0208;008;▒. Ливада;43623;00
0208;009;▒. Пол▒ки изво░;57337;00
0208;010;▒. Р│▒ока▒▓░о;63478;00
0208;011;▒. Свобода;65783;00
0208;012;▒. Т░о┐ново;73211;00
0208;013;▒. Т░║▒▓иково;73388;00
0208;014;▒. Че░ни в░║╡;80916;00
0209;001;▒. А▒па░│╡ово;00775;00
0209;002;▒. Де▓елина;02765;00
0209;003;▒. Вене╢;10625;00
0209;004;▒. Гл│м╖е;15182;00
0209;005;▒. Деве▓ак;20417;00
0209;006;▒. Деве▓ин╢и;20448;00
0209;007;▒. Доб░иново;21508;00
0209;008;▒. Д░аган╢и;23176;00
0209;009;▒. Д░агово;23306;00
0209;010;▒. Екза░╡ Ан▓имово;27169;00
0209;011;▒. Железник;29129;00
0209;012;▒. Жи▓о▒в┐▓;29492;00
0209;013;▒. Зимен;30853;00
0209;014;▒. И▒к░а;32809;00
0209;015;г░. Ка░ноба▓;36525;00
0209;016;▒. Клика╖;37201;00
0209;017;▒. Коза░е;37650;00
0209;018;▒. К░│мово г░ади╣е;40021;00
0209;019;▒. К░│╕ево;40230;00
0209;020;▒. М║д░ино;49549;00
0209;021;▒. Неве▒▓ино;51202;00
0209;022;▒. Ракли╢а;62027;00
0209;023;▒. Сан▒▓е┤ано;65351;00
0209;024;▒. Сигмен;66408;00
0209;025;▒. Соколово;67920;00
0209;026;▒. С║░нево;70576;00
0209;027;▒. Смолник;72080;00
0209;028;▒. Хаджии▓е;77089;00
0209;029;▒. Це░ков▒ки;78416;00
0209;030;▒. Че░ково;80755;00
0212;001;▒. Близнак;04412;00
0212;002;▒. Б░║╕л┐н;06687;00
0212;003;▒. Б┐ла вода;07627;00
0212;004;▒. Визи╢а;11051;00
0212;005;▒. Г░ама▓иково;17693;00
0212;006;▒. Ев░енозово;27022;00
0212;007;▒. Забе░ново;30020;00
0212;008;▒. Звезде╢;30483;00
0212;009;▒. Калово;35451;00
0212;010;г░. Малко Т║░ново;46663;00
0212;013;▒. С▓оилово;69328;00
0213;001;г░. А╡▓опол;00878;00
0213;002;▒. Б░одилово;06553;00
0213;003;▒. Б║лга░и;07291;00
0213;004;▒. Ва░ва░а;10094;00
0213;005;▒. Велика;10361;00
0213;006;▒. Изг░ев;32514;00
0213;007;▒. Кондолово;38251;00
0213;008;▒. Ко▒▓и;38947;00
0213;009;▒. Лозене╢;44094;00
0213;010;▒. Резово;62459;00
0213;013;▒. Синемо░е╢;66528;00
0213;014;▒. Фазаново;76025;00
0213;015;г░. Ца░ево;48619;00
0215;001;▒. Бан┐;02703;00
0215;002;▒. Све▓и Вла▒;11538;00
0215;003;▒. Г╛л╝ов╢и;18469;00
0215;006;▒. Ко╕а░и╢а;39164;00
0215;007;г░. Не▒еб║░;51500;00
0215;008;г░. Обзо░;53045;00
0215;009;▒. О░иза░е;53822;00
0215;010;▒. Пани╢ово;55350;00
0215;011;▒. П░и▒ел╢и;58431;00
0215;012;▒. Равда;61056;00
0215;013;▒. Раков▒ково;62102;00
0215;014;Сл║н╖ев б░┐г;;00
0215;015;▒. Т║нково;73571;00
0217;001;▒. Алек▒анд░ово;00271;00
0217;002;▒. А╡елой;00833;00
0217;003;▒. Ба▓а;02810;00
0217;004;▒. Габе░ово;14057;00
0217;005;▒. Го░и╢а;16064;00
0217;006;▒. Г║л║бе╢;18229;00
0217;007;▒. Д║бник;24253;00
0217;008;▒. Белодол;27440;00
0217;009;г░. Кабле╕ково;35033;00
0217;010;▒. Камена░;35691;00
0217;011;▒. Кози╖ино;37753;00
0217;012;▒. Ко▒ове╢;38769;00
0217;013;▒. Л║ка;44425;00
0217;014;▒. Медово;47651;00
0217;015;г░. Помо░ие;57491;00
0217;016;▒. По░ой;57790;00
0217;017;▒. С▓░а╢ин;69746;00
0218;001;▒. Билка;04056;00
0218;002;▒. Ви╕на;11363;00
0218;003;▒. В░е▒ово;12303;00
0218;005;▒. Доб░а пол┐на;21333;00
0218;006;▒. Доб░оми░;21614;00
0218;007;▒. Д░опла;23755;00
0218;008;▒. Д║▒ко▓на;24699;00
0218;010;▒. Заим╖ево;30234;00
0218;011;▒. Зай╖а░;30243;00
0218;013;▒. Камен┐к;35955;00
0218;014;▒. Ка░авел╝ово;36213;00
0218;016;▒. Ли▒▓е╢;43880;00
0218;017;▒. Л╛л┐ково;44690;00
0218;018;▒. П░ипек;46930;00
0218;019;▒. М░ежи╖ко;49254;00
0218;020;▒. П░еоб░ажен╢и;51055;00
0218;021;▒. Планини╢а;56647;00
0218;022;▒. Подго░е╢;15967;00
0218;023;▒. П░о▒еник;58640;00
0218;024;▒. Разбойна;61666;00
0218;025;▒. Ре╖и╢а;62548;00
0218;026;▒. Рожден;62904;00
0218;027;▒. Р│дина;63166;00
0218;028;▒. Р│ен;63224;00
0218;029;▒. Р│п╖а;63375;00
0218;030;▒. Р║жи╢а;63598;00
0218;031;▒. Сини ░ид;80296;00
0218;032;▒. Скалак;66706;00
0218;033;▒. Снежа;67725;00
0218;034;▒. Сн┐гово;67767;00
0218;035;▒. Соколе╢;67876;00
0218;036;▒. С░една ма╡ала;68401;00
0218;037;▒. С▓░│┐;69990;00
0218;038;▒. Топ╖ий▒ко;72864;00
0218;039;▒. Т░║нак;73287;00
0218;040;▒. Че░е╕а;80563;00
0218;041;▒. Шива░ово;83154;00
0218;042;▒. Яб║л╖ево;87093;00
0218;043;▒. Я▒еново;87638;00
0221;001;▒. А▓и┐;;00
0221;002;▒. Ве▒елие;10731;00
0221;003;▒. В║░╕ило;12975;00
0221;005;▒. Габ║░;14249;00
0221;006;▒. Зида░ово;30822;00
0221;007;▒. Изво░;32367;00
0221;008;▒. Индже войвода;32737;00
0221;011;▒. К░│╕еве╢;40124;00
0221;012;▒. П░и▒ад;58400;00
0221;013;▒. Равадиново;61042;00
0221;014;▒. Равна го░а;61114;00
0221;016;▒. Ро▒ен;63029;00
0221;018;г░. Созопол;67800;00
0221;019;▒. Че░номо░е╢;81178;00
0223;002;▒. Бе░оново;03959;00
0223;003;▒. Бо▒илково;05726;00
0223;004;▒. Вед░ово;10313;00
0223;005;▒. Везенково;10327;00
0223;006;▒. Вели▒лав;76056;00
0223;007;▒. В║л╖ин;12591;00
0223;008;▒. Го░ово;17049;00
0223;009;▒. Г░озден;17909;00
0223;010;▒. Д║бови╢а;83137;00
0223;012;▒. Е▒ен;27615;00
0223;013;▒. Заве▓;30051;00
0223;014;▒. Кам╖и┐;36004;00
0223;015;▒. Клима╕;37215;00
0223;017;▒. Ко▒▓ен;38889;00
0223;018;▒. Лоза░ево;44029;00
0223;019;▒. Маноли╖;47096;00
0223;020;▒. Огнен;53312;00
0223;021;▒. Подви▒;56959;00
0223;022;▒. П░илеп;58325;00
0223;023;▒. П╖елин;58857;00
0223;024;▒. Садово;65111;00
0223;025;▒. Скала;66682;00
0223;026;▒. Слав┐н╢и;67115;00
0223;027;г░. С│нг│░ла░е;70247;00
0223;028;▒. С║единение;70514;00
0223;029;▒. Те░зий▒ко;72299;00
0223;030;▒. Че░ни╢а;81006;00
0223;031;▒. Ч│б░а;81582;00
0227;001;▒. Ново Пани╖а░ево;52129;00
0227;002;▒. Пи▒меново;56513;00
0227;003;г░. П░имо░▒ко;58356;00
0227;004;▒. Я▒на пол┐на;87655;00
0227;005;▒. Ки▓ен;37023;00
[END]

[SEC]
02;0100;001;6;001
02;0100;002;6;001
02;0100;003;6;001
02;0100;004;6;001
02;0100;005;6;001
02;0100;006;6;001
02;0100;007;6;001
02;0100;008;6;001
02;0100;009;6;001
02;0100;010;6;001
02;0100;011;6;001
02;0100;012;6;001
02;0100;013;6;001
02;0100;014;6;001
02;0100;015;6;001
02;0100;016;6;001
02;0100;017;6;001
02;0100;018;6;001
02;0100;019;6;001
02;0100;020;6;001
02;0100;021;6;001
02;0100;022;6;001
02;0100;023;6;001
02;0100;024;6;001
02;0100;025;6;001
02;0100;026;6;001
02;0100;027;6;001
02;0100;028;6;001
02;0100;029;6;001
02;0100;031;6;006
02;0100;032;6;003
02;0100;033;6;007
02;0100;034;6;005
02;0100;035;6;013
02;0100;036;6;008
02;0100;037;6;002
02;0100;038;6;009
02;0100;039;6;015
02;0100;040;6;010
02;0100;041;6;004
02;0100;042;6;011
02;0100;043;6;017
02;0100;044;6;016
02;0100;045;6;012
02;0100;046;6;014
02;0100;047;6;001
02;0400;001;6;004
02;0400;002;6;004
02;0400;003;6;004
02;0400;004;6;004
02;0400;005;6;004
02;0400;006;6;004
02;0400;007;6;004
02;0400;008;6;004
02;0400;009;6;004
02;0400;010;6;004
02;0400;011;6;004
02;0400;012;6;004
02;0400;013;6;004
02;0400;014;6;004
02;0400;015;6;004
02;0400;016;6;004
02;0400;017;6;004
02;0400;018;6;004
02;0400;019;6;004
02;0400;020;6;004
02;0400;021;6;004
02;0400;022;6;004
02;0400;023;6;004
02;0400;024;6;004
02;0400;025;6;004
02;0400;026;6;004
02;0400;027;6;004
02;0400;028;6;004
02;0400;029;6;004
02;0400;030;6;004
02;0400;031;6;004
02;0400;032;6;004
02;0400;033;6;004
02;0400;034;6;004
02;0400;035;6;004
02;0400;036;6;004
02;0400;037;6;004
02;0400;038;6;004
02;0400;039;6;004
02;0400;040;6;004
02;0400;041;6;004
02;0400;042;6;004
02;0400;043;6;004
02;0400;044;6;004
02;0400;045;6;004
02;0400;046;6;004
02;0400;047;6;004
02;0400;048;6;004
02;0400;049;6;004
02;0400;050;6;004
02;0400;051;6;004
02;0400;052;6;004
02;0400;053;6;004
02;0400;054;6;004
02;0400;055;6;004
02;0400;056;6;004
02;0400;057;6;004
02;0400;058;6;004
02;0400;059;6;004
02;0400;060;6;004
02;0400;061;6;004
02;0400;062;6;004
02;0400;063;6;004
02;0400;064;6;004
02;0400;065;6;004
02;0400;067;6;004
02;0400;068;6;005
02;0400;069;6;005
02;0400;071;6;004
02;0400;072;6;004
02;0400;073;6;004
02;0400;074;6;004
02;0400;075;6;004
02;0400;076;6;004
02;0400;077;6;004
02;0400;078;6;004
02;0400;079;6;004
02;0400;080;6;004
02;0400;081;6;004
02;0400;082;6;004
02;0400;083;6;004
02;0400;084;6;004
02;0400;085;6;004
02;0400;086;6;004
02;0400;087;6;004
02;0400;088;6;004
02;0400;089;6;004
02;0400;090;6;004
02;0400;091;6;004
02;0400;092;6;004
02;0400;093;6;004
02;0400;094;6;004
02;0400;095;6;004
02;0400;096;6;004
02;0400;097;6;004
02;0400;098;6;004
02;0400;099;6;004
02;0400;100;6;004
02;0400;101;6;004
02;0400;102;6;004
02;0400;103;6;004
02;0400;104;6;004
02;0400;105;6;004
02;0400;106;6;004
02;0400;107;6;004
02;0400;108;6;004
02;0400;109;6;004
02;0400;110;6;004
02;0400;111;6;004
02;0400;112;6;004
02;0400;113;6;004
02;0400;114;6;004
02;0400;115;6;004
02;0400;116;6;004
02;0400;117;6;004
02;0400;118;6;004
02;0400;119;6;004
02;0400;120;6;004
02;0400;121;6;004
02;0400;122;6;004
02;0400;123;6;004
02;0400;124;6;004
02;0400;125;6;004
02;0400;126;6;004
02;0400;127;6;004
02;0400;128;6;004
02;0400;129;6;004
02;0400;130;6;004
02;0400;131;6;004
02;0400;132;6;004
02;0400;133;6;004
02;0400;134;6;004
02;0400;135;6;004
02;0400;136;6;004
02;0400;137;6;004
02;0400;138;6;004
02;0400;139;6;004
02;0400;140;6;004
02;0400;141;6;004
02;0400;142;6;004
02;0400;143;6;004
02;0400;144;6;004
02;0400;145;6;004
02;0400;146;6;004
02;0400;147;6;004
02;0400;148;6;004
02;0400;149;6;004
02;0400;150;6;004
02;0400;151;6;004
02;0400;152;6;004
02;0400;153;6;004
02;0400;154;6;004
02;0400;155;6;004
02;0400;156;6;004
02;0400;157;6;004
02;0400;158;6;004
02;0400;159;6;004
02;0400;160;6;004
02;0400;161;6;004
02;0400;162;6;004
02;0400;163;6;004
02;0400;164;6;004
02;0400;165;6;004
02;0400;166;6;004
02;0400;167;6;004
02;0400;168;6;004
02;0400;169;6;004
02;0400;170;6;004
02;0400;171;6;004
02;0400;172;6;004
02;0400;173;6;004
02;0400;174;6;004
02;0400;175;6;004
02;0400;176;6;004
02;0400;177;6;004
02;0400;178;6;004
02;0400;179;6;004
02;0400;180;6;004
02;0400;181;6;004
02;0400;182;6;004
02;0400;183;6;004
02;0400;184;6;004
02;0400;185;6;004
02;0400;186;6;004
02;0400;187;6;004
02;0400;188;6;004
02;0400;189;6;004
02;0400;190;6;004
02;0400;191;6;004
02;0400;192;6;004
02;0400;193;6;004
02;0400;194;6;004
02;0400;195;6;004
02;0400;196;6;004
02;0400;197;6;004
02;0400;198;6;004
02;0400;199;6;004
02;0400;200;6;004
02;0400;201;6;004
02;0400;202;6;004
02;0400;203;6;004
02;0400;204;6;004
02;0400;205;6;004
02;0400;206;6;004
02;0400;207;6;004
02;0400;208;6;004
02;0400;209;6;004
02;0400;210;6;004
02;0400;211;6;004
02;0400;212;6;004
02;0400;213;6;004
02;0400;214;6;004
02;0400;215;6;004
02;0400;216;6;004
02;0400;217;6;004
02;0400;218;6;004
02;0400;219;6;004
02;0400;220;6;004
02;0400;221;6;004
02;0400;222;6;004
02;0400;223;6;004
02;0400;224;6;004
02;0400;225;6;004
02;0400;226;6;004
02;0400;227;6;004
02;0400;228;6;004
02;0400;229;6;004
02;0400;230;6;004
02;0400;231;6;004
02;0400;232;6;004
02;0400;233;6;004
02;0400;234;6;004
02;0400;235;6;004
02;0400;236;6;004
02;0400;237;6;004
02;0400;238;6;004
02;0400;239;6;004
02;0400;240;6;004
02;0400;241;6;004
02;0400;242;6;004
02;0400;243;6;004
02;0400;244;6;004
02;0400;245;6;004
02;0400;246;6;004
02;0400;247;6;004
02;0400;248;6;004
02;0400;249;6;004
02;0400;250;6;004
02;0400;251;6;004
02;0400;252;6;004
02;0400;253;6;004
02;0400;254;6;004
02;0400;255;6;004
02;0400;256;6;004
02;0400;257;6;004
02;0400;258;6;004
02;0400;259;6;004
02;0400;260;6;004
02;0400;261;6;004
02;0400;262;6;004
02;0400;263;6;004
02;0400;264;6;004
02;0400;265;6;004
02;0400;266;6;004
02;0400;267;6;004
02;0400;268;6;004
02;0400;269;6;004
02;0400;270;6;004
02;0400;271;6;004
02;0400;272;6;004
02;0400;273;6;004
02;0400;274;6;004
02;0400;275;6;004
02;0400;276;6;004
02;0400;277;6;004
02;0400;278;6;004
02;0400;279;6;004
02;0400;280;6;004
02;0400;281;6;004
02;0400;282;6;004
02;0400;283;6;004
02;0400;284;6;004
02;0400;285;6;001
02;0400;286;6;001
02;0400;287;6;002
02;0400;288;6;003
02;0400;289;6;007
02;0400;290;6;007
02;0400;291;6;004
02;0400;292;6;004
02;0400;293;6;004
02;0400;294;6;004
02;0400;295;6;004
02;0400;296;6;004
02;0400;297;6;011
02;0400;298;6;012
02;0400;299;6;009
02;0400;300;6;009
02;0400;301;6;009
02;0400;302;6;014
02;0400;303;6;015
02;0400;304;6;015
02;0400;305;6;016
02;0400;306;6;016
02;0400;307;6;016
02;0400;308;6;016
02;0400;309;6;018
02;0400;310;6;018
02;0400;311;6;018
02;0400;312;6;013
02;0400;313;6;013
02;0400;314;6;017
02;0400;315;6;004
02;0400;316;6;010
02;0600;001;6;030
02;0600;002;6;030
02;0600;003;6;030
02;0600;004;6;030
02;0600;005;6;030
02;0600;006;6;030
02;0600;007;6;030
02;0600;008;6;030
02;0600;009;6;002
02;0600;010;6;026
02;0600;011;6;003
02;0600;012;6;004
02;0600;013;6;005
02;0600;014;6;006
02;0600;015;6;007
02;0600;016;6;008
02;0600;017;6;011
02;0600;018;6;011
02;0600;019;6;012
02;0600;020;6;013
02;0600;021;6;014
02;0600;022;6;015
02;0600;023;6;021
02;0600;024;6;016
02;0600;025;6;018
02;0600;026;6;001
02;0600;027;6;010
02;0600;028;6;019
02;0600;029;6;020
02;0600;030;6;022
02;0600;031;6;023
02;0600;032;6;024
02;0600;033;6;025
02;0600;034;6;027
02;0600;035;6;029
02;0600;036;6;009
02;0600;037;6;028
02;0600;038;6;031
02;0600;039;6;032
02;0600;040;6;030
02;0600;041;6;030
02;0600;042;6;030
02;0600;043;6;017
02;0800;001;6;004
02;0800;002;6;004
02;0800;003;6;004
02;0800;004;6;004
02;0800;005;6;004
02;0800;006;6;004
02;0800;007;6;001
02;0800;008;6;002
02;0800;009;6;003
02;0800;010;6;006
02;0800;011;6;008
02;0800;012;6;005
02;0800;013;6;009
02;0800;014;6;010
02;0800;015;6;010
02;0800;016;6;011
02;0800;017;6;013
02;0800;018;6;012
02;0800;019;6;012
02;0800;020;6;014
02;0900;001;6;015
02;0900;002;6;015
02;0900;003;6;015
02;0900;004;6;015
02;0900;005;6;015
02;0900;006;6;015
02;0900;007;6;015
02;0900;008;6;015
02;0900;009;6;015
02;0900;010;6;015
02;0900;011;6;015
02;0900;012;6;015
02;0900;013;6;015
02;0900;014;6;015
02;0900;015;6;015
02;0900;016;6;015
02;0900;017;6;015
02;0900;018;6;015
02;0900;019;6;015
02;0900;020;6;015
02;0900;021;6;015
02;0900;022;6;015
02;0900;023;6;015
02;0900;024;6;015
02;0900;025;6;015
02;0900;026;6;015
02;0900;027;6;015
02;0900;028;6;014
02;0900;029;6;010
02;0900;030;6;010
02;0900;031;6;008
02;0900;032;6;007
02;0900;033;6;027
02;0900;034;6;012
02;0900;035;6;005
02;0900;036;6;023
02;0900;037;6;011
02;0900;038;6;021
02;0900;039;6;020
02;0900;040;6;024
02;0900;041;6;022
02;0900;042;6;025
02;0900;043;6;009
02;0900;044;6;004
02;0900;045;6;013
02;0900;046;6;016
02;0900;047;6;028
02;0900;048;6;017
02;0900;049;6;019
02;0900;050;6;001
02;0900;051;6;002
02;0900;052;6;030
02;0900;053;6;026
02;0900;054;6;029
02;0900;055;6;003
02;0900;056;6;018
02;0900;057;6;006
02;1200;001;6;010
02;1200;002;6;010
02;1200;003;6;010
02;1200;004;6;010
02;1200;005;6;001
02;1200;007;6;005
02;1200;008;6;004
02;1200;009;6;007
02;1200;010;6;009
02;1200;011;6;013
02;1200;012;6;002
02;1200;013;6;008
02;1200;014;6;006
02;1200;016;6;003
02;1300;001;6;015
02;1300;002;6;015
02;1300;003;6;015
02;1300;004;6;015
02;1300;005;6;015
02;1300;006;6;015
02;1300;007;6;015
02;1300;008;6;007
02;1300;009;6;009
02;1300;010;6;005
02;1300;011;6;014
02;1300;012;6;001
02;1300;013;6;001
02;1300;014;6;010
02;1300;015;6;013
02;1300;016;6;002
02;1300;017;6;008
02;1300;018;6;004
02;1300;019;6;006
02;1300;020;6;003
02;1500;001;6;007
02;1500;002;6;007
02;1500;003;6;007
02;1500;004;6;007
02;1500;005;6;007
02;1500;006;6;007
02;1500;007;6;007
02;1500;008;6;007
02;1500;009;6;014
02;1500;010;6;014
02;1500;011;6;001
02;1500;012;6;002
02;1500;013;6;002
02;1500;014;6;003
02;1500;015;6;006
02;1500;016;6;008
02;1500;017;6;008
02;1500;018;6;008
02;1500;019;6;013
02;1500;020;6;011
02;1500;021;6;009
02;1500;022;6;010
02;1500;023;6;012
02;1500;024;6;012
02;1500;025;6;015
02;1700;001;6;001
02;1700;002;6;002
02;1700;003;6;002
02;1700;004;6;003
02;1700;005;6;004
02;1700;006;6;005
02;1700;007;6;006
02;1700;008;6;007
02;1700;009;6;008
02;1700;010;6;010
02;1700;011;6;009
02;1700;012;6;009
02;1700;013;6;009
02;1700;014;6;012
02;1700;015;6;011
02;1700;016;6;013
02;1700;017;6;014
02;1700;018;6;015
02;1700;019;6;015
02;1700;020;6;015
02;1700;021;6;015
02;1700;022;6;015
02;1700;023;6;015
02;1700;024;6;015
02;1700;025;6;015
02;1700;026;6;015
02;1700;027;6;015
02;1700;028;6;015
02;1700;029;6;015
02;1700;030;6;015
02;1700;031;6;015
02;1700;032;6;015
02;1700;033;6;015
02;1700;034;6;016
02;1700;035;6;017
02;1700;036;6;015
02;1700;037;6;015
02;1700;038;6;015
02;1700;039;6;015
02;1700;040;6;015
02;1700;041;6;015
02;1700;042;6;013
02;1800;001;6;028
02;1800;002;6;028
02;1800;003;6;028
02;1800;004;6;001
02;1800;005;6;002
02;1800;006;6;003
02;1800;007;6;005
02;1800;008;6;006
02;1800;009;6;006
02;1800;010;6;007
02;1800;011;6;008
02;1800;012;6;010
02;1800;013;6;011
02;1800;015;6;013
02;1800;016;6;014
02;1800;017;6;016
02;1800;018;6;017
02;1800;019;6;017
02;1800;020;6;017
02;1800;021;6;019
02;1800;022;6;021
02;1800;023;6;021
02;1800;024;6;022
02;1800;025;6;020
02;1800;026;6;018
02;1800;027;6;023
02;1800;028;6;023
02;1800;029;6;024
02;1800;030;6;025
02;1800;031;6;026
02;1800;032;6;027
02;1800;033;6;029
02;1800;034;6;030
02;1800;035;6;030
02;1800;036;6;031
02;1800;037;6;032
02;1800;038;6;033
02;1800;039;6;034
02;1800;041;6;035
02;1800;042;6;036
02;1800;043;6;037
02;1800;044;6;038
02;1800;045;6;038
02;1800;046;6;039
02;1800;047;6;039
02;1800;048;6;040
02;1800;049;6;041
02;1800;051;6;042
02;1800;052;6;043
02;2100;001;6;018
02;2100;002;6;018
02;2100;003;6;018
02;2100;004;6;018
02;2100;005;6;018
02;2100;006;6;001
02;2100;007;6;001
02;2100;009;6;002
02;2100;010;6;003
02;2100;011;6;005
02;2100;012;6;006
02;2100;014;6;007
02;2100;015;6;008
02;2100;016;6;011
02;2100;017;6;012
02;2100;018;6;013
02;2100;019;6;014
02;2100;020;6;016
02;2100;021;6;016
02;2100;022;6;019
02;2100;023;6;019
02;2300;001;6;027
02;2300;002;6;027
02;2300;003;6;027
02;2300;004;6;027
02;2300;005;6;002
02;2300;006;6;003
02;2300;007;6;004
02;2300;008;6;005
02;2300;009;6;006
02;2300;010;6;023
02;2300;011;6;007
02;2300;012;6;009
02;2300;013;6;010
02;2300;014;6;012
02;2300;015;6;013
02;2300;016;6;014
02;2300;017;6;015
02;2300;018;6;017
02;2300;019;6;018
02;2300;020;6;018
02;2300;021;6;019
02;2300;022;6;019
02;2300;023;6;020
02;2300;024;6;021
02;2300;025;6;021
02;2300;026;6;022
02;2300;027;6;022
02;2300;028;6;024
02;2300;029;6;026
02;2300;030;6;028
02;2300;031;6;028
02;2300;032;6;029
02;2300;033;6;030
02;2300;034;6;008
02;2300;035;6;031
02;2300;036;6;025
02;2700;001;6;003
02;2700;002;6;003
02;2700;003;6;003
02;2700;004;6;001
02;2700;005;6;002
02;2700;006;6;004
02;2700;007;6;004
02;2700;008;6;005
[END]

[MAJ]
02;6;   ;02;;;Пе▓║░ С▓е┤анов С▓о┐нов и Нели Пе▓░ова К│╢кова;, ;ПСС+НПК;81733;0;1
02;6;   ;05;;;Гео░ги Седе┤╖ов П║░ванов и Ангел Иванов Ма░ин;, ;ГСП+АИМ;107853;1;2
[END]

[PROP]
[END]

[LISTI]
[END]

[PROT]
6;02;0100;001;772+0+441+441+0+0+0+5+441;137+304
6;02;0100;002;760+0+244+244+0+1+1+15+243;137+106
6;02;0100;003;625+0+357+357+1+0+1+0+356;101+255
6;02;0100;004;467+0+254+254+0+0+0+0+254;85+169
6;02;0100;005;516+0+321+321+0+0+0+14+321;120+201
6;02;0100;006;609+0+322+322+0+0+0+9+322;108+214
6;02;0100;007;506+0+283+283+0+0+0+11+283;107+176
6;02;0100;008;558+0+296+296+0+0+0+14+296;85+211
6;02;0100;009;840+0+527+527+0+0+0+35+527;168+359
6;02;0100;010;799+0+369+369+0+0+0+0+369;140+229
6;02;0100;011;847+0+313+313+1+1+2+0+311;150+161
6;02;0100;012;912+0+461+461+1+0+1+19+460;169+291
6;02;0100;013;631+0+365+365+0+0+0+17+365;131+234
6;02;0100;014;580+0+282+282+0+1+1+0+281;103+178
6;02;0100;015;513+7+304+304+0+0+0+12+304;88+216
6;02;0100;016;694+0+368+368+1+0+1+11+367;133+234
6;02;0100;017;827+0+379+379+0+1+1+21+378;145+233
6;02;0100;018;780+0+421+421+0+0+0+14+421;142+279
6;02;0100;019;380+0+194+194+0+0+0+15+194;54+140
6;02;0100;020;820+0+291+291+0+3+3+18+288;95+193
6;02;0100;021;655+0+282+282+1+4+5+9+277;64+213
6;02;0100;022;366+0+187+187+0+0+0+11+187;43+144
6;02;0100;023;716+0+420+420+0+0+0+24+420;96+324
6;02;0100;024;876+1+539+539+1+1+2+18+537;160+377
6;02;0100;025;687+0+293+293+0+0+0+23+293;106+187
6;02;0100;026;639+0+238+238+1+1+2+13+236;59+177
6;02;0100;027;590+0+218+218+0+1+1+1+217;67+150
6;02;0100;028;771+0+324+324+2+0+2+6+322;94+228
6;02;0100;029;739+0+277+277+0+1+1+19+276;88+188
6;02;0100;031;163+4+131+131+0+0+0+3+131;43+88
6;02;0100;032;200+3+80+80+0+0+0+0+80;22+58
6;02;0100;033;299+1+130+130+0+0+0+5+130;42+88
6;02;0100;034;675+1+286+286+0+0+0+20+286;56+230
6;02;0100;035;336+1+195+195+0+0+0+15+195;56+139
6;02;0100;036;894+4+402+402+0+2+2+0+400;127+273
6;02;0100;037;156+7+78+78+0+0+0+6+78;21+57
6;02;0100;038;572+2+184+184+4+0+4+8+180;68+112
6;02;0100;039;275+3+122+122+0+0+0+0+122;31+91
6;02;0100;040;522+6+354+354+0+0+0+0+354;64+290
6;02;0100;041;983+5+281+281+0+0+0+0+281;160+121
6;02;0100;042;304+3+154+154+0+0+0+3+154;25+129
6;02;0100;043;392+2+218+218+0+0+0+0+218;81+137
6;02;0100;044;509+4+221+221+0+1+1+0+220;32+188
6;02;0100;045;159+2+82+82+0+0+0+0+82;11+71
6;02;0100;046;884+0+345+345+0+0+0+11+345;148+197
6;02;0100;047;33+1+25+25+0+0+0+0+25;7+18
6;02;0400;001;626+6+333+333+1+0+1+9+332;198+134
6;02;0400;002;571+0+326+326+1+0+1+10+325;202+123
6;02;0400;003;579+0+347+347+1+0+1+11+346;182+164
6;02;0400;004;593+0+315+315+0+0+0+13+315;208+107
6;02;0400;005;387+0+212+212+0+0+0+9+212;104+108
6;02;0400;006;311+9+178+178+0+0+0+0+178;99+79
6;02;0400;007;487+0+279+279+0+0+0+0+279;180+99
6;02;0400;008;386+0+221+221+0+0+0+0+221;137+84
6;02;0400;009;357+0+205+205+0+0+0+8+205;119+86
6;02;0400;010;488+0+258+258+0+1+1+6+257;164+93
6;02;0400;011;626+0+359+359+1+0+1+0+358;207+151
6;02;0400;012;437+0+268+268+0+0+0+21+268;166+102
6;02;0400;013;449+0+309+309+0+0+0+14+309;156+153
6;02;0400;014;520+0+318+318+0+0+0+0+318;212+106
6;02;0400;015;541+2+293+293+0+0+0+10+293;218+75
6;02;0400;016;367+0+206+206+1+0+1+0+205;125+80
6;02;0400;017;518+6+311+311+0+0+0+22+311;199+112
6;02;0400;018;452+0+246+246+3+0+3+0+243;154+89
6;02;0400;019;554+1+307+307+0+0+0+16+307;177+130
6;02;0400;020;492+0+256+256+0+1+1+0+255;164+91
6;02;0400;021;709+2+443+443+0+0+0+0+443;277+166
6;02;0400;022;524+0+319+319+0+0+0+14+319;206+113
6;02;0400;023;537+0+300+300+0+0+0+0+300;165+135
6;02;0400;024;280+0+179+179+0+0+0+0+179;111+68
6;02;0400;025;601+1+325+325+1+0+1+18+324;182+142
6;02;0400;026;566+0+335+335+0+0+0+0+335;193+142
6;02;0400;027;256+0+147+147+0+0+0+11+147;60+87
6;02;0400;028;615+0+352+352+0+0+0+0+352;173+179
6;02;0400;029;642+0+414+414+0+1+1+0+413;191+222
6;02;0400;030;445+2+263+263+0+0+0+0+263;138+125
6;02;0400;031;544+0+320+320+0+0+0+21+320;168+152
6;02;0400;032;481+0+281+281+1+0+1+10+280;160+120
6;02;0400;033;474+0+262+262+0+1+1+0+261;155+106
6;02;0400;034;690+0+420+420+1+0+1+0+419;201+218
6;02;0400;035;488+1+295+295+0+0+0+5+295;136+159
6;02;0400;036;474+0+301+301+1+0+1+0+300;113+187
6;02;0400;037;292+0+177+177+0+0+0+10+177;114+63
6;02;0400;038;365+1+203+203+0+0+0+0+203;106+97
6;02;0400;039;513+0+300+300+0+1+1+6+299;154+145
6;02;0400;040;324+1+212+212+0+0+0+14+212;117+95
6;02;0400;041;708+0+415+415+0+0+0+16+415;253+162
6;02;0400;042;828+0+488+488+0+0+0+0+488;275+213
6;02;0400;043;956+0+532+532+0+0+0+22+532;343+189
6;02;0400;044;598+0+331+331+0+0+0+0+331;182+149
6;02;0400;045;552+1+306+306+0+0+0+15+306;179+127
6;02;0400;046;545+0+276+276+0+0+0+0+276;135+141
6;02;0400;047;646+0+337+337+2+0+2+14+335;193+142
6;02;0400;048;728+0+380+380+0+0+0+0+380;230+150
6;02;0400;049;1062+4+563+563+1+1+2+0+561;334+227
6;02;0400;050;416+0+416+416+0+1+1+0+415;246+169
6;02;0400;051;632+0+316+316+0+0+0+0+316;173+143
6;02;0400;052;1085+0+549+549+0+0+0+11+549;328+221
6;02;0400;053;933+0+486+486+0+0+0+0+486;298+188
6;02;0400;054;943+0+472+472+0+0+0+0+472;296+176
6;02;0400;055;1068+0+590+590+0+0+0+6+590;337+253
6;02;0400;056;404+0+215+215+0+0+0+0+215;94+121
6;02;0400;057;723+0+359+359+0+0+0+0+359;220+139
6;02;0400;058;616+0+338+338+0+0+0+0+338;185+153
6;02;0400;059;483+4+255+255+1+0+1+16+254;154+100
6;02;0400;060;395+0+221+221+0+0+0+0+221;132+89
6;02;0400;061;672+0+388+388+0+0+0+14+388;228+160
6;02;0400;062;551+0+302+302+1+0+1+27+301;142+159
6;02;0400;063;512+0+246+246+1+0+1+0+245;152+93
6;02;0400;064;725+8+406+406+3+0+3+0+403;222+181
6;02;0400;065;41+8+43+43+0+0+0+0+43;15+28
6;02;0400;067;29+0+26+26+0+0+0+0+26;13+13
6;02;0400;068;42+5+47+47+0+0+0+0+47;19+28
6;02;0400;069;104+1+68+68+0+0+0+1+68;32+36
6;02;0400;071;417+0+175+175+0+0+0+5+175;81+94
6;02;0400;072;406+0+171+171+0+0+0+16+171;86+85
6;02;0400;073;396+0+159+159+0+0+0+11+159;49+110
6;02;0400;074;651+0+255+255+0+0+0+23+255;110+145
6;02;0400;075;449+0+193+193+0+0+0+0+193;84+109
6;02;0400;076;556+3+162+162+0+0+0+0+162;61+101
6;02;0400;077;379+0+83+83+0+0+0+0+83;25+58
6;02;0400;078;527+0+88+88+0+1+1+4+87;29+58
6;02;0400;079;411+0+56+56+0+0+0+0+56;20+36
6;02;0400;080;650+0+168+168+0+1+1+0+167;80+87
6;02;0400;081;656+0+269+269+0+0+0+23+269;139+130
6;02;0400;082;839+0+156+156+2+1+3+0+153;61+92
6;02;0400;083;622+0+333+333+0+0+0+0+333;180+153
6;02;0400;084;590+0+280+280+0+0+0+0+280;143+137
6;02;0400;085;879+1+394+394+0+0+0+0+394;162+232
6;02;0400;086;792+0+365+365+0+0+0+0+365;211+154
6;02;0400;087;741+0+383+383+0+0+0+0+383;154+229
6;02;0400;088;806+0+423+423+0+0+0+0+423;212+211
6;02;0400;089;943+0+398+398+0+0+0+5+398;214+184
6;02;0400;090;664+0+317+317+0+0+0+0+317;142+175
6;02;0400;091;106+1+106+106+0+0+0+0+106;53+53
6;02;0400;092;493+0+282+282+0+0+0+0+282;149+133
6;02;0400;093;502+0+259+259+0+0+0+0+259;162+97
6;02;0400;094;524+1+270+270+2+0+2+0+268;142+126
6;02;0400;095;451+8+245+245+0+0+0+0+245;113+132
6;02;0400;096;477+3+235+235+0+0+0+0+235;131+104
6;02;0400;097;463+0+178+178+0+0+0+0+178;96+82
6;02;0400;098;702+0+388+388+0+1+1+0+387;160+227
6;02;0400;099;599+4+270+270+0+0+0+0+270;150+120
6;02;0400;100;527+0+220+220+0+0+0+0+220;108+112
6;02;0400;101;535+0+266+266+1+0+1+0+265;124+141
6;02;0400;102;534+0+255+255+0+0+0+0+255;122+133
6;02;0400;103;680+0+333+333+0+1+1+3+332;111+221
6;02;0400;104;824+2+380+380+0+0+0+0+380;173+207
6;02;0400;105;611+0+313+313+0+0+0+0+313;204+109
6;02;0400;106;751+3+408+408+0+0+0+0+408;208+200
6;02;0400;107;656+0+315+315+0+0+0+0+315;166+149
6;02;0400;108;377+0+185+185+0+0+0+3+185;100+85
6;02;0400;109;688+0+314+314+0+0+0+0+314;182+132
6;02;0400;110;773+0+354+354+0+0+0+0+354;171+183
6;02;0400;111;618+0+275+275+0+0+0+0+275;127+148
6;02;0400;112;624+0+308+308+0+0+0+0+308;187+121
6;02;0400;113;665+0+312+312+1+0+1+0+311;165+146
6;02;0400;114;528+0+263+263+0+0+0+0+263;133+130
6;02;0400;115;804+0+398+398+0+0+0+16+398;211+187
6;02;0400;116;820+0+359+359+0+0+0+17+359;203+156
6;02;0400;117;877+0+353+353+0+0+0+0+353;183+170
6;02;0400;118;688+0+289+289+1+1+2+0+287;165+122
6;02;0400;119;764+0+304+304+0+0+0+0+304;172+132
6;02;0400;120;627+0+238+238+0+0+0+8+238;119+119
6;02;0400;121;265+2+216+216+2+0+2+0+214;127+87
6;02;0400;122;714+2+308+308+0+0+0+0+308;167+141
6;02;0400;123;738+0+306+306+0+0+0+8+306;145+161
6;02;0400;124;778+0+289+289+1+0+1+0+288;160+128
6;02;0400;125;878+0+374+374+0+0+0+0+374;183+191
6;02;0400;126;871+6+409+409+0+0+0+0+409;212+197
6;02;0400;127;929+0+376+376+0+0+0+7+376;243+133
6;02;0400;128;712+0+298+298+0+0+0+0+298;157+141
6;02;0400;129;577+0+266+266+0+0+0+0+266;165+101
6;02;0400;130;598+0+296+296+1+0+1+7+295;151+144
6;02;0400;131;568+0+220+220+0+1+1+6+219;126+93
6;02;0400;132;820+2+385+385+0+0+0+0+385;157+228
6;02;0400;133;610+0+287+287+0+0+0+0+287;121+166
6;02;0400;134;602+0+234+234+0+2+2+0+232;72+160
6;02;0400;135;690+17+299+299+0+2+2+32+297;92+205
6;02;0400;136;667+1+401+401+1+0+1+10+400;201+199
6;02;0400;137;426+8+267+267+0+0+0+0+267;107+160
6;02;0400;138;873+0+471+471+1+0+1+0+470;258+212
6;02;0400;139;844+0+463+463+0+0+0+0+463;208+255
6;02;0400;140;471+0+290+290+0+0+0+23+290;122+168
6;02;0400;141;512+4+261+261+0+0+0+0+261;126+135
6;02;0400;142;483+0+263+263+0+0+0+0+263;134+129
6;02;0400;143;429+1+198+198+1+0+1+13+197;92+105
6;02;0400;144;499+0+275+275+0+0+0+11+275;127+148
6;02;0400;145;541+0+267+267+0+0+0+13+267;132+135
6;02;0400;146;751+0+399+399+0+2+2+13+397;220+177
6;02;0400;147;521+0+283+283+0+0+0+6+283;145+138
6;02;0400;148;471+2+251+251+1+0+1+0+250;105+145
6;02;0400;149;722+0+363+363+0+0+0+0+363;162+201
6;02;0400;150;827+1+428+428+0+0+0+0+428;240+188
6;02;0400;151;550+1+279+279+1+0+1+10+278;141+137
6;02;0400;152;542+0+306+306+0+0+0+6+306;131+175
6;02;0400;153;564+0+300+300+0+0+0+0+300;163+137
6;02;0400;154;498+0+274+274+0+0+0+2+274;105+169
6;02;0400;155;801+0+465+465+2+0+2+0+463;253+210
6;02;0400;156;819+0+428+428+0+0+0+0+428;211+217
6;02;0400;157;634+0+321+321+0+0+0+8+321;188+133
6;02;0400;158;629+0+374+374+0+0+0+0+374;195+179
6;02;0400;159;555+0+273+273+0+0+0+10+273;163+110
6;02;0400;160;744+0+400+400+0+1+1+0+399;186+213
6;02;0400;161;700+1+329+329+1+0+1+0+328;145+183
6;02;0400;162;726+0+372+372+0+0+0+12+372;166+206
6;02;0400;163;449+3+202+202+0+0+0+4+202;99+103
6;02;0400;164;443+0+237+237+0+0+0+12+237;88+149
6;02;0400;165;476+22+248+248+0+0+0+11+248;102+146
6;02;0400;166;660+0+332+332+0+0+0+3+332;173+159
6;02;0400;167;173+0+33+33+0+0+0+1+33;24+9
6;02;0400;168;847+0+452+452+0+1+1+0+451;238+213
6;02;0400;169;463+0+262+262+0+0+0+0+262;123+139
6;02;0400;170;450+0+226+226+0+0+0+0+226;106+120
6;02;0400;171;469+0+262+262+0+0+0+6+262;141+121
6;02;0400;172;459+0+252+252+0+0+0+0+252;117+135
6;02;0400;173;503+0+301+301+0+0+0+0+301;161+140
6;02;0400;174;620+0+281+281+0+0+0+0+281;139+142
6;02;0400;175;651+0+285+285+0+0+0+0+285;131+154
6;02;0400;176;525+0+253+253+0+0+0+0+253;125+128
6;02;0400;177;472+0+267+267+0+0+0+0+267;114+153
6;02;0400;178;446+0+119+119+0+0+0+0+119;73+46
6;02;0400;179;668+0+337+337+0+0+0+4+337;177+160
6;02;0400;180;745+0+387+387+0+0+0+0+387;181+206
6;02;0400;181;764+0+442+442+1+0+1+11+441;94+347
6;02;0400;182;458+0+201+201+0+0+0+6+201;94+107
6;02;0400;183;454+0+242+242+0+0+0+0+242;55+187
6;02;0400;184;477+0+251+251+1+0+1+7+250;116+134
6;02;0400;185;428+0+216+216+0+0+0+0+216;98+118
6;02;0400;186;436+0+233+233+0+2+2+5+231;103+128
6;02;0400;187;108+0+19+19+0+0+0+0+19;15+4
6;02;0400;188;953+1+574+574+0+0+0+0+574;238+336
6;02;0400;189;551+1+298+298+0+0+0+0+298;74+224
6;02;0400;190;599+0+348+348+0+1+1+0+347;129+218
6;02;0400;191;586+0+312+312+1+0+1+9+311;133+178
6;02;0400;192;541+0+286+286+0+0+0+6+286;146+140
6;02;0400;193;536+1+287+287+0+0+0+14+287;135+152
6;02;0400;194;596+0+328+328+0+2+2+14+326;117+209
6;02;0400;195;502+0+286+286+0+0+0+0+286;138+148
6;02;0400;196;565+1+339+339+1+0+1+15+338;116+222
6;02;0400;197;545+0+329+329+1+0+1+17+328;166+162
6;02;0400;198;408+0+218+218+0+0+0+11+218;99+119
6;02;0400;199;456+0+237+237+1+0+1+5+236;133+103
6;02;0400;200;576+0+335+335+0+0+0+18+335;155+180
6;02;0400;201;558+0+310+310+0+0+0+3+310;155+155
6;02;0400;202;684+0+374+374+0+0+0+3+374;137+237
6;02;0400;203;766+0+455+455+0+0+0+0+455;198+257
6;02;0400;204;704+0+421+421+1+0+1+6+420;207+213
6;02;0400;205;550+0+290+290+2+0+2+0+288;150+138
6;02;0400;206;315+0+131+131+0+0+0+0+131;57+74
6;02;0400;207;844+0+477+477+0+0+0+0+477;256+221
6;02;0400;208;568+0+337+337+1+0+1+0+336;178+158
6;02;0400;209;728+0+360+360+0+0+0+0+360;187+173
6;02;0400;210;794+0+439+439+0+0+0+0+439;207+232
6;02;0400;211;545+0+308+308+1+1+2+14+306;175+131
6;02;0400;212;767+0+435+435+0+0+0+11+435;240+195
6;02;0400;213;830+0+468+468+0+0+0+0+468;204+264
6;02;0400;214;901+0+507+507+0+0+0+6+507;195+312
6;02;0400;215;797+0+424+424+0+0+0+0+424;211+213
6;02;0400;216;733+0+351+351+0+0+0+0+351;140+211
6;02;0400;217;531+0+264+264+0+0+0+13+264;123+141
6;02;0400;218;728+4+417+417+0+0+0+0+417;131+286
6;02;0400;219;444+0+234+234+0+0+0+0+234;116+118
6;02;0400;220;373+0+201+201+1+0+1+7+200;99+101
6;02;0400;221;669+2+342+342+0+0+0+0+342;184+158
6;02;0400;222;541+0+279+279+0+0+0+0+279;168+111
6;02;0400;223;673+0+345+345+0+0+0+0+345;166+179
6;02;0400;224;711+0+389+389+0+0+0+16+389;180+209
6;02;0400;225;653+0+326+326+0+0+0+21+326;149+177
6;02;0400;226;884+0+447+447+1+0+1+0+446;256+190
6;02;0400;227;750+0+372+372+0+0+0+0+372;192+180
6;02;0400;228;673+9+306+306+2+0+2+0+304;148+156
6;02;0400;229;671+0+348+348+1+0+1+6+347;199+148
6;02;0400;230;869+0+422+422+0+0+0+0+422;213+209
6;02;0400;231;758+0+384+384+0+0+0+13+384;181+203
6;02;0400;232;1000+0+492+492+0+0+0+0+492;267+225
6;02;0400;233;699+0+372+372+0+0+0+8+372;165+207
6;02;0400;234;778+0+413+413+0+0+0+0+413;185+228
6;02;0400;235;196+0+83+83+0+1+1+0+82;18+64
6;02;0400;236;736+0+418+418+0+0+0+17+418;227+191
6;02;0400;237;776+0+438+438+0+0+0+0+438;237+201
6;02;0400;238;838+0+463+463+0+0+0+0+463;261+202
6;02;0400;239;55+64+102+102+0+0+0+0+102;44+58
6;02;0400;240;427+0+232+232+0+0+0+12+232;116+116
6;02;0400;241;585+0+283+283+1+0+1+0+282;151+131
6;02;0400;242;476+1+264+264+0+0+0+0+264;161+103
6;02;0400;243;595+0+307+307+2+0+2+10+305;176+129
6;02;0400;244;741+0+389+389+0+0+0+19+389;211+178
6;02;0400;245;579+1+340+340+0+0+0+10+340;181+159
6;02;0400;246;797+3+413+413+0+0+0+0+413;267+146
6;02;0400;247;737+3+411+411+0+0+0+19+411;193+218
6;02;0400;248;896+0+504+504+2+0+2+21+502;269+233
6;02;0400;249;698+0+378+378+0+1+1+0+377;195+182
6;02;0400;250;750+0+418+418+0+0+0+34+418;209+209
6;02;0400;251;705+0+361+361+2+0+2+19+359;196+163
6;02;0400;252;704+0+396+396+2+0+2+0+394;203+191
6;02;0400;253;530+0+299+299+0+0+0+0+299;163+136
6;02;0400;254;650+0+400+400+0+0+0+0+400;205+195
6;02;0400;255;679+0+316+316+0+1+1+9+315;163+152
6;02;0400;256;484+2+234+234+0+1+1+0+233;110+123
6;02;0400;257;458+0+265+265+0+0+0+0+265;131+134
6;02;0400;258;476+0+286+286+0+0+0+11+286;138+148
6;02;0400;259;384+0+228+228+0+0+0+6+228;83+145
6;02;0400;260;465+0+250+250+0+0+0+0+250;126+124
6;02;0400;261;564+2+288+288+0+0+0+11+288;133+155
6;02;0400;262;640+2+313+313+0+0+0+6+313;198+115
6;02;0400;263;425+0+281+281+5+0+5+8+276;127+149
6;02;0400;264;485+0+255+255+0+0+0+0+255;111+144
6;02;0400;265;409+0+229+229+0+0+0+12+229;121+108
6;02;0400;266;429+0+238+238+0+0+0+0+238;113+125
6;02;0400;267;389+27+215+215+1+0+1+11+214;77+137
6;02;0400;268;437+5+249+249+0+0+0+10+249;102+147
6;02;0400;269;785+1+412+412+0+0+0+0+412;194+218
6;02;0400;270;912+0+467+467+0+0+0+25+467;240+227
6;02;0400;271;479+0+274+274+0+0+0+0+274;128+146
6;02;0400;272;471+0+286+286+0+0+0+6+286;142+144
6;02;0400;273;497+2+269+269+0+0+0+0+269;150+119
6;02;0400;274;546+0+264+264+0+0+0+0+264;142+122
6;02;0400;275;495+0+275+275+1+0+1+18+274;145+129
6;02;0400;276;464+0+264+264+1+0+1+14+263;146+117
6;02;0400;277;466+0+269+269+1+0+1+12+268;130+138
6;02;0400;278;757+0+447+447+0+0+0+8+447;217+230
6;02;0400;279;744+1+469+469+2+0+2+0+467;225+242
6;02;0400;280;490+0+286+286+1+0+1+13+285;144+141
6;02;0400;281;1065+0+549+549+0+0+0+0+549;323+226
6;02;0400;282;496+0+287+287+1+0+1+0+286;151+135
6;02;0400;283;460+1+303+303+0+0+0+10+303;126+177
6;02;0400;284;507+2+294+294+0+0+0+0+294;159+135
6;02;0400;285;615+6+328+328+0+0+0+0+328;144+184
6;02;0400;286;601+0+316+316+0+0+0+0+316;109+207
6;02;0400;287;266+2+132+132+0+0+0+6+132;59+73
6;02;0400;288;192+2+100+100+0+0+0+7+100;38+62
6;02;0400;289;865+3+456+456+0+0+0+0+456;116+340
6;02;0400;290;918+2+367+367+0+1+1+0+366;71+295
6;02;0400;291;922+0+441+441+0+0+0+32+441;173+268
6;02;0400;292;746+0+378+378+0+0+0+0+378;201+177
6;02;0400;293;781+0+408+408+0+1+1+11+407;192+215
6;02;0400;294;654+0+267+267+0+1+1+12+266;123+143
6;02;0400;295;591+0+263+263+0+1+1+0+262;98+164
6;02;0400;296;707+0+270+270+0+0+0+0+270;135+135
6;02;0400;297;336+1+222+222+0+0+0+0+222;64+158
6;02;0400;298;228+5+84+84+0+0+0+4+84;8+76
6;02;0400;299;840+0+445+445+0+0+0+11+445;233+212
6;02;0400;300;907+0+450+450+0+0+0+6+450;219+231
6;02;0400;301;71+2+46+46+0+0+0+0+46;16+30
6;02;0400;302;143+0+106+106+0+0+0+7+106;29+77
6;02;0400;303;611+2+296+296+0+1+1+0+295;109+186
6;02;0400;304;632+11+321+321+2+0+2+0+319;98+221
6;02;0400;305;619+0+355+355+0+0+0+0+355;161+194
6;02;0400;306;477+0+262+262+0+0+0+0+262;95+167
6;02;0400;307;792+0+185+185+1+1+2+6+183;27+156
6;02;0400;308;646+0+194+194+0+0+0+0+194;28+166
6;02;0400;309;527+2+246+246+0+0+0+0+246;111+135
6;02;0400;310;514+0+249+249+0+0+0+0+249;92+157
6;02;0400;311;764+0+313+313+0+0+0+0+313;135+178
6;02;0400;312;495+3+313+313+0+0+0+0+313;106+207
6;02;0400;313;461+0+197+197+0+0+0+8+197;50+147
6;02;0400;314;357+4+228+228+0+0+0+7+228;70+158
6;02;0400;315;86+0+77+77+1+0+1+6+76;29+47
6;02;0400;316;107+33+113+113+0+0+0+0+113;34+79
6;02;0600;001;541+0+321+321+0+0+0+16+321;103+218
6;02;0600;002;639+2+328+328+1+0+1+19+327;81+246
6;02;0600;003;1055+3+426+426+0+1+1+0+425;163+262
6;02;0600;004;662+3+402+402+0+0+0+24+402;120+282
6;02;0600;005;852+1+493+493+1+1+2+46+491;142+349
6;02;0600;006;820+1+439+439+1+1+2+23+437;75+362
6;02;0600;007;692+0+311+311+0+0+0+17+311;74+237
6;02;0600;008;597+4+378+378+0+0+0+0+378;114+264
6;02;0600;009;46+6+46+46+0+0+0+1+46;18+28
6;02;0600;010;34+5+33+33+0+0+0+0+33;12+21
6;02;0600;011;169+3+111+111+0+1+1+0+110;22+88
6;02;0600;012;131+2+79+79+0+0+0+0+79;26+53
6;02;0600;013;28+3+27+27+0+0+0+1+27;12+15
6;02;0600;014;124+7+102+102+0+0+0+0+102;23+79
6;02;0600;015;94+8+74+74+1+1+2+3+72;14+58
6;02;0600;016;67+7+56+56+1+0+1+2+55;22+33
6;02;0600;017;716+5+315+315+0+0+0+17+315;142+173
6;02;0600;018;645+3+336+336+1+0+1+33+335;109+226
6;02;0600;019;49+6+44+44+0+0+0+0+44;5+39
6;02;0600;020;139+5+88+88+0+0+0+0+88;28+60
6;02;0600;021;407+6+252+252+0+0+0+0+252;91+161
6;02;0600;022;495+9+366+366+1+1+2+32+364;103+261
6;02;0600;023;456+3+321+321+1+0+1+35+320;72+248
6;02;0600;024;273+4+187+187+0+0+0+0+187;59+128
6;02;0600;025;47+6+30+30+0+0+0+0+30;15+15
6;02;0600;026;33+4+31+31+0+0+0+0+31;11+20
6;02;0600;027;40+5+38+38+0+0+0+1+38;12+26
6;02;0600;028;111+6+94+94+0+0+0+0+94;28+66
6;02;0600;029;103+5+89+89+1+0+1+3+88;46+42
6;02;0600;030;193+12+153+153+0+0+0+5+153;27+126
6;02;0600;031;156+4+122+122+0+0+0+10+122;46+76
6;02;0600;032;46+5+36+36+0+0+0+0+36;4+32
6;02;0600;033;131+3+84+84+0+0+0+3+84;23+61
6;02;0600;034;244+4+175+175+0+0+0+0+175;57+118
6;02;0600;035;116+4+91+91+0+0+0+0+91;41+50
6;02;0600;036;20+4+19+19+0+0+0+0+19;8+11
6;02;0600;037;25+3+22+22+0+0+0+2+22;6+16
6;02;0600;038;188+3+120+120+2+0+2+3+118;48+70
6;02;0600;039;392+7+258+258+0+0+0+25+258;85+173
6;02;0600;040;888+1+438+438+0+0+0+27+438;52+386
6;02;0600;041;605+0+319+319+1+0+1+0+318;91+227
6;02;0600;042;826+0+449+449+2+0+2+0+447;166+281
6;02;0600;043;473+4+294+294+0+0+0+28+294;67+227
6;02;0800;001;720+0+334+334+0+1+1+21+333;167+166
6;02;0800;002;779+0+307+307+0+0+0+19+307;144+163
6;02;0800;003;779+5+255+255+0+1+1+0+254;96+158
6;02;0800;004;772+0+348+348+0+0+0+10+348;176+172
6;02;0800;005;797+0+481+481+0+0+0+24+481;219+262
6;02;0800;006;612+0+358+358+0+0+0+23+358;165+193
6;02;0800;007;766+6+418+418+0+1+1+0+417;156+261
6;02;0800;008;182+1+119+119+0+0+0+0+119;37+82
6;02;0800;009;170+1+108+108+0+0+0+0+108;20+88
6;02;0800;010;533+5+276+276+0+0+0+13+276;50+226
6;02;0800;011;287+5+229+229+0+0+0+0+229;79+150
6;02;0800;012;254+3+183+183+0+1+1+15+182;62+120
6;02;0800;013;356+1+230+230+0+1+1+6+229;87+142
6;02;0800;014;454+3+273+273+0+1+1+5+272;86+186
6;02;0800;015;482+1+287+287+2+1+3+0+284;55+229
6;02;0800;016;403+0+152+152+1+2+3+0+149;71+78
6;02;0800;017;349+1+246+246+0+0+0+15+246;87+159
6;02;0800;018;477+0+262+262+0+0+0+14+262;56+206
6;02;0800;019;618+2+319+319+0+0+0+16+319;61+258
6;02;0800;020;484+3+290+290+0+0+0+15+290;100+190
6;02;0900;001;722+1+413+413+0+0+0+9+413;142+271
6;02;0900;002;845+0+424+424+1+0+1+14+423;136+287
6;02;0900;003;744+0+414+414+0+0+0+0+414;154+260
6;02;0900;004;728+2+439+439+0+0+0+14+439;162+277
6;02;0900;005;792+0+400+400+0+0+0+27+400;180+220
6;02;0900;006;669+0+311+311+0+0+0+14+311;49+262
6;02;0900;007;785+0+436+436+0+1+1+23+435;173+262
6;02;0900;008;589+1+337+337+2+0+2+17+335;114+221
6;02;0900;009;739+0+414+414+1+0+1+5+413;160+253
6;02;0900;010;578+0+356+356+1+0+1+0+355;160+195
6;02;0900;011;506+0+324+324+0+0+0+0+324;116+208
6;02;0900;012;669+0+357+357+1+2+3+21+354;137+217
6;02;0900;013;875+2+516+516+1+1+2+0+514;192+322
6;02;0900;014;753+4+446+446+0+1+1+18+445;159+286
6;02;0900;015;629+1+336+336+0+1+1+10+335;119+216
6;02;0900;016;499+1+274+274+0+0+0+10+274;135+139
6;02;0900;017;535+0+312+312+0+0+0+21+312;92+220
6;02;0900;018;658+0+285+285+0+0+0+19+285;73+212
6;02;0900;019;768+0+352+352+0+0+0+0+352;100+252
6;02;0900;020;573+0+276+276+2+0+2+0+274;115+159
6;02;0900;021;630+0+317+317+0+1+1+12+316;135+181
6;02;0900;022;692+0+397+397+0+0+0+16+397;79+318
6;02;0900;023;279+3+165+165+1+0+1+2+164;38+126
6;02;0900;024;804+0+257+257+0+0+0+5+257;76+181
6;02;0900;025;541+0+235+235+0+0+0+27+235;121+114
6;02;0900;026;629+1+315+315+0+0+0+0+315;144+171
6;02;0900;027;32+2+18+18+0+0+0+0+18;7+11
6;02;0900;028;447+2+287+287+0+0+0+19+287;146+141
6;02;0900;029;438+0+289+289+0+1+1+288+288;43+245
6;02;0900;030;385+1+246+246+0+0+0+0+246;71+175
6;02;0900;031;169+7+132+132+0+0+0+0+132;46+86
6;02;0900;032;207+8+143+143+0+0+0+0+143;66+77
6;02;0900;033;225+1+162+162+0+0+0+0+162;52+110
6;02;0900;034;219+2+144+144+0+0+0+4+144;34+110
6;02;0900;035;251+2+153+153+1+0+1+0+152;40+112
6;02;0900;036;204+1+155+155+0+0+0+3+155;50+105
6;02;0900;037;130+4+95+95+0+0+0+4+95;33+62
6;02;0900;038;421+4+232+232+0+0+0+0+232;51+181
6;02;0900;039;117+8+96+96+0+0+0+0+96;28+68
6;02;0900;040;241+4+185+185+0+0+0+10+185;74+111
6;02;0900;041;130+3+90+90+0+0+0+0+90;32+58
6;02;0900;042;293+2+167+167+0+0+0+6+167;45+122
6;02;0900;043;204+2+92+92+0+0+0+0+92;8+84
6;02;0900;044;107+7+74+74+0+1+1+0+73;20+53
6;02;0900;045;176+5+112+112+0+0+0+3+112;24+88
6;02;0900;046;597+0+240+240+0+0+0+0+240;130+110
6;02;0900;047;277+3+154+154+0+0+0+6+154;61+93
6;02;0900;048;63+5+58+58+0+0+0+0+58;23+35
6;02;0900;049;200+6+160+160+1+0+1+0+159;31+128
6;02;0900;050;225+0+155+155+0+0+0+6+155;65+90
6;02;0900;051;199+5+158+158+0+2+2+7+156;39+117
6;02;0900;052;231+2+152+152+1+0+1+7+151;45+106
6;02;0900;053;252+2+192+192+1+0+1+8+191;54+137
6;02;0900;054;241+1+194+194+1+2+3+3+191;72+119
6;02;0900;055;313+1+196+196+0+0+0+0+196;52+144
6;02;0900;056;550+7+299+299+0+0+0+11+299;65+234
6;02;0900;057;94+9+87+87+0+0+0+0+87;25+62
6;02;1200;001;540+0+354+354+1+4+5+20+349;121+228
6;02;1200;002;691+0+408+408+1+0+1+10+407;115+292
6;02;1200;003;704+0+374+374+1+1+2+22+372;95+277
6;02;1200;004;639+0+388+388+1+0+1+27+387;97+290
6;02;1200;005;46+12+43+43+0+0+0+0+43;10+33
6;02;1200;007;512+3+357+357+4+1+5+10+352;55+297
6;02;1200;008;51+5+40+40+0+0+0+2+40;10+30
6;02;1200;009;123+4+58+58+0+0+0+0+58;15+43
6;02;1200;010;34+2+32+32+0+0+0+0+32;16+16
6;02;1200;011;144+4+121+121+0+0+0+10+121;26+95
6;02;1200;012;48+6+48+48+0+1+1+0+47;24+23
6;02;1200;013;304+2+189+189+0+0+0+0+189;21+168
6;02;1200;014;59+4+46+46+0+1+1+1+45;4+41
6;02;1200;016;62+1+49+49+0+0+0+0+49;17+32
6;02;1300;001;679+2+404+404+0+0+0+17+404;145+259
6;02;1300;002;748+4+444+444+0+0+0+0+444;183+261
6;02;1300;003;819+0+432+432+0+0+0+15+432;163+269
6;02;1300;004;821+0+479+479+0+0+0+16+479;217+262
6;02;1300;005;278+0+174+174+2+0+2+0+172;95+77
6;02;1300;006;739+0+405+405+0+0+0+15+405;133+272
6;02;1300;007;787+1+379+379+0+0+0+13+379;168+211
6;02;1300;008;32+5+32+32+0+0+0+0+32;9+23
6;02;1300;009;401+1+228+228+0+1+1+15+227;114+113
6;02;1300;010;80+4+52+52+0+0+0+0+52;15+37
6;02;1300;011;42+2+23+23+0+0+0+0+23;9+14
6;02;1300;012;517+2+262+262+0+0+0+12+262;89+173
6;02;1300;013;529+1+290+290+0+0+0+6+290;136+154
6;02;1300;014;84+5+64+64+0+0+0+3+64;17+47
6;02;1300;015;215+5+138+138+0+0+0+3+138;57+81
6;02;1300;016;402+4+304+304+0+0+0+10+304;47+257
6;02;1300;017;363+1+243+243+0+0+0+11+243;48+195
6;02;1300;018;193+2+133+133+0+1+1+0+132;86+46
6;02;1300;019;48+4+34+34+0+1+1+0+33;5+28
6;02;1300;020;157+3+101+101+0+0+0+0+101;30+71
6;02;1500;001;498+2+281+281+1+0+1+0+280;200+80
6;02;1500;002;488+0+313+313+0+0+0+0+313;212+101
6;02;1500;003;469+0+262+262+0+0+0+4+262;168+94
6;02;1500;004;1072+2+600+600+0+1+1+20+599;370+229
6;02;1500;005;997+0+532+532+0+0+0+15+532;301+231
6;02;1500;006;996+0+511+511+0+1+1+15+510;302+208
6;02;1500;007;1253+0+649+649+0+0+0+14+649;400+249
6;02;1500;008;930+2+473+473+1+0+1+8+472;264+208
6;02;1500;009;703+3+308+308+1+0+1+8+307;191+116
6;02;1500;010;703+0+285+285+0+0+0+5+285;196+89
6;02;1500;011;305+4+178+178+1+0+1+7+177;80+97
6;02;1500;012;743+0+374+374+0+0+0+15+374;215+159
6;02;1500;013;891+2+440+440+0+0+0+0+440;284+156
6;02;1500;014;793+1+391+391+1+1+2+21+389;89+300
6;02;1500;015;815+2+420+420+0+0+0+9+420;159+261
6;02;1500;016;318+2+194+194+0+1+1+2+193;89+104
6;02;1500;017;566+0+324+324+0+0+0+5+324;164+160
6;02;1500;018;704+0+380+380+0+0+0+7+380;198+182
6;02;1500;019;85+2+57+57+0+0+0+0+57;23+34
6;02;1500;020;43+1+35+35+0+0+0+0+35;16+19
6;02;1500;021;1025+0+462+462+0+0+0+27+462;199+263
6;02;1500;022;95+2+60+60+0+0+0+0+60;16+44
6;02;1500;023;700+2+418+418+2+0+2+0+416;275+141
6;02;1500;024;654+0+407+407+0+1+1+0+406;267+139
6;02;1500;025;708+1+352+352+0+0+0+6+352;93+259
6;02;1700;001;83+3+67+67+0+0+0+5+67;22+45
6;02;1700;002;930+1+428+428+0+0+0+21+428;204+224
6;02;1700;003;884+3+361+361+0+0+0+16+361;183+178
6;02;1700;004;804+8+384+384+3+0+3+381+381;99+282
6;02;1700;005;375+4+123+123+0+1+1+8+122;30+92
6;02;1700;006;644+5+341+341+0+0+0+29+341;115+226
6;02;1700;007;852+3+361+361+1+0+1+29+360;100+260
6;02;1700;008;566+4+182+182+0+0+0+0+182;32+150
6;02;1700;009;365+4+197+197+0+0+0+8+197;70+127
6;02;1700;010;296+5+161+161+0+0+0+5+161;64+97
6;02;1700;011;862+2+467+467+1+1+2+0+465;149+316
6;02;1700;012;642+2+367+367+0+1+1+0+366;157+209
6;02;1700;013;605+7+288+288+0+0+0+0+288;133+155
6;02;1700;014;171+3+93+93+0+0+0+0+93;27+66
6;02;1700;015;280+3+150+150+0+0+0+0+150;22+128
6;02;1700;016;131+3+91+91+0+0+0+0+91;47+44
6;02;1700;017;287+5+170+170+0+0+0+8+170;21+149
6;02;1700;018;682+0+418+418+2+1+3+11+415;237+178
6;02;1700;019;430+0+259+259+0+0+0+14+259;130+129
6;02;1700;020;552+0+323+323+0+0+0+15+323;208+115
6;02;1700;021;484+0+287+287+0+1+1+17+286;180+106
6;02;1700;022;523+1+324+324+1+0+1+15+323;209+114
6;02;1700;023;535+0+333+333+0+0+0+19+333;185+148
6;02;1700;024;579+0+348+348+4+0+4+20+344;210+134
6;02;1700;025;760+1+484+484+0+0+0+29+484;280+204
6;02;1700;026;611+1+322+322+0+0+0+21+322;194+128
6;02;1700;027;238+0+152+152+0+0+0+12+152;100+52
6;02;1700;028;515+0+323+323+0+0+0+0+323;177+146
6;02;1700;029;732+1+419+419+0+0+0+24+419;209+210
6;02;1700;030;479+1+265+265+0+0+0+19+265;110+155
6;02;1700;031;576+1+326+326+1+0+1+20+325;153+172
6;02;1700;032;597+2+285+285+0+1+1+26+284;44+240
6;02;1700;033;438+0+264+264+0+0+0+13+264;114+150
6;02;1700;034;647+2+287+287+0+1+1+17+286;99+187
6;02;1700;035;868+7+397+397+0+0+0+0+397;116+281
6;02;1700;036;430+0+200+200+0+0+0+0+200;105+95
6;02;1700;037;550+2+314+314+0+0+0+15+314;151+163
6;02;1700;038;509+0+234+234+0+1+1+12+233;136+97
6;02;1700;039;589+1+272+272+0+0+0+19+272;109+163
6;02;1700;040;691+0+300+300+0+0+0+0+300;42+258
6;02;1700;041;170+3+138+138+0+0+0+17+138;64+74
6;02;1700;042;58+5+28+28+0+0+0+0+28;8+20
6;02;1800;001;534+0+200+200+0+1+1+13+199;44+155
6;02;1800;002;448+0+148+148+3+3+6+5+142;48+94
6;02;1800;003;534+0+233+233+1+1+2+8+231;59+172
6;02;1800;004;562+0+252+252+0+0+0+1+252;61+191
6;02;1800;005;224+0+106+106+0+0+0+0+106;49+57
6;02;1800;006;612+0+323+323+0+2+2+17+321;62+259
6;02;1800;007;613+0+245+245+1+1+2+0+243;49+194
6;02;1800;008;466+1+286+286+0+0+0+0+286;94+192
6;02;1800;009;307+0+159+159+0+0+0+0+159;42+117
6;02;1800;010;240+0+115+115+0+1+1+0+114;27+87
6;02;1800;011;579+1+257+257+0+1+1+11+256;49+207
6;02;1800;012;420+0+290+290+0+0+0+0+290;29+261
6;02;1800;013;843+0+484+484+0+0+0+0+484;76+408
6;02;1800;015;194+0+99+99+0+2+2+4+97;26+71
6;02;1800;016;469+0+177+177+0+0+0+0+177;89+88
6;02;1800;017;368+1+177+177+0+0+0+4+177;50+127
6;02;1800;018;601+0+337+337+2+1+3+26+334;81+253
6;02;1800;019;553+0+216+216+2+0+2+12+214;105+109
6;02;1800;020;373+1+162+162+2+0+2+8+160;56+104
6;02;1800;021;383+0+241+241+1+0+1+14+240;46+194
6;02;1800;022;617+0+207+207+1+0+1+6+206;48+158
6;02;1800;023;670+0+236+236+2+0+2+3+234;52+182
6;02;1800;024;271+0+151+151+0+0+0+0+151;19+132
6;02;1800;025;336+0+122+122+0+0+0+0+122;17+105
6;02;1800;026;326+1+198+198+0+0+0+0+198;14+184
6;02;1800;027;543+1+287+287+1+2+3+18+284;68+216
6;02;1800;028;610+0+326+326+0+1+1+12+325;62+263
6;02;1800;029;641+0+226+226+0+0+0+0+226;90+136
6;02;1800;030;637+0+268+268+2+2+4+19+264;73+191
6;02;1800;031;305+1+239+239+0+0+0+0+239;18+221
6;02;1800;032;188+0+135+135+0+0+0+0+135;7+128
6;02;1800;033;387+1+228+228+1+0+1+0+227;24+203
6;02;1800;034;507+0+207+207+0+0+0+9+207;68+139
6;02;1800;035;319+0+131+131+0+1+1+4+130;54+76
6;02;1800;036;296+0+172+172+0+0+0+1+172;35+137
6;02;1800;037;515+1+207+207+0+0+0+0+207;68+139
6;02;1800;038;335+0+157+157+2+0+2+0+155;40+115
6;02;1800;039;807+1+409+409+7+0+7+0+402;36+366
6;02;1800;041;573+0+179+179+1+0+1+15+178;52+126
6;02;1800;042;292+0+161+161+0+0+0+0+161;8+153
6;02;1800;043;546+2+215+215+0+0+0+5+215;28+187
6;02;1800;044;322+0+174+174+3+0+3+0+171;22+149
6;02;1800;045;399+0+162+162+0+0+0+4+162;18+144
6;02;1800;046;652+2+264+264+0+1+1+0+263;125+138
6;02;1800;047;447+0+150+150+0+0+0+0+150;69+81
6;02;1800;048;618+1+274+274+0+0+0+0+274;117+157
6;02;1800;049;261+0+92+92+0+0+0+0+92;18+74
6;02;1800;051;829+0+293+293+2+5+7+0+286;77+209
6;02;1800;052;386+0+291+291+0+2+2+0+289;63+226
6;02;2100;001;610+0+361+361+0+0+0+14+361;189+172
6;02;2100;002;660+0+396+396+1+0+1+12+395;198+197
6;02;2100;003;724+1+390+390+0+1+1+0+389;212+177
6;02;2100;004;1039+0+593+593+1+2+3+38+590;300+290
6;02;2100;005;915+0+490+490+1+0+1+0+489;235+254
6;02;2100;006;203+0+105+105+0+0+0+0+105;43+62
6;02;2100;007;843+0+377+377+0+4+4+12+373;204+169
6;02;2100;009;491+0+303+303+0+0+0+9+303;109+194
6;02;2100;010;169+3+131+131+2+0+2+0+129;27+102
6;02;2100;011;205+0+136+136+3+0+3+8+133;31+102
6;02;2100;012;938+5+656+656+2+3+5+53+651;96+555
6;02;2100;014;523+2+323+323+0+0+0+19+323;101+222
6;02;2100;015;261+1+173+173+0+0+0+22+173;67+106
6;02;2100;016;633+3+286+286+0+0+0+0+286;89+197
6;02;2100;017;138+1+87+87+0+0+0+0+87;22+65
6;02;2100;018;393+4+243+243+0+1+1+12+242;67+175
6;02;2100;019;622+4+263+263+0+0+0+0+263;175+88
6;02;2100;020;629+0+349+349+0+0+0+0+349;138+211
6;02;2100;021;373+1+197+197+0+0+0+14+197;107+90
6;02;2100;022;894+5+511+511+3+0+3+19+508;288+220
6;02;2100;023;831+4+554+554+0+0+0+16+554;366+188
6;02;2300;001;638+1+335+335+0+0+0+15+335;73+262
6;02;2300;002;723+0+387+387+2+0+2+16+385;89+296
6;02;2300;003;675+0+340+340+0+0+0+10+340;111+229
6;02;2300;004;801+0+319+319+0+1+1+10+318;78+240
6;02;2300;005;128+1+89+89+0+0+0+0+89;34+55
6;02;2300;006;119+0+70+70+0+0+0+0+70;25+45
6;02;2300;007;132+1+110+110+0+0+0+4+110;34+76
6;02;2300;008;370+0+232+232+1+0+1+0+231;75+156
6;02;2300;009;177+0+134+134+0+0+0+9+134;15+119
6;02;2300;010;78+0+54+54+0+0+0+0+54;37+17
6;02;2300;011;280+0+186+186+0+0+0+0+186;51+135
6;02;2300;012;590+0+327+327+0+0+0+0+327;93+234
6;02;2300;013;55+0+45+45+0+0+0+0+45;8+37
6;02;2300;014;140+1+104+104+0+1+1+0+103;30+73
6;02;2300;015;155+0+113+113+1+0+1+0+112;30+82
6;02;2300;016;112+0+30+30+0+1+1+0+29;24+5
6;02;2300;017;280+3+176+176+0+0+0+0+176;88+88
6;02;2300;018;262+2+91+91+0+0+0+0+91;57+34
6;02;2300;019;409+1+282+282+0+0+0+0+282;111+171
6;02;2300;020;447+0+250+250+0+0+0+0+250;73+177
6;02;2300;021;525+0+215+215+1+0+1+0+214;98+116
6;02;2300;022;556+0+255+255+1+0+1+9+254;101+153
6;02;2300;023;237+2+134+134+1+0+1+0+133;31+102
6;02;2300;024;354+1+272+272+0+1+1+8+271;54+217
6;02;2300;025;334+1+213+213+0+1+1+6+212;48+164
6;02;2300;026;359+0+216+216+1+1+2+18+214;85+129
6;02;2300;027;265+0+168+168+0+0+0+7+168;72+96
6;02;2300;028;219+5+155+155+0+0+0+0+155;62+93
6;02;2300;029;670+4+417+417+1+0+1+10+416;147+269
6;02;2300;030;202+1+130+130+0+0+0+0+130;49+81
6;02;2300;031;681+0+200+200+0+0+0+7+200;64+136
6;02;2300;032;211+1+158+158+0+0+0+0+158;32+126
6;02;2300;033;404+2+298+298+0+0+0+0+298;73+225
6;02;2300;034;46+4+26+26+0+0+0+0+26;8+18
6;02;2300;035;407+1+232+232+0+1+1+0+231;76+155
6;02;2300;036;37+0+28+28+0+0+0+0+28;6+22
6;02;2700;001;794+0+402+402+0+0+0+19+402;170+232
6;02;2700;002;926+0+369+369+0+1+1+19+368;200+168
6;02;2700;003;502+0+225+225+0+0+0+10+225;107+118
6;02;2700;004;620+5+432+432+1+1+2+9+430;155+275
6;02;2700;005;97+0+67+67+0+0+0+4+67;24+43
6;02;2700;006;503+1+327+327+0+0+0+15+327;76+251
6;02;2700;007;49+0+34+34+0+0+0+4+34;9+25
6;02;2700;008;697+0+416+416+0+1+1+12+415;273+142
[END]

[AGGR]
02;6;   ;2+695+695+362341+1065+189956+189956+214+156+370+5156+189586;81733+107853
[END]
