[INFO]
03;Ва░на;301
[END]

[IZB]
03;6;   ;;18.11.2001;2;2;625
[END]

[NM]
0301;011;▒. Ав░ен;00084;00
0301;012;▒. Бенков▒ки;03811;00
0301;013;▒. Близна╢и;04426;00
0301;014;▒. Бол┐░╢и;05311;00
0301;015;▒. Д║б░авино;24400;00
0301;016;▒. Доб░и дол;21419;00
0301;017;▒. Зд░аве╢;30627;00
0301;018;▒. Каза╕ка ░ека;35208;00
0301;019;▒. Ки▓ка;37068;00
0301;020;▒. К░│╕а;40066;00
0301;022;▒. П░и▒ел╢и;58445;00
0301;023;▒. Равна го░а;61128;00
0301;024;▒. Садово;65125;00
0301;025;▒. Синдел;66490;00
0301;026;▒. Т░║▒▓иково;73393;00
0301;027;▒. Ца░ев╢и;70220;00
0301;028;▒. Юнак;86057;00
0302;029;▒. Ак▒аково;00182;00
0302;030;▒. Бо▓ево;05829;00
0302;031;▒. Води╢а;11702;00
0302;032;▒. В║глен;12406;00
0302;033;▒. Гене░ал Кан▓а░джиево;14653;00
0302;034;▒. Доб░оглед;21587;00
0302;035;▒. Доли╣е;21988;00
0302;036;▒. За▒м┐но;30363;00
0302;037;▒. Зо░ни╢а;31334;00
0302;038;▒. Игна▓иево;32278;00
0302;039;▒. Изво░▒ко;32490;00
0302;040;▒. Ки╖ево;37099;00
0302;041;▒. Климен▓ово;37246;00
0302;042;▒. К░│мово;39983;00
0302;043;▒. К│маново;40590;00
0302;044;▒. Л╛бен Ка░авелово;44519;00
0302;045;▒. Новаково;51826;00
0302;046;▒. О░е╕ак;53691;00
0302;047;▒. О▒еново;54145;00
0302;048;▒. П░ипек;58373;00
0302;049;▒. Радево;61306;00
0302;050;▒. Сл║н╖ево;67489;00
0302;051;▒. Я░еби╖на;87518;00
0304;052;г░. Бело▒лав;03719;00
0304;053;▒. Езе░ово;27125;00
0304;054;▒. Разделна;61741;00
0304;055;▒. С▓░а╕ими░ово;69763;00
0305;057;г░. Б┐ла;07598;00
0305;058;▒. Го░и╢а;16078;00
0305;059;▒. Го▒подиново;17323;00
0305;060;▒. Д╛лино;24739;00
0305;061;▒. Попови╖;57635;00
0306;001;г░. Ва░на;10135;01
0306;001;г░. Ва░на;10135;02
0306;001;г░. Ва░на;10135;03
0306;001;г░. Ва░на;10135;04
0306;001;г░. Ва░на;10135;05
0306;006;▒. Звезди╢а;30497;00
0306;007;▒. Каза╕ко;35211;00
0306;008;▒. Камена░;35701;00
0306;009;▒. Кон▒▓ан▓иново;38354;00
0306;011;▒. Тополи;72709;00
0308;062;▒. Белог░аде╢;03602;00
0308;063;▒. Ве▓░ино;10865;00
0308;064;▒. Габ║░ни╢а;14252;00
0308;065;▒. Доб░оплодно;21645;00
0308;066;▒. Млада гва░ди┐;48653;00
0308;067;▒. Мом╖илово;49000;00
0308;068;▒. Нев╕а;51233;00
0308;069;▒. Нео┤и▓ Рил▒ки;51487;00
0308;070;▒. С░едно ▒ело;68480;00
0308;071;▒. Ягнило;87206;00
0309;072;▒. Бо┐на;05978;00
0309;073;▒. Б░е▒▓ак;06416;00
0309;074;г░. В║л╖идол;12574;00
0309;075;▒. Войводино;11836;00
0309;076;▒. Гене░ал Ки▒елово;14667;00
0309;077;▒. Гене░ал Колево;14670;00
0309;078;▒. Доб░о▓и╖;21717;00
0309;079;▒. Е▒ени╢а;27629;00
0309;080;▒. Зв║не╢;30555;00
0309;081;▒. Изво░ник;32442;00
0309;082;▒. И▒к║░;32860;00
0309;083;▒. Кало┐н;35506;00
0309;084;▒. Ка░амани▓е;36302;00
0309;085;▒. К░ак░а;39373;00
0309;086;▒. Ме▓ли╖ина;47874;00
0309;087;▒. Ми╡али╖;48524;00
0309;088;▒. Обо░и╣е;53093;00
0309;089;▒. Радан войвода;61265;00
0309;090;▒. С▓е┤ан Ка░аджа;69170;00
0309;091;▒. С▓░а╡ил;69701;00
0309;092;▒. Че░вен╢и;80529;00
0309;093;▒. Щип▒ко;84022;00
0313;096;▒. Б│лаи░;07034;00
0313;097;▒. Б║░да░ево;07394;00
0313;098;▒. Венелин;10611;00
0313;099;▒. Голи╢а;15597;00
0313;100;▒. Го░ен ╖и┤лик;16050;00
0313;101;▒. Г░озд╝ово;17912;00
0313;102;▒. Де▓елина;20701;00
0313;103;г░. Долни ╖и┤лик;21912;00
0313;104;▒. К░ивини;39801;00
0313;105;▒. Нова Шипка;51963;00
0313;106;▒. Ново О░┐╡ово;52115;00
0313;107;▒. П╖елник;58921;00
0313;108;▒. Р│дник;63197;00
0313;109;▒. Солник;68028;00
0313;110;▒. С▓а░о О░┐╡ово;68998;00
0313;111;▒. Шко░пилов╢и;83404;00
0313;112;▒. Юне╢;86088;00
0314;094;г░. Девн┐;20482;00
0314;095;▒. Кип░а;36868;00
0314;096;▒. Падина;55110;00
0316;113;▒. А░ковна;00624;00
0316;114;▒. А▒па░│╡ово;00789;00
0316;115;▒. Бо░┐на;05699;00
0316;116;▒. Вели╖ково;10495;00
0316;117;г░. Д║лгопол;24565;00
0316;118;▒. Камен д┐л;35777;00
0316;119;▒. Ком│на░и;38162;00
0316;120;▒. К░а▒ими░;39551;00
0316;121;▒. Лоп│╕на;44294;00
0316;122;▒. Медове╢;47620;00
0316;123;▒. Па░▓изани;55470;00
0316;124;▒. Пол┐╢и▓е;57457;00
0316;125;▒. Ро┐к;63135;00
0316;126;▒. Сава;65019;00
0316;127;▒. Сладка вода;67129;00
0316;128;▒. Цонево;78519;00
0324;129;▒. Бл║▒ково;04457;00
0324;130;▒. Бозвелий▒ко;05102;00
0324;131;▒. Б║░зи╢а;07507;00
0324;132;▒. Вен╖ан;10663;00
0324;133;▒. Г░адина░ово;17508;00
0324;134;▒. Доб░ина;21484;00
0324;135;▒. Жи▓ни╢а;29458;00
0324;136;▒. Зла▓ина;31005;00
0324;137;▒. Ки▓ен;37037;00
0324;138;▒. Кома░ево;38114;00
0324;139;▒. К░ивн┐;39829;00
0324;140;▒. Мана▒▓и░;46975;00
0324;141;▒. Неново;51456;00
0324;142;▒. Ов╖ага;53182;00
0324;143;▒. Пе▓░ов дол;56143;00
0324;144;г░. П░овади┐;58503;00
0324;145;▒. Равна;61073;00
0324;146;▒. Славейково;66963;00
0324;147;▒. Снежина;67739;00
0324;148;▒. С▓а░о▒еле╢;69020;00
0324;149;▒. Т│▓░акан╢и;73506;00
0324;150;▒. Х░аб░ово;77387;00
0324;151;▒. Чайка;80073;00
0324;152;▒. Че░ковна;80710;00
0324;153;▒. Че░ноок;81195;00
0326;154;▒. Баново;02662;00
0326;155;▒. Д░║нда░;23858;00
0326;156;▒. Изг░ев;32528;00
0326;157;▒. Калиман╢и;35376;00
0326;158;▒. Лев▒ки;43222;00
0326;159;▒. Николаевка;51584;00
0326;160;▒. П░о▒е╖ен;58654;00
0326;161;г░. С│во░ово;70175;00
0326;162;▒. Че░нево;80861;00
[END]

[SEC]
03;0100;001;6;011
03;0100;002;6;011
03;0100;003;6;012
03;0100;004;6;013
03;0100;005;6;014
03;0100;006;6;015
03;0100;007;6;015
03;0100;008;6;016
03;0100;009;6;017
03;0100;010;6;018
03;0100;011;6;019
03;0100;012;6;020
03;0100;013;6;022
03;0100;014;6;023
03;0100;015;6;024
03;0100;016;6;025
03;0100;017;6;025
03;0100;018;6;026
03;0100;019;6;027
03;0100;020;6;028
03;0200;001;6;029
03;0200;002;6;029
03;0200;003;6;029
03;0200;004;6;029
03;0200;005;6;029
03;0200;006;6;029
03;0200;007;6;029
03;0200;008;6;039
03;0200;009;6;032
03;0200;010;6;051
03;0200;011;6;037
03;0200;012;6;038
03;0200;013;6;038
03;0200;014;6;038
03;0200;015;6;038
03;0200;016;6;038
03;0200;017;6;050
03;0200;018;6;030
03;0200;019;6;040
03;0200;020;6;043
03;0200;021;6;046
03;0200;022;6;035
03;0200;023;6;045
03;0200;024;6;041
03;0200;025;6;033
03;0200;026;6;047
03;0200;027;6;031
03;0200;028;6;036
03;0200;029;6;042
03;0200;030;6;049
03;0200;031;6;044
03;0200;032;6;034
03;0200;033;6;048
03;0400;001;6;052
03;0400;002;6;052
03;0400;003;6;052
03;0400;004;6;052
03;0400;005;6;052
03;0400;006;6;052
03;0400;007;6;052
03;0400;008;6;052
03;0400;009;6;052
03;0400;010;6;052
03;0400;011;6;054
03;0400;012;6;055
03;0400;013;6;053
03;0400;014;6;053
03;0500;001;6;057
03;0500;002;6;057
03;0500;003;6;058
03;0500;004;6;059
03;0500;005;6;060
03;0500;006;6;061
03;0600;364;6;011
03;0600;365;6;011
03;0600;366;6;011
03;0600;367;6;011
03;0600;368;6;007
03;0600;369;6;008
03;0600;370;6;008
03;0600;371;6;006
03;0600;372;6;009
03;0601;001;6;001
03;0601;002;6;001
03;0601;003;6;001
03;0601;004;6;001
03;0601;005;6;001
03;0601;006;6;001
03;0601;007;6;001
03;0601;008;6;001
03;0601;009;6;001
03;0601;010;6;001
03;0601;011;6;001
03;0601;012;6;001
03;0601;013;6;001
03;0601;014;6;001
03;0601;015;6;001
03;0601;016;6;001
03;0601;017;6;001
03;0601;018;6;001
03;0601;019;6;001
03;0601;020;6;001
03;0601;021;6;001
03;0601;022;6;001
03;0601;023;6;001
03;0601;024;6;001
03;0601;025;6;001
03;0601;026;6;001
03;0601;027;6;001
03;0601;028;6;001
03;0601;029;6;001
03;0601;030;6;001
03;0601;031;6;001
03;0601;032;6;001
03;0601;033;6;001
03;0601;034;6;001
03;0601;035;6;001
03;0601;036;6;001
03;0601;037;6;001
03;0601;038;6;001
03;0601;039;6;001
03;0601;040;6;001
03;0601;041;6;001
03;0601;042;6;001
03;0601;043;6;001
03;0601;044;6;001
03;0601;045;6;001
03;0601;046;6;001
03;0601;047;6;001
03;0601;048;6;001
03;0601;049;6;001
03;0601;050;6;001
03;0601;051;6;001
03;0601;052;6;001
03;0601;053;6;001
03;0601;054;6;001
03;0601;055;6;001
03;0601;056;6;001
03;0601;057;6;001
03;0601;058;6;001
03;0601;059;6;001
03;0601;060;6;001
03;0601;061;6;001
03;0601;062;6;001
03;0601;063;6;001
03;0601;064;6;001
03;0601;065;6;001
03;0601;066;6;001
03;0601;067;6;001
03;0601;068;6;001
03;0601;069;6;001
03;0601;070;6;001
03;0601;071;6;001
03;0601;072;6;001
03;0601;073;6;001
03;0601;074;6;001
03;0601;075;6;001
03;0601;076;6;001
03;0601;077;6;001
03;0601;078;6;001
03;0601;079;6;001
03;0601;080;6;001
03;0601;081;6;001
03;0601;082;6;001
03;0601;083;6;001
03;0602;084;6;001
03;0602;085;6;001
03;0602;086;6;001
03;0602;087;6;001
03;0602;088;6;001
03;0602;089;6;001
03;0602;090;6;001
03;0602;091;6;001
03;0602;092;6;001
03;0602;093;6;001
03;0602;094;6;001
03;0602;095;6;001
03;0602;096;6;001
03;0602;097;6;001
03;0602;098;6;001
03;0602;099;6;001
03;0602;100;6;001
03;0602;101;6;001
03;0602;102;6;001
03;0602;103;6;001
03;0602;104;6;001
03;0602;105;6;001
03;0602;106;6;001
03;0602;107;6;001
03;0602;108;6;001
03;0602;109;6;001
03;0602;110;6;001
03;0602;111;6;001
03;0602;112;6;001
03;0602;113;6;001
03;0602;114;6;001
03;0602;115;6;001
03;0602;116;6;001
03;0602;117;6;001
03;0602;118;6;001
03;0602;119;6;001
03;0602;120;6;001
03;0602;121;6;001
03;0602;122;6;001
03;0602;123;6;001
03;0602;124;6;001
03;0602;125;6;001
03;0602;126;6;001
03;0602;127;6;001
03;0602;128;6;001
03;0602;129;6;001
03;0602;130;6;001
03;0602;131;6;001
03;0602;132;6;001
03;0602;133;6;001
03;0602;134;6;001
03;0602;135;6;001
03;0602;136;6;001
03;0602;137;6;001
03;0602;138;6;001
03;0602;139;6;001
03;0602;140;6;001
03;0602;141;6;001
03;0602;142;6;001
03;0602;143;6;001
03;0602;144;6;001
03;0602;145;6;001
03;0602;146;6;001
03;0602;147;6;001
03;0602;148;6;001
03;0602;149;6;001
03;0602;150;6;001
03;0602;151;6;001
03;0602;152;6;001
03;0602;153;6;001
03;0602;154;6;001
03;0602;155;6;001
03;0602;156;6;001
03;0602;157;6;001
03;0602;158;6;001
03;0602;159;6;001
03;0602;160;6;001
03;0602;161;6;001
03;0602;162;6;001
03;0602;163;6;001
03;0602;164;6;001
03;0602;165;6;001
03;0602;166;6;001
03;0602;167;6;001
03;0602;168;6;001
03;0602;169;6;001
03;0602;170;6;001
03;0602;171;6;001
03;0602;172;6;001
03;0602;173;6;001
03;0602;174;6;001
03;0602;175;6;001
03;0602;176;6;001
03;0602;177;6;001
03;0602;178;6;001
03;0602;373;6;001
03;0602;374;6;001
03;0602;375;6;001
03;0602;376;6;001
03;0602;379;6;001
03;0602;400;6;001
03;0602;401;6;001
03;0602;402;6;001
03;0602;403;6;001
03;0603;179;6;001
03;0603;180;6;001
03;0603;181;6;001
03;0603;182;6;001
03;0603;183;6;001
03;0603;184;6;001
03;0603;185;6;001
03;0603;186;6;001
03;0603;187;6;001
03;0603;188;6;001
03;0603;189;6;001
03;0603;190;6;001
03;0603;191;6;001
03;0603;192;6;001
03;0603;193;6;001
03;0603;194;6;001
03;0603;195;6;001
03;0603;196;6;001
03;0603;197;6;001
03;0603;198;6;001
03;0603;199;6;001
03;0603;200;6;001
03;0603;201;6;001
03;0603;202;6;001
03;0603;203;6;001
03;0603;204;6;001
03;0603;205;6;001
03;0603;206;6;001
03;0603;207;6;001
03;0603;208;6;001
03;0603;209;6;001
03;0603;210;6;001
03;0603;211;6;001
03;0603;212;6;001
03;0603;213;6;001
03;0603;214;6;001
03;0603;215;6;001
03;0603;216;6;001
03;0603;217;6;001
03;0603;218;6;001
03;0603;219;6;001
03;0603;220;6;001
03;0603;221;6;001
03;0603;222;6;001
03;0603;223;6;001
03;0603;224;6;001
03;0603;225;6;001
03;0603;226;6;001
03;0603;227;6;001
03;0603;228;6;001
03;0603;229;6;001
03;0603;230;6;001
03;0603;231;6;001
03;0603;232;6;001
03;0603;233;6;001
03;0603;234;6;001
03;0603;235;6;001
03;0603;236;6;001
03;0603;237;6;001
03;0603;238;6;001
03;0603;239;6;001
03;0603;240;6;001
03;0603;241;6;001
03;0603;242;6;001
03;0603;243;6;001
03;0603;244;6;001
03;0603;245;6;001
03;0603;246;6;001
03;0603;247;6;001
03;0603;248;6;001
03;0603;249;6;001
03;0603;250;6;001
03;0603;251;6;001
03;0603;252;6;001
03;0603;253;6;001
03;0603;254;6;001
03;0603;255;6;001
03;0603;256;6;001
03;0603;257;6;001
03;0603;258;6;001
03;0603;259;6;001
03;0603;260;6;001
03;0603;261;6;001
03;0603;262;6;001
03;0603;263;6;001
03;0603;264;6;001
03;0603;265;6;001
03;0603;266;6;001
03;0603;267;6;001
03;0603;268;6;001
03;0603;269;6;001
03;0603;270;6;001
03;0603;271;6;001
03;0603;272;6;001
03;0603;273;6;001
03;0603;274;6;001
03;0603;275;6;001
03;0603;276;6;001
03;0603;277;6;001
03;0603;380;6;001
03;0603;381;6;001
03;0604;278;6;001
03;0604;279;6;001
03;0604;280;6;001
03;0604;281;6;001
03;0604;282;6;001
03;0604;283;6;001
03;0604;284;6;001
03;0604;285;6;001
03;0604;286;6;001
03;0604;287;6;001
03;0604;288;6;001
03;0604;289;6;001
03;0604;290;6;001
03;0604;291;6;001
03;0604;292;6;001
03;0604;293;6;001
03;0604;294;6;001
03;0604;295;6;001
03;0604;296;6;001
03;0604;297;6;001
03;0604;298;6;001
03;0604;299;6;001
03;0604;300;6;001
03;0604;301;6;001
03;0604;302;6;001
03;0604;303;6;001
03;0604;304;6;001
03;0604;305;6;001
03;0604;306;6;001
03;0604;307;6;001
03;0604;308;6;001
03;0604;309;6;001
03;0604;310;6;001
03;0604;311;6;001
03;0604;312;6;001
03;0604;313;6;001
03;0604;314;6;001
03;0604;315;6;001
03;0604;316;6;001
03;0604;317;6;001
03;0604;318;6;001
03;0604;319;6;001
03;0604;320;6;001
03;0604;321;6;001
03;0604;322;6;001
03;0604;323;6;001
03;0604;324;6;001
03;0604;325;6;001
03;0604;326;6;001
03;0604;327;6;001
03;0604;328;6;001
03;0604;329;6;001
03;0604;330;6;001
03;0604;331;6;001
03;0604;332;6;001
03;0604;333;6;001
03;0604;334;6;001
03;0604;335;6;001
03;0604;336;6;001
03;0604;337;6;001
03;0604;338;6;001
03;0605;339;6;001
03;0605;340;6;001
03;0605;341;6;001
03;0605;342;6;001
03;0605;343;6;001
03;0605;344;6;001
03;0605;345;6;001
03;0605;346;6;001
03;0605;347;6;001
03;0605;348;6;001
03;0605;349;6;001
03;0605;350;6;001
03;0605;351;6;001
03;0605;352;6;001
03;0605;353;6;001
03;0605;354;6;001
03;0605;355;6;001
03;0605;356;6;001
03;0605;357;6;001
03;0605;358;6;001
03;0605;359;6;001
03;0605;360;6;001
03;0605;361;6;001
03;0605;362;6;001
03;0605;363;6;001
03;0800;001;6;069
03;0800;002;6;064
03;0800;003;6;066
03;0800;004;6;068
03;0800;005;6;062
03;0800;006;6;062
03;0800;007;6;071
03;0800;008;6;065
03;0800;009;6;065
03;0800;010;6;067
03;0800;011;6;070
03;0800;012;6;063
03;0800;013;6;063
03;0900;001;6;074
03;0900;002;6;074
03;0900;003;6;074
03;0900;004;6;074
03;0900;005;6;075
03;0900;006;6;093
03;0900;007;6;073
03;0900;008;6;073
03;0900;009;6;086
03;0900;010;6;083
03;0900;011;6;079
03;0900;012;6;087
03;0900;013;6;085
03;0900;014;6;078
03;0900;015;6;082
03;0900;016;6;088
03;0900;017;6;072
03;0900;018;6;076
03;0900;019;6;080
03;0900;020;6;091
03;0900;021;6;090
03;0900;022;6;077
03;0900;023;6;081
03;0900;024;6;089
03;0900;025;6;092
03;0900;026;6;084
03;1300;001;6;103
03;1300;002;6;103
03;1300;003;6;103
03;1300;004;6;103
03;1300;005;6;103
03;1300;006;6;103
03;1300;007;6;103
03;1300;008;6;107
03;1300;009;6;107
03;1300;010;6;098
03;1300;011;6;100
03;1300;012;6;100
03;1300;013;6;101
03;1300;014;6;101
03;1300;015;6;101
03;1300;016;6;105
03;1300;017;6;104
03;1300;018;6;109
03;1300;019;6;097
03;1300;020;6;099
03;1300;021;6;096
03;1300;022;6;102
03;1300;023;6;110
03;1300;024;6;110
03;1300;025;6;110
03;1300;026;6;106
03;1300;027;6;111
03;1300;028;6;108
03;1300;029;6;112
03;1400;001;6;094
03;1400;002;6;094
03;1400;003;6;094
03;1400;004;6;094
03;1400;005;6;094
03;1400;006;6;094
03;1400;007;6;094
03;1400;008;6;094
03;1400;009;6;094
03;1400;010;6;094
03;1400;011;6;095
03;1400;012;6;096
03;1600;001;6;117
03;1600;002;6;117
03;1600;003;6;117
03;1600;004;6;117
03;1600;005;6;117
03;1600;006;6;117
03;1600;007;6;117
03;1600;008;6;114
03;1600;009;6;115
03;1600;010;6;126
03;1600;011;6;125
03;1600;012;6;118
03;1600;013;6;120
03;1600;014;6;127
03;1600;015;6;119
03;1600;016;6;123
03;1600;017;6;123
03;1600;018;6;113
03;1600;019;6;121
03;1600;020;6;121
03;1600;021;6;122
03;1600;022;6;122
03;1600;023;6;124
03;1600;024;6;128
03;1600;025;6;128
03;1600;026;6;128
03;1600;027;6;128
03;1600;028;6;116
03;2400;001;6;144
03;2400;002;6;144
03;2400;003;6;144
03;2400;004;6;144
03;2400;005;6;144
03;2400;006;6;144
03;2400;007;6;144
03;2400;008;6;144
03;2400;009;6;144
03;2400;010;6;144
03;2400;011;6;144
03;2400;012;6;144
03;2400;013;6;144
03;2400;014;6;144
03;2400;015;6;144
03;2400;016;6;144
03;2400;017;6;144
03;2400;018;6;144
03;2400;019;6;144
03;2400;020;6;144
03;2400;021;6;144
03;2400;024;6;130
03;2400;025;6;130
03;2400;026;6;131
03;2400;027;6;149
03;2400;028;6;151
03;2400;029;6;152
03;2400;030;6;142
03;2400;031;6;145
03;2400;032;6;139
03;2400;033;6;141
03;2400;034;6;133
03;2400;035;6;146
03;2400;036;6;147
03;2400;037;6;153
03;2400;038;6;129
03;2400;039;6;129
03;2400;040;6;137
03;2400;041;6;150
03;2400;042;6;138
03;2400;043;6;135
03;2400;044;6;140
03;2400;045;6;134
03;2400;046;6;136
03;2400;047;6;132
03;2400;048;6;143
03;2400;049;6;148
03;2600;001;6;161
03;2600;002;6;161
03;2600;003;6;161
03;2600;004;6;161
03;2600;005;6;161
03;2600;006;6;162
03;2600;007;6;162
03;2600;008;6;160
03;2600;009;6;158
03;2600;010;6;154
03;2600;011;6;157
03;2600;012;6;156
03;2600;013;6;159
03;2600;014;6;155
[END]

[MAJ]
03;6;   ;02;;;Пе▓║░ С▓е┤анов С▓о┐нов и Нели Пе▓░ова К│╢кова;, ;ПСС+НПК;112543;0;1
03;6;   ;05;;;Гео░ги Седе┤╖ов П║░ванов и Ангел Иванов Ма░ин;, ;ГСП+АИМ;103817;1;2
[END]

[PROP]
[END]

[LISTI]
[END]

[PROT]
6;03;0100;001;289+2+189+189+0+1+1+4+188;86+102
6;03;0100;002;408+2+273+273+1+1+2+14+271;127+144
6;03;0100;003;373+2+224+224+1+0+1+3+223;115+108
6;03;0100;004;551+1+336+336+1+0+1+14+335;186+149
6;03;0100;005;120+0+96+96+0+0+0+4+96;45+51
6;03;0100;006;396+4+234+234+1+0+1+5+233;74+159
6;03;0100;007;567+0+346+346+0+2+2+0+344;222+122
6;03;0100;008;24+0+19+19+0+0+0+0+19;13+6
6;03;0100;009;205+5+132+132+0+0+0+11+132;41+91
6;03;0100;010;231+3+133+133+1+0+1+7+132;44+88
6;03;0100;011;191+1+140+140+0+0+0+4+140;63+77
6;03;0100;012;63+1+52+52+0+0+0+0+52;21+31
6;03;0100;013;743+1+428+428+0+0+0+17+428;267+161
6;03;0100;014;116+2+83+83+0+0+0+2+83;48+35
6;03;0100;015;258+4+169+169+0+0+0+12+169;80+89
6;03;0100;016;417+0+288+288+0+1+1+10+287;93+194
6;03;0100;017;380+0+182+182+1+1+2+10+180;64+116
6;03;0100;018;472+1+255+255+1+0+1+15+254;91+163
6;03;0100;019;653+3+356+356+0+0+0+23+356;137+219
6;03;0100;020;107+0+68+68+0+2+2+1+66;32+34
6;03;0200;001;699+9+406+406+0+0+0+7+406;223+183
6;03;0200;002;867+0+519+519+0+0+0+18+519;255+264
6;03;0200;003;882+0+543+543+0+1+1+25+542;279+263
6;03;0200;004;881+0+513+513+1+1+2+30+511;278+233
6;03;0200;005;816+0+436+436+2+0+2+0+434;204+230
6;03;0200;006;670+0+399+399+0+0+0+8+399;165+234
6;03;0200;007;898+0+483+483+0+1+1+6+482;242+240
6;03;0200;008;496+2+307+307+0+0+0+20+307;156+151
6;03;0200;009;633+5+338+338+2+0+2+0+336;106+230
6;03;0200;010;72+6+56+56+0+0+0+0+56;27+29
6;03;0200;011;90+2+65+65+0+0+0+1+65;28+37
6;03;0200;012;539+2+303+303+0+0+0+0+303;117+186
6;03;0200;013;551+2+242+242+0+0+0+0+242;96+146
6;03;0200;014;561+1+276+276+1+0+1+0+275;148+127
6;03;0200;015;635+3+260+260+0+0+0+7+260;87+173
6;03;0200;016;525+3+184+184+0+1+1+0+183;49+134
6;03;0200;017;536+2+303+303+0+1+1+17+302;153+149
6;03;0200;018;210+5+148+148+0+0+0+0+148;61+87
6;03;0200;019;701+0+419+419+0+0+0+9+419;201+218
6;03;0200;020;172+7+145+145+0+0+0+6+145;76+69
6;03;0200;021;159+5+121+121+0+0+0+3+121;62+59
6;03;0200;022;229+2+194+194+0+2+2+2+192;89+103
6;03;0200;023;43+3+43+43+0+0+0+2+43;16+27
6;03;0200;024;176+1+122+122+0+0+0+0+122;74+48
6;03;0200;025;434+1+282+282+0+1+1+14+281;142+139
6;03;0200;026;235+1+154+154+0+0+0+4+154;76+78
6;03;0200;027;181+2+129+129+0+0+0+7+129;38+91
6;03;0200;028;119+4+67+67+0+0+0+0+67;27+40
6;03;0200;029;171+4+125+125+0+0+0+0+125;49+76
6;03;0200;030;56+2+36+36+0+0+0+0+36;16+20
6;03;0200;031;871+5+507+507+0+2+2+13+505;172+333
6;03;0200;032;36+4+31+31+0+0+0+1+31;16+15
6;03;0200;033;46+2+40+40+0+0+0+0+40;21+19
6;03;0400;001;738+2+286+286+0+1+1+23+285;47+238
6;03;0400;002;773+1+368+368+0+0+0+23+368;130+238
6;03;0400;003;860+1+469+469+0+2+2+21+467;230+237
6;03;0400;004;841+1+438+438+1+0+1+20+437;211+226
6;03;0400;005;654+1+398+398+0+0+0+19+398;214+184
6;03;0400;006;568+1+333+333+0+0+0+0+333;181+152
6;03;0400;007;671+1+388+388+2+0+2+13+386;211+175
6;03;0400;008;578+1+262+262+0+0+0+0+262;128+134
6;03;0400;009;467+0+201+201+0+1+1+0+200;103+97
6;03;0400;010;506+0+288+288+1+0+1+8+287;123+164
6;03;0400;011;417+0+286+286+0+0+0+20+286;146+140
6;03;0400;012;690+1+404+404+0+0+0+11+404;166+238
6;03;0400;013;579+1+299+299+0+0+0+14+299;168+131
6;03;0400;014;686+4+341+341+0+0+0+14+341;179+162
6;03;0500;001;953+0+547+547+1+0+1+29+546;205+341
6;03;0500;002;871+1+423+423+2+1+3+0+420;183+237
6;03;0500;003;93+4+59+59+0+0+0+0+59;35+24
6;03;0500;004;345+2+181+181+0+0+0+0+181;40+141
6;03;0500;005;227+4+161+161+2+1+3+0+158;62+96
6;03;0500;006;291+4+131+131+0+0+0+0+131;54+77
6;03;0600;364;379+0+379+379+1+1+2+19+377;203+174
6;03;0600;365;505+0+305+305+0+0+0+17+305;138+167
6;03;0600;366;624+0+376+376+1+1+2+7+374;182+192
6;03;0600;367;648+0+352+352+1+1+2+10+350;181+169
6;03;0600;368;321+2+189+189+0+0+0+7+189;99+90
6;03;0600;369;444+0+256+256+2+1+3+0+253;116+137
6;03;0600;370;854+10+409+409+0+2+2+12+407;330+77
6;03;0600;371;668+3+424+424+0+1+1+26+423;255+168
6;03;0600;372;894+0+417+417+0+0+0+36+417;209+208
6;03;0601;001;700+1+406+406+0+0+0+7+406;264+142
6;03;0601;002;857+6+522+522+4+0+4+0+518;351+167
6;03;0601;003;763+0+467+467+0+0+0+14+467;311+156
6;03;0601;004;938+0+555+555+0+0+0+9+555;349+206
6;03;0601;005;761+2+443+443+2+1+3+28+440;277+163
6;03;0601;006;661+1+402+402+0+2+2+0+400;261+139
6;03;0601;007;752+1+423+423+0+0+0+14+423;319+104
6;03;0601;008;669+2+368+368+1+1+2+11+366;227+139
6;03;0601;009;859+1+440+440+1+0+1+16+439;305+134
6;03;0601;010;707+0+395+395+0+0+0+8+395;271+124
6;03;0601;011;777+4+454+454+1+0+1+12+453;295+158
6;03;0601;012;768+3+435+435+0+0+0+19+435;277+158
6;03;0601;013;882+0+534+534+1+0+1+36+533;339+194
6;03;0601;014;816+0+464+464+0+0+0+7+464;307+157
6;03;0601;015;494+1+495+495+0+0+0+14+495;312+183
6;03;0601;016;843+0+417+417+0+0+0+0+417;258+159
6;03;0601;017;977+6+561+561+0+0+0+25+561;385+176
6;03;0601;018;948+1+501+501+0+0+0+16+501;349+152
6;03;0601;019;884+0+480+480+0+0+0+12+480;224+256
6;03;0601;020;614+1+376+376+2+0+2+9+374;203+171
6;03;0601;021;967+1+523+523+1+0+1+29+522;337+185
6;03;0601;022;772+0+436+436+2+0+2+0+434;231+203
6;03;0601;023;883+1+535+535+0+0+0+0+535;370+165
6;03;0601;024;952+0+559+559+0+2+2+19+557;325+232
6;03;0601;025;767+1+430+430+0+0+0+22+430;295+135
6;03;0601;026;617+0+345+345+0+0+0+17+345;189+156
6;03;0601;027;873+0+504+504+2+0+2+18+502;321+181
6;03;0601;028;920+0+502+502+2+0+2+4+500;341+159
6;03;0601;029;774+0+455+455+0+1+1+3+454;255+199
6;03;0601;030;948+2+603+603+0+0+0+25+603;351+252
6;03;0601;031;635+4+393+393+2+0+2+17+391;235+156
6;03;0601;032;420+0+238+238+0+0+0+13+238;149+89
6;03;0601;033;648+0+404+404+1+0+1+13+403;272+131
6;03;0601;034;848+0+521+521+0+2+2+25+519;332+187
6;03;0601;035;883+0+490+490+0+0+0+23+490;327+163
6;03;0601;036;673+2+425+425+1+0+1+23+424;268+156
6;03;0601;037;638+1+376+376+2+0+2+19+374;236+138
6;03;0601;038;802+0+481+481+0+0+0+27+481;307+174
6;03;0601;039;919+1+600+600+0+1+1+18+599;372+227
6;03;0601;040;658+1+426+426+0+0+0+6+426;265+161
6;03;0601;041;519+0+302+302+0+0+0+13+302;229+73
6;03;0601;042;524+0+338+338+0+0+0+0+338;206+132
6;03;0601;043;416+0+264+264+0+0+0+8+264;174+90
6;03;0601;044;772+0+504+504+0+2+2+10+502;280+222
6;03;0601;045;596+0+337+337+0+0+0+15+337;206+131
6;03;0601;046;1160+1+709+709+1+2+3+26+706;461+245
6;03;0601;047;1032+1+610+610+3+0+3+15+607;394+213
6;03;0601;048;945+3+600+600+0+1+1+8+599;395+204
6;03;0601;049;684+1+412+412+0+1+1+18+411;276+135
6;03;0601;050;889+0+516+516+0+0+0+31+516;297+219
6;03;0601;051;662+0+414+414+0+1+1+15+413;268+145
6;03;0601;052;856+1+469+469+1+0+1+10+468;292+176
6;03;0601;053;990+0+541+541+0+0+0+0+541;374+167
6;03;0601;054;1079+0+628+628+0+0+0+22+628;378+250
6;03;0601;055;1350+2+771+771+0+0+0+0+771;474+297
6;03;0601;056;1312+1+748+748+0+0+0+32+748;489+259
6;03;0601;057;887+0+465+465+2+0+2+11+463;301+162
6;03;0601;058;1003+0+561+561+0+0+0+0+561;343+218
6;03;0601;059;1280+0+656+656+1+0+1+13+655;419+236
6;03;0601;060;727+0+422+422+0+0+0+0+422;296+126
6;03;0601;061;402+0+248+248+0+0+0+3+248;147+101
6;03;0601;062;1109+0+644+644+0+0+0+0+644;408+236
6;03;0601;063;606+0+306+306+0+0+0+0+306;214+92
6;03;0601;064;726+0+369+369+0+0+0+8+369;225+144
6;03;0601;065;710+0+421+421+0+0+0+15+421;280+141
6;03;0601;066;684+0+372+372+0+0+0+0+372;262+110
6;03;0601;067;740+0+360+360+0+0+0+16+360;242+118
6;03;0601;068;991+0+542+542+0+1+1+25+541;349+192
6;03;0601;069;746+0+363+363+0+0+0+0+363;240+123
6;03;0601;070;1034+0+577+577+1+0+1+19+576;335+241
6;03;0601;071;666+2+352+352+0+0+0+0+352;211+141
6;03;0601;072;834+0+411+411+0+0+0+0+411;245+166
6;03;0601;073;584+0+209+209+0+1+1+12+208;104+104
6;03;0601;074;421+1+157+157+0+0+0+3+157;92+65
6;03;0601;075;752+0+152+152+0+2+2+10+150;89+61
6;03;0601;076;890+0+131+131+0+0+0+0+131;90+41
6;03;0601;077;851+0+362+362+0+0+0+22+362;228+134
6;03;0601;078;1063+0+422+422+1+2+3+0+419;284+135
6;03;0601;079;845+0+499+499+0+0+0+13+499;284+215
6;03;0601;080;1011+0+488+488+0+0+0+9+488;302+186
6;03;0601;081;969+0+461+461+0+0+0+0+461;276+185
6;03;0601;082;857+6+393+393+0+1+1+0+392;249+143
6;03;0601;083;712+0+321+321+0+0+0+12+321;184+137
6;03;0602;084;723+0+415+415+1+0+1+0+414;303+111
6;03;0602;085;775+0+505+505+0+3+3+0+502;248+254
6;03;0602;086;713+0+465+465+2+0+2+0+463;248+215
6;03;0602;087;883+0+474+474+0+0+0+0+474;234+240
6;03;0602;088;981+4+579+579+1+0+1+0+578;345+233
6;03;0602;089;854+0+499+499+0+0+0+0+499;305+194
6;03;0602;090;965+2+561+561+0+0+0+20+561;317+244
6;03;0602;091;654+0+374+374+1+1+2+19+372;248+124
6;03;0602;092;997+1+573+573+1+1+2+0+571;342+229
6;03;0602;093;967+2+543+543+0+1+1+0+542;303+239
6;03;0602;094;940+1+502+502+0+0+0+22+502;299+203
6;03;0602;095;874+8+473+473+0+0+0+13+473;272+201
6;03;0602;096;897+1+498+498+0+0+0+0+498;294+204
6;03;0602;097;809+0+485+485+4+0+4+0+481;208+273
6;03;0602;098;668+0+402+402+0+0+0+0+402;163+239
6;03;0602;099;556+4+256+256+0+0+0+0+256;181+75
6;03;0602;100;913+0+554+554+5+0+5+0+549;307+242
6;03;0602;101;823+6+438+438+1+0+1+0+437;247+190
6;03;0602;102;903+0+488+488+0+3+3+27+485;278+207
6;03;0602;103;279+2+46+46+0+0+0+2+46;30+16
6;03;0602;104;997+10+490+490+0+1+1+4+489;276+213
6;03;0602;105;861+0+516+516+0+0+0+0+516;250+266
6;03;0602;106;624+3+360+360+0+0+0+11+360;225+135
6;03;0602;107;936+0+528+528+0+0+0+24+528;318+210
6;03;0602;108;564+1+284+284+0+0+0+9+284;179+105
6;03;0602;109;878+0+443+443+0+1+1+0+442;248+194
6;03;0602;110;1037+0+502+502+2+0+2+11+500;344+156
6;03;0602;111;944+0+515+515+0+0+0+0+515;325+190
6;03;0602;112;999+1+544+544+0+0+0+0+544;361+183
6;03;0602;113;921+0+509+509+0+0+0+0+509;274+235
6;03;0602;114;1045+0+588+588+2+0+2+0+586;368+218
6;03;0602;115;851+0+508+508+0+0+0+0+508;258+250
6;03;0602;116;897+0+541+541+0+0+0+0+541;272+269
6;03;0602;117;786+0+441+441+0+0+0+0+441;252+189
6;03;0602;118;652+0+373+373+0+1+1+15+372;195+177
6;03;0602;119;876+0+511+511+0+0+0+4+511;275+236
6;03;0602;120;878+0+501+501+0+0+0+10+501;309+192
6;03;0602;121;896+0+482+482+0+0+0+0+482;306+176
6;03;0602;122;979+0+550+550+0+0+0+0+550;326+224
6;03;0602;123;643+1+356+356+0+0+0+0+356;224+132
6;03;0602;124;693+0+388+388+0+0+0+10+388;212+176
6;03;0602;125;738+0+369+369+0+0+0+18+369;211+158
6;03;0602;126;1031+0+479+479+0+0+0+18+479;291+188
6;03;0602;127;983+0+633+633+2+0+2+0+631;390+241
6;03;0602;128;855+1+515+515+1+0+1+0+514;330+184
6;03;0602;129;831+0+509+509+2+0+2+22+507;340+167
6;03;0602;130;802+4+470+470+0+0+0+30+470;245+225
6;03;0602;131;741+0+499+499+0+0+0+20+499;272+227
6;03;0602;132;818+1+482+482+0+0+0+39+482;327+155
6;03;0602;133;796+0+510+510+0+0+0+38+510;323+187
6;03;0602;134;956+0+618+618+1+1+2+15+616;412+204
6;03;0602;135;778+2+463+463+0+1+1+12+462;294+168
6;03;0602;136;869+0+523+523+1+0+1+16+522;267+255
6;03;0602;137;885+2+554+554+1+0+1+25+553;366+187
6;03;0602;138;718+2+417+417+0+0+0+0+417;276+141
6;03;0602;139;827+0+475+475+1+0+1+25+474;335+139
6;03;0602;140;770+0+489+489+0+0+0+0+489;186+303
6;03;0602;141;1062+0+563+563+0+0+0+6+563;201+362
6;03;0602;142;781+0+446+446+2+0+2+0+444;289+155
6;03;0602;143;824+0+480+480+0+0+0+21+480;270+210
6;03;0602;144;765+1+455+455+0+0+0+10+455;260+195
6;03;0602;145;758+2+454+454+0+0+0+0+454;294+160
6;03;0602;146;780+0+479+479+0+0+0+5+479;299+180
6;03;0602;147;931+0+493+493+1+0+1+20+492;320+172
6;03;0602;148;741+2+443+443+1+0+1+0+442;270+172
6;03;0602;149;982+0+601+601+0+0+0+21+601;373+228
6;03;0602;150;441+15+201+201+0+0+0+0+201;119+82
6;03;0602;151;660+0+373+373+1+0+1+19+372;239+133
6;03;0602;152;697+0+401+401+0+0+0+9+401;250+151
6;03;0602;153;666+0+415+415+1+0+1+0+414;221+193
6;03;0602;154;816+1+502+502+0+1+1+31+501;261+240
6;03;0602;155;787+1+477+477+2+1+3+0+474;204+270
6;03;0602;156;759+0+482+482+1+0+1+0+481;208+273
6;03;0602;157;681+0+433+433+0+1+1+0+432;252+180
6;03;0602;158;859+0+526+526+0+2+2+13+524;269+255
6;03;0602;159;836+1+487+487+0+0+0+0+487;231+256
6;03;0602;160;845+0+490+490+0+1+1+13+489;270+219
6;03;0602;161;727+0+468+468+0+0+0+11+468;257+211
6;03;0602;162;848+0+507+507+0+0+0+0+507;276+231
6;03;0602;163;749+1+479+479+1+0+1+10+478;280+198
6;03;0602;164;765+0+443+443+0+0+0+14+443;265+178
6;03;0602;165;708+0+436+436+1+0+1+0+435;222+213
6;03;0602;166;640+0+376+376+0+0+0+0+376;201+175
6;03;0602;167;1217+0+661+661+1+0+1+32+660;420+240
6;03;0602;168;783+1+539+539+0+0+0+0+539;308+231
6;03;0602;169;876+2+465+465+0+0+0+0+465;330+135
6;03;0602;170;671+0+393+393+3+0+3+0+390;255+135
6;03;0602;171;751+2+352+352+0+0+0+14+352;203+149
6;03;0602;172;256+0+114+114+0+0+0+1+114;76+38
6;03;0602;173;714+0+417+417+1+0+1+8+416;263+153
6;03;0602;174;698+0+403+403+0+1+1+12+402;268+134
6;03;0602;175;790+0+410+410+0+0+0+9+410;279+131
6;03;0602;176;690+0+377+377+0+0+0+8+377;259+118
6;03;0602;177;924+1+521+521+0+0+0+20+521;376+145
6;03;0602;178;931+2+548+548+1+0+1+0+547;391+156
6;03;0602;373;146+22+102+102+1+1+2+0+100;34+66
6;03;0602;374;64+15+52+52+0+1+1+1+51;26+25
6;03;0602;375;81+8+38+38+0+0+0+4+38;19+19
6;03;0602;376;51+0+18+18+0+0+0+0+18;14+4
6;03;0602;379;147+2+117+117+1+1+2+15+115;59+56
6;03;0602;400;771+0+470+470+1+0+1+21+469;278+191
6;03;0602;401;907+3+517+517+2+0+2+0+515;316+199
6;03;0602;402;1094+0+166+166+0+1+1+1+165;128+37
6;03;0602;403;191+1+78+78+0+0+0+4+78;33+45
6;03;0603;179;876+0+458+458+0+0+0+9+458;167+291
6;03;0603;180;628+5+285+285+0+0+0+0+285;164+121
6;03;0603;181;825+0+394+394+0+0+0+0+394;236+158
6;03;0603;182;874+0+455+455+0+0+0+0+455;192+263
6;03;0603;183;714+0+318+318+1+1+2+11+316;172+144
6;03;0603;184;847+0+396+396+0+0+0+9+396;232+164
6;03;0603;185;888+0+445+445+1+0+1+12+444;281+163
6;03;0603;186;698+0+368+368+0+0+0+0+368;187+181
6;03;0603;187;984+1+476+476+2+0+2+10+474;261+213
6;03;0603;188;956+7+485+485+2+0+2+0+483;326+157
6;03;0603;189;1002+1+533+533+0+0+0+0+533;328+205
6;03;0603;190;980+2+498+498+0+0+0+0+498;303+195
6;03;0603;191;971+0+572+572+0+0+0+19+572;320+252
6;03;0603;192;914+0+469+469+2+0+2+0+467;261+206
6;03;0603;193;885+0+467+467+0+0+0+11+467;299+168
6;03;0603;194;778+0+400+400+1+0+1+6+399;233+166
6;03;0603;195;790+0+414+414+1+0+1+14+413;234+179
6;03;0603;196;913+1+473+473+0+0+0+6+473;241+232
6;03;0603;197;835+1+410+410+0+0+0+8+410;241+169
6;03;0603;198;857+0+442+442+0+0+0+5+442;295+147
6;03;0603;199;566+0+287+287+0+0+0+0+287;165+122
6;03;0603;200;610+0+304+304+0+0+0+4+304;181+123
6;03;0603;201;600+2+346+346+0+0+0+8+346;191+155
6;03;0603;202;885+0+515+515+1+1+2+0+513;247+266
6;03;0603;203;527+1+315+315+0+0+0+0+315;161+154
6;03;0603;204;449+0+272+272+0+0+0+0+272;154+118
6;03;0603;205;890+11+490+490+0+1+1+20+489;286+203
6;03;0603;206;647+0+344+344+0+0+0+13+344;151+193
6;03;0603;207;649+0+341+341+2+0+2+12+339;190+149
6;03;0603;208;680+9+316+316+0+0+0+0+316;185+131
6;03;0603;209;478+0+256+256+0+0+0+6+256;132+124
6;03;0603;210;521+10+274+274+0+0+0+0+274;141+133
6;03;0603;211;373+7+233+233+0+0+0+0+233;118+115
6;03;0603;212;462+0+247+247+0+0+0+0+247;129+118
6;03;0603;213;814+0+409+409+0+0+0+16+409;215+194
6;03;0603;214;676+0+341+341+1+0+1+12+340;178+162
6;03;0603;215;851+0+443+443+0+0+0+0+443;188+255
6;03;0603;216;499+0+281+281+1+0+1+14+280;120+160
6;03;0603;217;748+0+426+426+0+0+0+0+426;233+193
6;03;0603;218;754+0+372+372+0+0+0+14+372;168+204
6;03;0603;219;764+1+336+336+1+1+2+7+334;209+125
6;03;0603;220;800+0+441+441+0+0+0+0+441;252+189
6;03;0603;221;869+0+448+448+0+0+0+0+448;243+205
6;03;0603;222;631+0+338+338+1+0+1+0+337;182+155
6;03;0603;223;683+0+334+334+0+0+0+0+334;190+144
6;03;0603;224;912+0+470+470+0+0+0+8+470;282+188
6;03;0603;225;647+0+374+374+0+0+0+0+374;202+172
6;03;0603;226;750+0+385+385+0+0+0+0+385;246+139
6;03;0603;227;868+1+487+487+1+0+1+9+486;234+252
6;03;0603;228;770+0+435+435+3+0+3+0+432;200+232
6;03;0603;229;796+0+467+467+0+0+0+15+467;222+245
6;03;0603;230;877+0+514+514+1+0+1+16+513;297+216
6;03;0603;231;850+0+498+498+0+0+0+0+498;212+286
6;03;0603;232;946+0+488+488+1+0+1+23+487;276+211
6;03;0603;233;592+1+337+337+1+0+1+0+336;169+167
6;03;0603;234;461+0+258+258+0+0+0+9+258;142+116
6;03;0603;235;710+6+428+428+0+0+0+14+428;188+240
6;03;0603;236;484+0+269+269+0+1+1+0+268;142+126
6;03;0603;237;777+0+421+421+0+1+1+9+420;228+192
6;03;0603;238;849+1+456+456+0+0+0+3+456;255+201
6;03;0603;239;530+0+322+322+0+0+0+3+322;133+189
6;03;0603;240;711+0+412+412+1+0+1+0+411;234+177
6;03;0603;241;454+3+255+255+0+1+1+0+254;116+138
6;03;0603;242;583+0+299+299+0+0+0+0+299;162+137
6;03;0603;243;545+0+289+289+0+0+0+0+289;144+145
6;03;0603;244;689+0+382+382+1+0+1+6+381;219+162
6;03;0603;245;916+0+506+506+1+0+1+0+505;254+251
6;03;0603;246;609+0+342+342+1+0+1+0+341;201+140
6;03;0603;247;748+0+411+411+0+0+0+0+411;238+173
6;03;0603;248;930+0+528+528+1+0+1+16+527;264+263
6;03;0603;249;962+0+487+487+0+0+0+5+487;245+242
6;03;0603;250;817+0+440+440+0+0+0+21+440;239+201
6;03;0603;251;888+0+450+450+0+0+0+2+450;254+196
6;03;0603;252;400+0+187+187+0+0+0+9+187;91+96
6;03;0603;253;884+1+468+468+0+0+0+10+468;252+216
6;03;0603;254;755+0+371+371+1+1+2+0+369;200+169
6;03;0603;255;825+0+469+469+1+1+2+0+467;303+164
6;03;0603;256;747+1+370+370+0+0+0+16+370;217+153
6;03;0603;257;687+0+335+335+0+2+2+0+333;193+140
6;03;0603;258;963+1+543+543+0+0+0+11+543;294+249
6;03;0603;259;694+1+325+325+0+0+0+9+325;189+136
6;03;0603;260;761+0+211+211+0+0+0+18+211;121+90
6;03;0603;261;871+0+346+346+0+0+0+0+346;242+104
6;03;0603;262;995+0+371+371+1+3+4+24+367;193+174
6;03;0603;263;679+0+261+261+0+1+1+11+260;142+118
6;03;0603;264;827+0+459+459+0+0+0+8+459;263+196
6;03;0603;265;733+0+343+343+0+0+0+0+343;228+115
6;03;0603;266;895+0+356+356+1+1+2+13+354;223+131
6;03;0603;267;766+0+203+203+0+1+1+0+202;117+85
6;03;0603;268;617+2+296+296+0+0+0+0+296;194+102
6;03;0603;269;719+1+424+424+0+0+0+16+424;255+169
6;03;0603;270;652+0+390+390+1+0+1+8+389;240+149
6;03;0603;271;772+0+448+448+0+0+0+5+448;282+166
6;03;0603;272;697+0+415+415+0+0+0+15+415;264+151
6;03;0603;273;346+0+152+152+0+0+0+0+152;87+65
6;03;0603;274;547+0+328+328+0+0+0+0+328;163+165
6;03;0603;275;652+4+366+366+0+0+0+7+366;149+217
6;03;0603;276;487+4+286+286+1+0+1+13+285;153+132
6;03;0603;277;449+0+226+226+1+2+3+2+223;122+101
6;03;0603;380;221+0+194+194+4+0+4+0+190;98+92
6;03;0603;381;71+0+66+66+2+0+2+3+64;52+12
6;03;0604;278;558+0+300+300+1+0+1+4+299;197+102
6;03;0604;279;618+0+343+343+0+0+0+0+343;209+134
6;03;0604;280;596+0+297+297+2+1+3+3+294;146+148
6;03;0604;281;737+0+389+389+0+0+0+2+389;248+141
6;03;0604;282;492+2+251+251+0+1+1+0+250;140+110
6;03;0604;283;442+0+186+186+0+0+0+6+186;114+72
6;03;0604;284;773+0+334+334+1+0+1+4+333;192+141
6;03;0604;285;437+0+196+196+0+2+2+18+194;92+102
6;03;0604;286;899+0+386+386+0+0+0+0+386;200+186
6;03;0604;287;654+0+258+258+0+0+0+0+258;148+110
6;03;0604;288;688+0+368+368+0+0+0+13+368;218+150
6;03;0604;289;658+0+311+311+0+1+1+6+310;178+132
6;03;0604;290;489+0+236+236+0+0+0+7+236;96+140
6;03;0604;291;688+0+386+386+0+0+0+0+386;213+173
6;03;0604;292;482+0+227+227+0+0+0+8+227;117+110
6;03;0604;293;473+0+221+221+0+0+0+6+221;126+95
6;03;0604;294;874+0+401+401+0+0+0+0+401;221+180
6;03;0604;295;468+0+186+186+0+1+1+0+185;85+100
6;03;0604;296;839+0+416+416+0+0+0+12+416;272+144
6;03;0604;297;880+0+426+426+0+0+0+0+426;255+171
6;03;0604;298;943+0+522+522+1+1+2+0+520;339+181
6;03;0604;299;483+1+216+216+0+0+0+3+216;142+74
6;03;0604;300;806+0+407+407+2+0+2+5+405;218+187
6;03;0604;301;997+0+472+472+1+0+1+11+471;290+181
6;03;0604;302;655+0+315+315+0+0+0+10+315;193+122
6;03;0604;303;639+2+303+303+0+1+1+5+302;188+114
6;03;0604;304;708+0+340+340+0+0+0+5+340;215+125
6;03;0604;305;735+0+404+404+0+0+0+9+404;247+157
6;03;0604;306;638+0+321+321+0+0+0+11+321;190+131
6;03;0604;307;728+0+429+429+0+0+0+0+429;168+261
6;03;0604;308;602+0+295+295+0+0+0+7+295;196+99
6;03;0604;309;587+0+294+294+0+1+1+0+293;182+111
6;03;0604;310;571+0+257+257+1+0+1+4+256;141+115
6;03;0604;311;871+0+388+388+0+0+0+0+388;233+155
6;03;0604;312;745+0+355+355+0+1+1+0+354;185+169
6;03;0604;313;857+0+469+469+0+0+0+15+469;197+272
6;03;0604;314;658+5+308+308+1+2+3+0+305;179+126
6;03;0604;315;397+0+220+220+0+0+0+0+220;133+87
6;03;0604;316;500+0+300+300+0+0+0+0+300;175+125
6;03;0604;317;447+0+221+221+0+0+0+0+221;124+97
6;03;0604;318;580+4+287+287+0+0+0+8+287;183+104
6;03;0604;319;641+0+341+341+0+0+0+10+341;185+156
6;03;0604;320;791+0+387+387+0+0+0+0+387;232+155
6;03;0604;321;557+0+314+314+0+0+0+0+314;170+144
6;03;0604;322;497+0+261+261+0+0+0+5+261;145+116
6;03;0604;323;696+0+342+342+0+0+0+0+342;216+126
6;03;0604;324;526+3+260+260+0+0+0+0+260;157+103
6;03;0604;325;808+0+400+400+0+0+0+0+400;246+154
6;03;0604;326;456+0+198+198+0+0+0+8+198;113+85
6;03;0604;327;516+0+232+232+0+0+0+0+232;128+104
6;03;0604;328;839+0+388+388+0+0+0+18+388;226+162
6;03;0604;329;457+0+174+174+0+0+0+0+174;92+82
6;03;0604;330;479+0+194+194+1+0+1+0+193;115+78
6;03;0604;331;427+0+175+175+0+0+0+6+175;115+60
6;03;0604;332;740+0+272+272+0+0+0+0+272;186+86
6;03;0604;333;543+0+217+217+0+0+0+0+217;123+94
6;03;0604;334;733+0+301+301+0+1+1+0+300;172+128
6;03;0604;335;500+0+242+242+2+0+2+8+240;115+125
6;03;0604;336;530+0+223+223+0+0+0+0+223;141+82
6;03;0604;337;814+0+401+401+0+0+0+10+401;210+191
6;03;0604;338;610+0+267+267+2+0+2+6+265;145+120
6;03;0605;339;686+0+375+375+0+0+0+19+375;227+148
6;03;0605;340;848+0+433+433+0+0+0+0+433;287+146
6;03;0605;341;847+0+475+475+0+0+0+16+475;305+170
6;03;0605;342;993+0+492+492+1+1+2+0+490;275+215
6;03;0605;343;875+0+504+504+0+0+0+0+504;260+244
6;03;0605;344;895+0+528+528+1+0+1+0+527;300+227
6;03;0605;345;725+0+414+414+0+0+0+12+414;244+170
6;03;0605;346;734+0+247+247+0+0+0+0+247;155+92
6;03;0605;347;755+0+398+398+1+1+2+1+396;250+146
6;03;0605;348;922+0+267+267+1+0+1+10+266;154+112
6;03;0605;349;760+0+289+289+0+0+0+15+289;173+116
6;03;0605;350;853+1+428+428+0+0+0+5+428;229+199
6;03;0605;351;882+0+466+466+0+0+0+0+466;244+222
6;03;0605;352;919+0+433+433+1+0+1+0+432;275+157
6;03;0605;353;880+2+475+475+0+0+0+10+475;284+191
6;03;0605;354;804+0+415+415+0+0+0+23+415;202+213
6;03;0605;355;875+0+461+461+0+0+0+0+461;271+190
6;03;0605;356;908+0+476+476+0+2+2+0+474;271+203
6;03;0605;357;691+0+370+370+1+0+1+9+369;179+190
6;03;0605;358;652+0+321+321+1+1+2+5+319;178+141
6;03;0605;359;524+0+192+192+0+2+2+0+190;113+77
6;03;0605;360;764+0+349+349+0+0+0+11+349;201+148
6;03;0605;361;882+0+444+444+1+0+1+19+443;251+192
6;03;0605;362;873+0+486+486+0+0+0+0+486;282+204
6;03;0605;363;911+0+484+484+3+0+3+13+481;268+213
6;03;0800;001;712+1+430+430+0+0+0+32+430;195+235
6;03;0800;002;97+1+85+85+0+0+0+0+85;45+40
6;03;0800;003;359+0+264+264+0+0+0+0+264;68+196
6;03;0800;004;597+3+385+385+0+0+0+23+385;136+249
6;03;0800;005;594+0+292+292+1+2+3+12+289;94+195
6;03;0800;006;661+1+344+344+0+0+0+0+344;97+247
6;03;0800;007;361+2+238+238+0+1+1+19+237;96+141
6;03;0800;008;443+1+274+274+2+0+2+14+272;113+159
6;03;0800;009;506+0+332+332+0+0+0+17+332;153+179
6;03;0800;010;247+4+196+196+0+0+0+0+196;72+124
6;03;0800;011;72+2+58+58+0+0+0+2+58;38+20
6;03;0800;012;531+1+343+343+0+0+0+17+343;116+227
6;03;0800;013;593+0+423+423+0+0+0+29+423;93+330
6;03;0900;001;701+0+485+485+1+1+2+16+483;188+295
6;03;0900;002;776+0+517+517+2+1+3+22+514;158+356
6;03;0900;003;715+0+444+444+0+1+1+35+443;124+319
6;03;0900;004;779+0+441+441+1+7+8+35+433;104+329
6;03;0900;005;299+1+167+167+0+1+1+8+166;48+118
6;03;0900;006;272+6+197+197+1+0+1+10+196;65+131
6;03;0900;007;557+0+422+422+0+0+0+32+422;97+325
6;03;0900;008;550+1+368+368+1+0+1+33+367;111+256
6;03;0900;009;192+1+139+139+0+0+0+0+139;33+106
6;03;0900;010;332+2+232+232+0+0+0+0+232;63+169
6;03;0900;011;284+0+168+168+0+0+0+6+168;36+132
6;03;0900;012;522+1+373+373+0+1+1+16+372;76+296
6;03;0900;013;34+1+28+28+0+0+0+0+28;13+15
6;03;0900;014;358+1+275+275+1+0+1+16+274;80+194
6;03;0900;015;142+0+118+118+1+0+1+13+117;27+90
6;03;0900;016;243+0+141+141+1+0+1+7+140;65+75
6;03;0900;017;246+0+193+193+0+1+1+13+192;42+150
6;03;0900;018;583+2+396+396+0+1+1+20+395;112+283
6;03;0900;019;79+0+65+65+0+0+0+1+65;18+47
6;03;0900;020;95+0+75+75+0+0+0+0+75;20+55
6;03;0900;021;725+4+519+519+3+2+5+24+514;217+297
6;03;0900;022;289+2+169+169+0+0+0+3+169;65+104
6;03;0900;023;221+4+139+139+0+0+0+0+139;26+113
6;03;0900;024;262+2+170+170+1+1+2+2+168;70+98
6;03;0900;025;708+1+432+432+1+2+3+0+429;154+275
6;03;0900;026;407+0+303+303+2+1+3+10+300;67+233
6;03;1300;001;723+0+405+405+0+0+0+9+405;160+245
6;03;1300;002;788+0+421+421+2+0+2+0+419;167+252
6;03;1300;003;800+0+444+444+0+0+0+18+444;110+334
6;03;1300;004;702+0+322+322+1+0+1+10+321;85+236
6;03;1300;005;892+0+308+308+0+0+0+15+308;34+274
6;03;1300;006;799+0+353+353+1+0+1+0+352;81+271
6;03;1300;007;780+0+413+413+0+0+0+0+413;129+284
6;03;1300;008;592+1+299+299+0+0+0+15+299;92+207
6;03;1300;009;698+0+219+219+0+0+0+20+219;49+170
6;03;1300;010;574+0+239+239+0+1+1+12+238;72+166
6;03;1300;011;471+1+272+272+0+0+0+17+272;90+182
6;03;1300;012;631+0+283+283+0+0+0+0+283;82+201
6;03;1300;013;856+2+477+477+0+0+0+27+477;141+336
6;03;1300;014;560+0+277+277+0+0+0+14+277;134+143
6;03;1300;015;462+0+113+113+0+0+0+5+113;38+75
6;03;1300;016;281+0+208+208+0+1+1+6+207;97+110
6;03;1300;017;123+2+108+108+0+0+0+0+108;26+82
6;03;1300;018;305+1+200+200+0+0+0+17+200;55+145
6;03;1300;019;113+0+89+89+0+0+0+7+89;18+71
6;03;1300;020;638+1+426+426+1+0+1+33+425;84+341
6;03;1300;021;146+0+70+70+0+0+0+0+70;20+50
6;03;1300;022;460+0+241+241+0+0+0+16+241;101+140
6;03;1300;023;590+0+313+313+0+0+0+5+313;101+212
6;03;1300;024;846+1+422+422+0+1+1+24+421;80+341
6;03;1300;025;581+1+338+338+0+0+0+17+338;121+217
6;03;1300;026;190+2+142+142+0+0+0+5+142;66+76
6;03;1300;027;559+0+305+305+0+2+2+11+303;165+138
6;03;1300;028;452+0+251+251+0+0+0+12+251;100+151
6;03;1300;029;31+2+23+23+0+0+0+0+23;16+7
6;03;1400;001;666+1+278+278+0+1+1+21+277;84+193
6;03;1400;002;175+0+69+69+0+0+0+0+69;18+51
6;03;1400;003;951+0+403+403+0+0+0+41+403;135+268
6;03;1400;004;867+1+453+453+0+0+0+44+453;168+285
6;03;1400;005;609+0+263+263+1+0+1+0+262;116+146
6;03;1400;006;799+0+348+348+1+0+1+26+347;141+206
6;03;1400;007;784+0+302+302+0+0+0+6+302;150+152
6;03;1400;008;775+0+423+423+0+0+0+31+423;224+199
6;03;1400;009;761+0+386+386+0+1+1+17+385;210+175
6;03;1400;010;717+0+368+368+0+0+0+16+368;201+167
6;03;1400;011;458+0+290+290+0+0+0+12+290;129+161
6;03;1400;012;305+2+212+212+0+0+0+0+212;85+127
6;03;1600;001;590+1+367+367+0+1+1+17+366;66+300
6;03;1600;002;468+1+296+296+0+1+1+11+295;100+195
6;03;1600;003;512+0+323+323+0+1+1+24+322;95+227
6;03;1600;004;865+1+498+498+0+0+0+0+498;156+342
6;03;1600;005;569+1+357+357+0+0+0+14+357;127+230
6;03;1600;006;675+0+432+432+0+0+0+0+432;153+279
6;03;1600;007;643+0+407+407+1+0+1+0+406;78+328
6;03;1600;008;674+2+398+398+1+0+1+15+397;90+307
6;03;1600;009;324+1+223+223+0+0+0+14+223;43+180
6;03;1600;010;273+2+197+197+0+0+0+0+197;62+135
6;03;1600;011;304+0+144+144+1+0+1+0+143;51+92
6;03;1600;012;173+4+123+123+0+0+0+0+123;65+58
6;03;1600;013;124+4+103+103+0+0+0+0+103;20+83
6;03;1600;014;29+2+18+18+0+0+0+0+18;2+16
6;03;1600;015;133+1+85+85+1+0+1+0+84;19+65
6;03;1600;016;394+0+155+155+0+0+0+6+155;58+97
6;03;1600;017;692+1+359+359+0+1+1+21+358;130+228
6;03;1600;018;104+2+76+76+1+0+1+0+75;20+55
6;03;1600;019;385+3+218+218+2+0+2+17+216;33+183
6;03;1600;020;419+4+169+169+0+0+0+0+169;33+136
6;03;1600;021;890+2+241+241+0+1+1+14+240;62+178
6;03;1600;022;552+3+183+183+2+0+2+0+181;40+141
6;03;1600;023;735+4+309+309+1+0+1+15+308;93+215
6;03;1600;024;529+3+325+325+0+2+2+0+323;117+206
6;03;1600;025;320+0+204+204+0+0+0+0+204;57+147
6;03;1600;026;617+0+303+303+0+2+2+0+301;122+179
6;03;1600;027;686+0+269+269+2+1+3+18+266;125+141
6;03;1600;028;373+2+227+227+0+2+2+10+225;65+160
6;03;2400;001;631+1+334+334+0+2+2+15+332;81+251
6;03;2400;002;660+1+312+312+1+0+1+0+311;96+215
6;03;2400;003;721+1+305+305+0+1+1+28+304;98+206
6;03;2400;004;655+0+375+375+0+0+0+0+375;137+238
6;03;2400;005;603+1+338+338+0+0+0+4+338;114+224
6;03;2400;006;509+0+269+269+0+0+0+9+269;107+162
6;03;2400;007;724+0+384+384+0+0+0+8+384;172+212
6;03;2400;008;441+0+265+265+2+1+3+6+262;74+188
6;03;2400;009;737+1+431+431+1+0+1+27+430;100+330
6;03;2400;010;568+6+363+363+0+0+0+20+363;110+253
6;03;2400;011;431+0+256+256+0+1+1+22+255;92+163
6;03;2400;012;479+1+284+284+2+2+4+15+280;113+167
6;03;2400;013;592+1+315+315+1+0+1+12+314;113+201
6;03;2400;014;580+1+192+192+0+0+0+12+192;49+143
6;03;2400;015;802+1+382+382+0+1+1+18+381;158+223
6;03;2400;016;792+0+435+435+0+0+0+0+435;162+273
6;03;2400;017;655+0+374+374+0+1+1+0+373;120+253
6;03;2400;018;659+0+346+346+0+0+0+18+346;108+238
6;03;2400;019;765+0+299+299+1+0+1+12+298;89+209
6;03;2400;020;706+0+311+311+0+0+0+9+311;90+221
6;03;2400;021;54+0+24+24+0+0+0+2+24;11+13
6;03;2400;024;444+2+271+271+2+1+3+0+268;66+202
6;03;2400;025;595+1+354+354+0+0+0+4+354;67+287
6;03;2400;026;172+5+109+109+0+1+1+8+108;43+65
6;03;2400;027;216+9+166+166+0+0+0+10+166;38+128
6;03;2400;028;114+3+85+85+0+0+0+7+85;20+65
6;03;2400;029;269+13+196+196+0+0+0+25+196;33+163
6;03;2400;030;222+5+163+163+0+0+0+0+163;39+124
6;03;2400;031;198+1+138+138+0+0+0+7+138;34+104
6;03;2400;032;372+4+209+209+0+0+0+0+209;54+155
6;03;2400;033;81+1+56+56+2+0+2+0+54;27+27
6;03;2400;034;603+2+388+388+0+1+1+0+387;108+279
6;03;2400;035;494+6+253+253+0+0+0+0+253;68+185
6;03;2400;036;424+4+277+277+2+1+3+18+274;65+209
6;03;2400;037;300+3+133+133+0+1+1+0+132;30+102
6;03;2400;038;598+1+389+389+0+0+0+20+389;47+342
6;03;2400;039;439+2+268+268+0+0+0+8+268;61+207
6;03;2400;040;67+2+39+39+0+0+0+1+39;10+29
6;03;2400;041;339+1+191+191+0+1+1+10+190;35+155
6;03;2400;042;475+3+271+271+0+0+0+0+271;57+214
6;03;2400;043;776+0+445+445+0+1+1+0+444;171+273
6;03;2400;044;469+6+300+300+1+2+3+13+297;82+215
6;03;2400;045;285+4+169+169+1+0+1+0+168;27+141
6;03;2400;046;213+2+154+154+0+0+0+0+154;35+119
6;03;2400;047;270+5+164+164+0+0+0+0+164;55+109
6;03;2400;048;395+4+269+269+2+0+2+31+267;127+140
6;03;2400;049;48+5+36+36+0+0+0+0+36;19+17
6;03;2600;001;587+0+361+361+0+1+1+19+360;121+239
6;03;2600;002;750+0+415+415+0+1+1+23+414;167+247
6;03;2600;003;853+0+512+512+0+0+0+0+512;145+367
6;03;2600;004;692+0+368+368+0+1+1+29+367;67+300
6;03;2600;005;843+0+539+539+2+4+6+39+533;181+352
6;03;2600;006;494+0+305+305+0+1+1+25+304;109+195
6;03;2600;007;556+0+364+364+0+0+0+31+364;123+241
6;03;2600;008;36+1+27+27+0+0+0+2+27;13+14
6;03;2600;009;187+0+127+127+0+0+0+0+127;55+72
6;03;2600;010;61+1+41+41+0+0+0+0+41;22+19
6;03;2600;011;97+1+70+70+0+0+0+8+70;33+37
6;03;2600;012;110+2+75+75+0+0+0+5+75;28+47
6;03;2600;013;443+1+287+287+0+1+1+12+286;112+174
6;03;2600;014;192+4+133+133+0+0+0+0+133;50+83
[END]

[AGGR]
03;6;   ;2+625+625+398225+699+216787+216787+239+188+427+5357+216360;112543+103817
[END]
