[INFO]
04;Велико Т║░ново;301
[END]

[IZB]
04;6;   ;;18.11.2001;2;2;419
[END]

[NM]
0404;001;▒. А░бана▒и;00583;00
0404;002;▒. Балван;02364;00
0404;004;▒. Бел┐кове╢;03798;00
0404;010;▒. Б│кове╢;06940;00
0404;011;г░. Велико Т║░ново;10447;00
0404;012;▒. Вел╖ево;10553;00
0404;013;▒. Ве▓░ин╢и;10879;00
0404;015;▒. Водолей;11795;00
0404;016;▒. Войнежа;11898;00
0404;017;▒. Воне╣а вода;12098;00
0404;018;▒. В║глев╢и;12396;00
0404;020;▒. Габ░ов╢и;14235;00
0404;022;▒. Големани▓е;15401;00
0404;024;г░. Дебеле╢;20242;00
0404;029;▒. Ди╖ин;21244;00
0404;034;▒. Емен;27423;00
0404;038;▒. К║пиново;36107;00
0404;039;г░. Кили┤а░ево;36837;00
0404;045;▒. Леденик;43253;00
0404;046;▒. Малки ╖и┤лик;46532;00
0404;048;▒. Минд┐;48278;00
0404;050;▒. Момин ▒бо░;48951;00
0404;051;▒. На╢ов╢и;51175;00
0404;052;▒. Ник╛п;51740;00
0404;053;▒. Ново ▒ело;52177;00
0404;056;▒. Плаково;56602;00
0404;059;▒. П░и▒ово;58459;00
0404;061;▒. П│╕ево;58791;00
0404;062;▒. П╖ели╣е;58918;00
0404;065;▒. Райков╢и;61861;00
0404;067;▒. Ре▒ен;62517;00
0404;068;▒. Р│▒ал┐;63416;00
0404;070;▒. Самоводене;65200;00
0404;079;▒. Хо▓ни╢а;77356;00
0404;081;▒. Це░ова ко░и┐;78428;00
0404;083;▒. Шем╕ево;83586;00
0404;085;▒. Ше░еме▓┐;83123;00
0404;086;▒. Ялово;87360;00
0406;001;▒. В║░би╢а;12735;00
0406;002;г░. Го░на О░┐╡ови╢а;16359;00
0406;003;▒. Го░▒ки го░ен Т░║мбе╕;17107;00
0406;004;▒. Го░▒ки долен Т░║мбе╕;17124;00
0406;005;г░. Долна О░┐╡ови╢а;22232;00
0406;006;▒. Д░аганово;23100;00
0406;007;▒. К░│╕е▓о;40172;00
0406;008;▒. Паи▒ий;55196;00
0406;009;▒. Пи▒а░ево;56472;00
0406;010;▒. Полик░ай╣е;57217;00
0406;011;▒. П░авда;57981;00
0406;012;▒. П║░вомай╢и;59094;00
0406;013;▒. С▓░еле╢;69780;00
0406;014;▒. Ян▓░а;87453;00
0413;007;▒. Беб░ово;03054;00
0413;010;▒. Бл║▒ков╢и;04460;00
0413;011;▒. Бойков╢и;05164;00
0413;015;▒. Б│йнов╢и;06896;00
0413;036;▒. Г║░дев╢и;18335;00
0413;045;▒. Дебели ░║▓;20268;00
0413;048;▒. Д░ен▓а;23710;00
0413;052;г░. Елена;27190;00
0413;054;▒. Илаков ░║▓;32593;00
0413;062;▒. Камена░и;35729;00
0413;064;▒. Кон▒▓ан▓ин;38337;00
0413;070;▒. Ко▒▓ел;38861;00
0413;073;▒. Май▒ко;46125;00
0413;075;▒. Ма░┐н;47425;00
0413;082;▒. Мийков╢и;48057;00
0413;093;▒. Пали╢и;55261;00
0413;095;▒. Р│╡ов╢и;63495;00
0413;101;▒. С░едни колиби;68429;00
0413;114;▒. Тод╛в╢и;72607;00
0413;118;▒. Чакали;80100;00
0413;121;▒. Яков╢и;87326;00
0414;002;▒. Го░▒ко ново ▒ело;17213;00
0414;004;▒. Дедин╢и;20514;00
0414;006;▒. Долно Шива╖ево;22890;00
0414;008;г░. Зла▓а░и╢а;30962;00
0414;009;▒. Калайджии;35273;00
0414;013;▒. Раз▒о╡а;61830;00
0414;014;▒. Реза╖;62431;00
0414;016;▒. Родина;62877;00
0414;017;▒. Ро▒но;63118;00
0414;018;▒. Сливови╢а;67395;00
0414;019;▒. С░едно ▒ело;68494;00
0420;001;▒. Дж│л╛ни╢а;20835;00
0420;002;▒. Доб░и д┐л;21453;00
0420;003;▒. Д░агижево;23217;00
0420;004;▒. Коза░еве╢;37664;00
0420;005;г░. Л┐▒кове╢;44793;00
0420;006;▒. Ме░дан┐;47826;00
0422;001;▒. Ба▓ак;02823;00
0422;002;▒. Б│▓ово;07123;00
0422;003;г░. Б┐ла Че░ква;07716;00
0422;004;▒. Ви╕овг░ад;11380;00
0422;005;▒. В║░бовка;12783;00
0422;006;▒. Го░на Липни╢а;16290;00
0422;008;▒. Долна Липни╢а;22160;00
0422;009;▒. Дим╖а;21138;00
0422;010;▒. Д║▒ко▓;24685;00
0422;011;▒. Ка░ай▒ен;36289;00
0422;012;▒. Ле▒и╖е░и;43356;00
0422;013;▒. Ми╡ал╢и;48550;00
0422;014;▒. М│▒ина;49429;00
0422;015;▒. Недан;51295;00
0422;016;г░. Павликени;55052;00
0422;017;▒. Па▒калеве╢;55508;00
0422;018;▒. Па▓░е╕;55573;00
0422;019;▒. Ро▒и╢а;63080;00
0422;020;▒. Сломе░;67475;00
0422;021;▒. С▓амболово;68708;00
0426;001;▒. В║░з│ли╢а;12869;00
0426;002;▒. Иван╖а;32175;00
0426;004;▒. Ка░ан╢и;36405;00
0426;005;▒. Климен▓ово;41246;00
0426;006;▒. К│╢ина;40782;00
0426;007;▒. Ма▒ла░ево;47439;00
0426;008;▒. Обединение;53014;00
0426;009;▒. О░лове╢;53905;00
0426;010;▒. Павел;55018;00
0426;011;▒. Пе▓ко Ка░авелово;65471;00
0426;012;▒. Пол▒ки Сенове╢;57340;00
0426;013;г░. Пол▒ки Т░║мбе╕;57354;00
0426;014;▒. Раданово;61279;00
0426;015;▒. С▓е┤ан С▓амболово;17467;00
0426;016;▒. С▓░а╡илово;69732;00
0428;001;▒. Алеково;00237;00
0428;002;▒. Алек▒анд░ово;00285;00
0428;003;▒. Б║лга░▒ко Сливово;07363;00
0428;004;▒. Ва░дим;10118;00
0428;005;▒. Го░на С▓│дена;16393;00
0428;006;▒. Дел┐нов╢и;20630;00
0428;007;▒. Д░агоми░ово;23431;00
0428;008;▒. Козлове╢;37784;00
0428;009;▒. Мо░ава;49028;00
0428;010;▒. Ов╖а могила;53196;00
0428;011;▒. О░е╕;53672;00
0428;012;г░. Сви╣ов;65766;00
0428;013;▒. Сова▓а;67787;00
0428;014;▒. Хаджидими▓░ово;77013;00
0428;015;▒. Ца░еве╢;78121;00
0428;016;▒. Че░вена;80457;00
0431;001;▒. А▒еново;00730;00
0431;002;▒. Балкан╢и;02470;00
0431;003;▒. Благоево;04282;00
0431;004;▒. Б░┐гови╢а;06731;00
0431;005;▒. Виног░ад;11140;00
0431;006;▒. Влади▒лав;11466;00
0431;007;▒. Водно;11750;00
0431;008;▒. Го░▒ки Сенове╢;17155;00
0431;009;▒. Железа░╢и;29091;00
0431;010;▒. Кавлак;35078;00
0431;011;▒. Камен;35657;00
0431;012;▒. Ке▒а░ево;36782;00
0431;013;▒. Лозен;44046;00
0431;014;▒. Л╛бен╢и;44567;00
0431;015;▒. Ми░ово;48341;00
0431;016;▒. Николаево;51593;00
0431;017;▒. Нова в║░бовка;51799;00
0431;018;▒. Ново г░ади╣е;52060;00
0431;020;г░. С▓░ажи╢а;69633;00
0431;021;▒. С│╕и╢а;70408;00
0431;022;▒. Темен│га;72237;00
0431;023;▒. Ца░▒ки изво░;80203;00
0432;001;▒. Б┐ла ░ека;07661;00
0432;002;▒. Го░▒ко Кал│ге░ово;17192;00
0432;003;▒. Го░▒ко Ко▒ово;17208;00
0432;004;▒. Коев╢и;37561;00
0432;005;▒. К░а▒но Г░ади╣е;39582;00
0432;006;г░. С│╡индол;70295;00
[END]

[SEC]
04;0400;001;6;011
04;0400;002;6;011
04;0400;003;6;011
04;0400;004;6;011
04;0400;005;6;011
04;0400;006;6;011
04;0400;007;6;011
04;0400;008;6;011
04;0400;009;6;011
04;0400;010;6;011
04;0400;011;6;011
04;0400;012;6;011
04;0400;013;6;011
04;0400;014;6;011
04;0400;015;6;011
04;0400;016;6;011
04;0400;017;6;011
04;0400;018;6;011
04;0400;019;6;011
04;0400;020;6;011
04;0400;021;6;011
04;0400;022;6;011
04;0400;023;6;011
04;0400;024;6;011
04;0400;025;6;011
04;0400;026;6;011
04;0400;027;6;011
04;0400;028;6;011
04;0400;029;6;011
04;0400;030;6;011
04;0400;031;6;011
04;0400;032;6;011
04;0400;033;6;011
04;0400;034;6;011
04;0400;035;6;011
04;0400;036;6;011
04;0400;037;6;011
04;0400;038;6;011
04;0400;039;6;011
04;0400;040;6;011
04;0400;041;6;011
04;0400;042;6;011
04;0400;043;6;011
04;0400;044;6;011
04;0400;045;6;011
04;0400;046;6;011
04;0400;047;6;011
04;0400;048;6;011
04;0400;049;6;011
04;0400;050;6;011
04;0400;051;6;011
04;0400;052;6;011
04;0400;053;6;011
04;0400;054;6;011
04;0400;055;6;011
04;0400;056;6;011
04;0400;057;6;011
04;0400;058;6;011
04;0400;059;6;011
04;0400;060;6;011
04;0400;061;6;011
04;0400;062;6;011
04;0400;063;6;011
04;0400;064;6;011
04;0400;065;6;011
04;0400;066;6;011
04;0400;067;6;011
04;0400;068;6;011
04;0400;069;6;011
04;0400;070;6;011
04;0400;071;6;011
04;0400;072;6;011
04;0400;073;6;011
04;0400;074;6;011
04;0400;075;6;011
04;0400;076;6;011
04;0400;077;6;011
04;0400;078;6;011
04;0400;079;6;011
04;0400;080;6;011
04;0400;081;6;011
04;0400;082;6;011
04;0400;083;6;011
04;0400;095;6;024
04;0400;096;6;015
04;0400;097;6;029
04;0400;098;6;085
04;0400;099;6;046
04;0400;100;6;052
04;0400;101;6;067
04;0400;102;6;067
04;0400;103;6;067
04;0400;104;6;067
04;0400;105;6;001
04;0400;106;6;070
04;0400;107;6;070
04;0400;108;6;070
04;0400;109;6;079
04;0400;110;6;068
04;0400;111;6;045
04;0400;112;6;083
04;0400;113;6;010
04;0400;114;6;050
04;0400;115;6;061
04;0400;116;6;002
04;0400;117;6;053
04;0400;118;6;013
04;0400;119;6;034
04;0400;120;6;004
04;0400;121;6;024
04;0400;122;6;024
04;0400;123;6;024
04;0400;124;6;024
04;0400;125;6;081
04;0400;126;6;062
04;0400;127;6;048
04;0400;128;6;059
04;0400;129;6;038
04;0400;130;6;039
04;0400;131;6;039
04;0400;132;6;039
04;0400;133;6;012
04;0400;134;6;056
04;0400;135;6;022
04;0400;136;6;051
04;0400;137;6;020
04;0400;138;6;086
04;0400;139;6;018
04;0400;140;6;016
04;0400;141;6;017
04;0400;142;6;065
04;0600;001;6;002
04;0600;002;6;002
04;0600;004;6;002
04;0600;005;6;002
04;0600;006;6;002
04;0600;007;6;002
04;0600;008;6;002
04;0600;009;6;002
04;0600;010;6;002
04;0600;011;6;002
04;0600;012;6;002
04;0600;013;6;002
04;0600;014;6;002
04;0600;015;6;002
04;0600;016;6;002
04;0600;018;6;002
04;0600;019;6;002
04;0600;020;6;002
04;0600;021;6;002
04;0600;022;6;002
04;0600;024;6;002
04;0600;025;6;002
04;0600;026;6;002
04;0600;028;6;002
04;0600;029;6;002
04;0600;030;6;002
04;0600;031;6;002
04;0600;032;6;002
04;0600;033;6;002
04;0600;035;6;002
04;0600;036;6;002
04;0600;037;6;002
04;0600;038;6;002
04;0600;039;6;002
04;0600;041;6;002
04;0600;042;6;002
04;0600;043;6;002
04;0600;044;6;002
04;0600;045;6;002
04;0600;046;6;002
04;0600;047;6;002
04;0600;049;6;002
04;0600;050;6;002
04;0600;051;6;002
04;0600;052;6;002
04;0600;053;6;002
04;0600;054;6;002
04;0600;058;6;011
04;0600;059;6;012
04;0600;060;6;012
04;0600;061;6;012
04;0600;062;6;012
04;0600;063;6;010
04;0600;064;6;010
04;0600;065;6;010
04;0600;066;6;007
04;0600;067;6;005
04;0600;068;6;005
04;0600;069;6;005
04;0600;070;6;005
04;0600;071;6;009
04;0600;072;6;001
04;0600;073;6;001
04;0600;074;6;006
04;0600;075;6;006
04;0600;076;6;006
04;0600;077;6;013
04;0600;078;6;008
04;0600;079;6;014
04;0600;080;6;003
04;0600;081;6;003
04;0600;082;6;004
04;1300;001;6;052
04;1300;002;6;052
04;1300;003;6;052
04;1300;004;6;052
04;1300;005;6;052
04;1300;006;6;052
04;1300;010;6;007
04;1300;011;6;010
04;1300;012;6;011
04;1300;013;6;015
04;1300;014;6;045
04;1300;015;6;048
04;1300;016;6;054
04;1300;017;6;062
04;1300;018;6;064
04;1300;019;6;070
04;1300;020;6;073
04;1300;021;6;075
04;1300;022;6;082
04;1300;023;6;093
04;1300;024;6;095
04;1300;025;6;101
04;1300;026;6;114
04;1300;027;6;118
04;1300;028;6;036
04;1300;029;6;121
04;1400;001;6;008
04;1400;002;6;008
04;1400;003;6;008
04;1400;004;6;016
04;1400;005;6;002
04;1400;006;6;018
04;1400;007;6;017
04;1400;008;6;006
04;1400;009;6;009
04;1400;010;6;014
04;1400;011;6;019
04;1400;012;6;013
04;1400;013;6;004
04;2000;001;6;005
04;2000;002;6;005
04;2000;003;6;005
04;2000;005;6;005
04;2000;006;6;005
04;2000;007;6;005
04;2000;009;6;005
04;2000;010;6;005
04;2000;011;6;005
04;2000;012;6;005
04;2000;014;6;003
04;2000;015;6;006
04;2000;016;6;004
04;2000;017;6;004
04;2000;018;6;002
04;2000;019;6;002
04;2000;020;6;001
04;2000;021;6;001
04;2000;022;6;001
04;2000;023;6;001
04;2200;001;6;016
04;2200;002;6;016
04;2200;003;6;016
04;2200;004;6;016
04;2200;005;6;016
04;2200;006;6;016
04;2200;007;6;016
04;2200;008;6;016
04;2200;009;6;016
04;2200;010;6;016
04;2200;011;6;016
04;2200;012;6;016
04;2200;013;6;016
04;2200;014;6;016
04;2200;016;6;016
04;2200;017;6;016
04;2200;021;6;001
04;2200;022;6;002
04;2200;023;6;003
04;2200;024;6;003
04;2200;025;6;003
04;2200;026;6;004
04;2200;027;6;005
04;2200;028;6;005
04;2200;029;6;006
04;2200;030;6;008
04;2200;031;6;009
04;2200;032;6;010
04;2200;033;6;011
04;2200;034;6;011
04;2200;035;6;012
04;2200;036;6;013
04;2200;037;6;014
04;2200;038;6;015
04;2200;039;6;015
04;2200;040;6;017
04;2200;041;6;018
04;2200;042;6;019
04;2200;043;6;020
04;2200;044;6;021
04;2600;001;6;013
04;2600;002;6;013
04;2600;003;6;013
04;2600;004;6;013
04;2600;005;6;013
04;2600;006;6;014
04;2600;007;6;014
04;2600;008;6;009
04;2600;009;6;004
04;2600;010;6;007
04;2600;011;6;001
04;2600;012;6;008
04;2600;013;6;002
04;2600;014;6;012
04;2600;015;6;015
04;2600;016;6;010
04;2600;017;6;016
04;2600;018;6;011
04;2600;019;6;011
04;2600;020;6;006
04;2600;021;6;005
04;2800;001;6;012
04;2800;002;6;012
04;2800;003;6;012
04;2800;004;6;012
04;2800;005;6;012
04;2800;006;6;012
04;2800;007;6;012
04;2800;008;6;012
04;2800;009;6;012
04;2800;010;6;012
04;2800;011;6;012
04;2800;012;6;012
04;2800;013;6;012
04;2800;014;6;012
04;2800;016;6;012
04;2800;017;6;012
04;2800;018;6;012
04;2800;019;6;012
04;2800;020;6;012
04;2800;021;6;012
04;2800;022;6;012
04;2800;023;6;012
04;2800;024;6;012
04;2800;025;6;012
04;2800;026;6;012
04;2800;027;6;012
04;2800;029;6;012
04;2800;030;6;012
04;2800;031;6;012
04;2800;032;6;012
04;2800;033;6;012
04;2800;034;6;012
04;2800;035;6;012
04;2800;041;6;001
04;2800;044;6;002
04;2800;047;6;003
04;2800;048;6;003
04;2800;050;6;004
04;2800;051;6;004
04;2800;053;6;005
04;2800;056;6;006
04;2800;058;6;007
04;2800;062;6;008
04;2800;063;6;008
04;2800;065;6;009
04;2800;066;6;009
04;2800;069;6;010
04;2800;070;6;010
04;2800;071;6;010
04;2800;073;6;011
04;2800;074;6;011
04;2800;075;6;011
04;2800;078;6;013
04;2800;080;6;014
04;2800;083;6;015
04;2800;084;6;015
04;2800;086;6;016
04;2800;087;6;012
04;2800;088;6;012
04;2800;089;6;012
04;2800;090;6;012
04;3100;001;6;020
04;3100;002;6;020
04;3100;003;6;020
04;3100;004;6;020
04;3100;005;6;020
04;3100;006;6;001
04;3100;007;6;004
04;3100;008;6;002
04;3100;009;6;003
04;3100;010;6;005
04;3100;011;6;006
04;3100;012;6;008
04;3100;013;6;011
04;3100;014;6;011
04;3100;015;6;012
04;3100;016;6;012
04;3100;017;6;009
04;3100;018;6;010
04;3100;019;6;013
04;3100;020;6;015
04;3100;021;6;016
04;3100;022;6;017
04;3100;023;6;018+014
04;3100;026;6;021
04;3100;028;6;022
04;3100;029;6;007
04;3100;030;6;023
04;3200;001;6;006
04;3200;002;6;006
04;3200;003;6;006
04;3200;004;6;005
04;3200;005;6;002
04;3200;006;6;001
04;3200;007;6;003
04;3200;008;6;004
[END]

[MAJ]
04;6;   ;02;;;Пе▓║░ С▓е┤анов С▓о┐нов и Нели Пе▓░ова К│╢кова;, ;ПСС+НПК;57351;0;1
04;6;   ;05;;;Гео░ги Седе┤╖ов П║░ванов и Ангел Иванов Ма░ин;, ;ГСП+АИМ;78380;1;2
[END]

[PROP]
[END]

[LISTI]
[END]

[PROT]
6;04;0400;001;823+3+411+411+0+0+0+0+411;228+183
6;04;0400;002;833+0+307+307+0+1+1+0+306;186+120
6;04;0400;003;745+2+251+251+0+0+0+0+251;117+134
6;04;0400;004;608+1+313+313+1+0+1+6+312;180+132
6;04;0400;005;164+2+30+30+0+0+0+0+30;16+14
6;04;0400;006;508+0+254+254+0+0+0+0+254;158+96
6;04;0400;007;647+0+318+318+0+0+0+8+318;204+114
6;04;0400;008;652+0+358+358+1+0+1+17+357;218+139
6;04;0400;009;828+1+424+424+3+0+3+10+421;245+176
6;04;0400;010;583+0+254+254+1+0+1+0+253;161+92
6;04;0400;011;529+0+268+268+2+3+5+0+263;139+124
6;04;0400;012;745+6+346+346+0+0+0+0+346;220+126
6;04;0400;013;660+1+392+392+1+0+1+10+391;234+157
6;04;0400;014;550+0+318+318+0+0+0+0+318;157+161
6;04;0400;015;754+1+444+444+4+2+6+17+438;224+214
6;04;0400;016;626+1+359+359+2+0+2+12+357;154+203
6;04;0400;017;532+0+290+290+1+0+1+6+289;154+135
6;04;0400;018;521+1+327+327+0+1+1+10+326;161+165
6;04;0400;019;543+1+324+324+0+0+0+7+324;166+158
6;04;0400;020;504+0+290+290+1+0+1+0+289;160+129
6;04;0400;021;622+0+367+367+2+0+2+19+365;192+173
6;04;0400;022;622+0+333+333+0+0+0+12+333;159+174
6;04;0400;023;467+0+259+259+2+0+2+4+257;131+126
6;04;0400;024;664+0+343+343+0+0+0+0+343;160+183
6;04;0400;025;368+1+164+164+0+0+0+0+164;92+72
6;04;0400;026;543+1+270+270+0+0+0+3+270;132+138
6;04;0400;027;544+1+324+324+0+0+0+20+324;186+138
6;04;0400;028;559+1+311+311+1+1+2+0+309;126+183
6;04;0400;029;546+0+320+320+0+0+0+0+320;166+154
6;04;0400;030;684+1+341+341+0+0+0+0+341;193+148
6;04;0400;031;636+0+340+340+0+0+0+0+340;173+167
6;04;0400;032;709+1+347+347+0+0+0+5+347;175+172
6;04;0400;033;715+0+323+323+0+1+1+5+322;159+163
6;04;0400;034;1124+1+516+516+1+0+1+11+515;301+214
6;04;0400;035;1214+0+638+638+2+2+4+6+634;349+285
6;04;0400;036;840+0+480+480+0+1+1+0+479;249+230
6;04;0400;037;733+0+367+367+1+2+3+12+364;154+210
6;04;0400;038;915+0+458+458+1+1+2+0+456;190+266
6;04;0400;039;764+0+460+460+0+0+0+14+460;208+252
6;04;0400;040;697+0+401+401+0+2+2+18+399;134+265
6;04;0400;041;669+1+395+395+1+1+2+18+393;176+217
6;04;0400;042;843+0+479+479+0+0+0+14+479;230+249
6;04;0400;043;829+0+461+461+1+1+2+0+459;200+259
6;04;0400;044;657+0+361+361+1+0+1+11+360;199+161
6;04;0400;045;578+1+322+322+3+0+3+0+319;153+166
6;04;0400;046;634+3+344+344+0+0+0+6+344;163+181
6;04;0400;047;907+1+492+492+0+0+0+11+492;257+235
6;04;0400;048;958+3+528+528+0+1+1+16+527;246+281
6;04;0400;049;468+0+468+468+0+1+1+15+467;249+218
6;04;0400;050;741+0+421+421+1+1+2+9+419;201+218
6;04;0400;051;1208+0+527+527+1+2+3+14+524;208+316
6;04;0400;052;1267+0+528+528+0+0+0+0+528;246+282
6;04;0400;053;999+1+574+574+0+0+0+8+574;215+359
6;04;0400;054;1007+0+494+494+0+0+0+10+494;240+254
6;04;0400;055;669+1+344+344+0+0+0+2+344;138+206
6;04;0400;056;760+1+404+404+0+0+0+1+404;162+242
6;04;0400;057;1080+0+428+428+0+0+0+12+428;198+230
6;04;0400;058;1111+2+500+500+0+0+0+2+500;241+259
6;04;0400;059;919+0+459+459+0+0+0+16+459;237+222
6;04;0400;060;755+0+392+392+2+0+2+10+390;212+178
6;04;0400;061;797+1+409+409+1+1+2+13+407;219+188
6;04;0400;062;885+0+476+476+1+1+2+16+474;274+200
6;04;0400;063;610+0+291+291+0+0+0+0+291;162+129
6;04;0400;064;868+0+418+418+0+0+0+0+418;242+176
6;04;0400;065;672+0+369+369+0+0+0+3+369;228+141
6;04;0400;066;714+0+333+333+1+0+1+3+332;167+165
6;04;0400;067;934+0+431+431+0+0+0+11+431;237+194
6;04;0400;068;529+0+267+267+0+0+0+3+267;165+102
6;04;0400;069;513+0+236+236+0+0+0+2+236;135+101
6;04;0400;070;797+0+354+354+3+1+4+9+350;205+145
6;04;0400;071;985+0+514+514+2+0+2+7+512;286+226
6;04;0400;072;733+0+394+394+1+0+1+5+393;180+213
6;04;0400;073;772+0+369+369+0+0+0+7+369;224+145
6;04;0400;074;799+0+342+342+0+1+1+7+341;178+163
6;04;0400;075;894+0+416+416+0+0+0+0+416;268+148
6;04;0400;076;1060+0+446+446+0+0+0+9+446;232+214
6;04;0400;077;788+0+391+391+0+0+0+5+391;231+160
6;04;0400;078;797+0+369+369+1+0+1+0+368;209+159
6;04;0400;079;731+0+369+369+0+0+0+3+369;203+166
6;04;0400;080;975+0+418+418+0+1+1+4+417;275+142
6;04;0400;081;813+0+367+367+1+0+1+9+366;229+137
6;04;0400;082;110+0+81+81+1+0+1+6+80;30+50
6;04;0400;083;49+1+43+43+1+0+1+0+42;12+30
6;04;0400;095;721+0+389+389+2+0+2+0+387;164+223
6;04;0400;096;594+4+403+403+0+2+2+0+401;111+290
6;04;0400;097;319+5+203+203+0+0+0+0+203;50+153
6;04;0400;098;198+4+118+118+0+0+0+3+118;58+60
6;04;0400;099;251+3+129+129+0+0+0+3+129;64+65
6;04;0400;100;451+11+355+355+0+2+2+25+353;134+219
6;04;0400;101;411+0+242+242+0+0+0+0+242;91+151
6;04;0400;102;679+3+421+421+0+2+2+12+419;161+258
6;04;0400;103;414+0+250+250+1+0+1+9+249;109+140
6;04;0400;104;549+4+269+269+0+0+0+0+269;107+162
6;04;0400;105;233+1+141+141+0+0+0+0+141;80+61
6;04;0400;106;630+1+333+333+0+1+1+10+332;142+190
6;04;0400;107;522+1+292+292+0+0+0+9+292;140+152
6;04;0400;108;491+1+264+264+0+0+0+0+264;145+119
6;04;0400;109;394+6+228+228+0+0+0+6+228;117+111
6;04;0400;110;291+4+190+190+0+0+0+0+190;63+127
6;04;0400;111;709+3+443+443+2+1+3+26+440;186+254
6;04;0400;112;419+4+252+252+0+0+0+11+252;112+140
6;04;0400;113;70+6+57+57+0+0+0+3+57;21+36
6;04;0400;114;161+1+127+127+0+0+0+2+127;48+79
6;04;0400;115;143+8+107+107+0+1+1+5+106;40+66
6;04;0400;116;431+7+254+254+0+0+0+0+254;72+182
6;04;0400;117;617+3+401+401+0+0+0+0+401;147+254
6;04;0400;118;140+4+106+106+1+0+1+0+105;29+76
6;04;0400;119;99+4+79+79+1+1+2+4+77;29+48
6;04;0400;120;722+2+380+380+0+0+0+0+380;187+193
6;04;0400;121;690+1+372+372+0+1+1+16+371;148+223
6;04;0400;122;733+3+459+459+0+0+0+0+459;188+271
6;04;0400;123;650+0+362+362+0+0+0+0+362;141+221
6;04;0400;124;713+3+423+423+3+0+3+0+420;177+243
6;04;0400;125;397+1+258+258+1+0+1+15+257;88+169
6;04;0400;126;454+3+270+270+0+2+2+0+268;129+139
6;04;0400;127;219+3+159+159+0+0+0+0+159;76+83
6;04;0400;128;715+2+456+456+3+0+3+14+453;188+265
6;04;0400;129;313+6+188+188+0+0+0+0+188;82+106
6;04;0400;130;808+0+443+443+0+1+1+0+442;162+280
6;04;0400;131;650+0+327+327+0+0+0+0+327;123+204
6;04;0400;132;637+0+295+295+3+4+7+0+288;137+151
6;04;0400;133;159+7+116+116+1+0+1+0+115;48+67
6;04;0400;134;276+1+182+182+0+0+0+12+182;62+120
6;04;0400;135;28+4+23+23+0+0+0+0+23;4+19
6;04;0400;136;42+1+38+38+0+0+0+0+38;13+25
6;04;0400;137;81+4+68+68+1+0+1+1+67;23+44
6;04;0400;138;61+3+52+52+0+0+0+0+52;15+37
6;04;0400;139;101+4+74+74+0+0+0+0+74;23+51
6;04;0400;140;134+3+86+86+2+0+2+0+84;24+60
6;04;0400;141;246+6+153+153+0+0+0+0+153;52+101
6;04;0400;142;73+3+47+47+1+0+1+0+46;16+30
6;04;0600;001;578+0+332+332+2+0+2+10+330;156+174
6;04;0600;002;788+0+466+466+0+0+0+0+466;235+231
6;04;0600;004;608+0+343+343+1+0+1+10+342;149+193
6;04;0600;005;785+0+452+452+0+0+0+18+452;192+260
6;04;0600;006;710+0+313+313+2+0+2+2+311;118+193
6;04;0600;007;694+1+422+422+0+0+0+12+422;203+219
6;04;0600;008;714+0+403+403+1+0+1+0+402;178+224
6;04;0600;009;1036+0+547+547+3+1+4+19+543;242+301
6;04;0600;010;787+0+454+454+1+3+4+13+450;237+213
6;04;0600;011;850+0+508+508+0+0+0+0+508;247+261
6;04;0600;012;670+0+342+342+2+0+2+7+340;139+201
6;04;0600;013;828+0+482+482+0+0+0+0+482;211+271
6;04;0600;014;707+0+380+380+0+0+0+0+380;191+189
6;04;0600;015;800+1+438+438+0+5+5+0+433;171+262
6;04;0600;016;758+0+408+408+1+1+2+27+406;160+246
6;04;0600;018;784+0+435+435+1+0+1+14+434;185+249
6;04;0600;019;639+0+325+325+0+0+0+7+325;146+179
6;04;0600;020;750+0+383+383+0+0+0+8+383;178+205
6;04;0600;021;693+0+358+358+1+0+1+0+357;138+219
6;04;0600;022;665+0+339+339+0+0+0+0+339;159+180
6;04;0600;024;944+0+296+296+0+0+0+10+296;164+132
6;04;0600;025;701+0+362+362+0+0+0+11+362;164+198
6;04;0600;026;762+0+435+435+1+2+3+8+432;198+234
6;04;0600;028;776+2+425+425+0+0+0+0+425;158+267
6;04;0600;029;704+0+373+373+2+1+3+0+370;175+195
6;04;0600;030;590+1+279+279+0+0+0+0+279;110+169
6;04;0600;031;797+0+377+377+0+0+0+9+377;158+219
6;04;0600;032;718+0+352+352+0+0+0+10+352;153+199
6;04;0600;033;703+1+371+371+4+0+4+0+367;154+213
6;04;0600;035;688+0+339+339+0+1+1+6+338;161+177
6;04;0600;036;792+0+372+372+0+1+1+0+371;181+190
6;04;0600;037;699+0+383+383+1+0+1+6+382;172+210
6;04;0600;038;789+0+352+352+1+0+1+10+351;167+184
6;04;0600;039;672+0+327+327+1+0+1+0+326;110+216
6;04;0600;041;667+0+275+275+0+0+0+8+275;128+147
6;04;0600;042;808+0+365+365+2+2+4+8+361;141+220
6;04;0600;043;761+0+360+360+0+0+0+7+360;140+220
6;04;0600;044;563+0+271+271+0+0+0+0+271;111+160
6;04;0600;045;652+0+297+297+0+0+0+5+297;143+154
6;04;0600;046;689+0+305+305+0+0+0+6+305;111+194
6;04;0600;047;54+0+52+52+2+0+2+0+50;24+26
6;04;0600;049;555+2+292+292+0+0+0+0+292;106+186
6;04;0600;050;706+2+348+348+1+1+2+14+346;142+204
6;04;0600;051;697+4+372+372+1+0+1+26+371;132+239
6;04;0600;052;716+0+324+324+0+0+0+0+324;105+219
6;04;0600;053;774+0+406+406+2+0+2+0+404;148+256
6;04;0600;054;697+1+327+327+0+0+0+0+327;127+200
6;04;0600;058;595+1+350+350+0+0+0+0+350;132+218
6;04;0600;059;806+0+434+434+0+0+0+0+434;169+265
6;04;0600;060;789+0+441+441+1+0+1+0+440;176+264
6;04;0600;061;603+1+340+340+0+0+0+0+340;147+193
6;04;0600;062;487+0+293+293+1+0+1+0+292;158+134
6;04;0600;063;712+0+425+425+1+0+1+0+424;199+225
6;04;0600;064;715+0+430+430+0+0+0+0+430;268+162
6;04;0600;065;505+0+268+268+0+0+0+0+268;132+136
6;04;0600;066;808+1+488+488+0+0+0+0+488;208+280
6;04;0600;067;685+0+390+390+2+1+3+13+387;175+212
6;04;0600;068;677+1+368+368+1+1+2+0+366;156+210
6;04;0600;069;817+2+450+450+2+2+4+0+446;177+269
6;04;0600;070;787+1+465+465+0+0+0+0+465;226+239
6;04;0600;071;811+2+404+404+1+4+5+19+399;95+304
6;04;0600;072;384+3+205+205+0+0+0+15+205;67+138
6;04;0600;073;519+0+244+244+1+0+1+8+243;33+210
6;04;0600;074;781+0+361+361+0+0+0+4+361;179+182
6;04;0600;075;762+1+418+418+0+0+0+0+418;173+245
6;04;0600;076;777+6+385+385+2+0+2+0+383;174+209
6;04;0600;077;369+0+232+232+3+0+3+0+229;67+162
6;04;0600;078;145+12+102+102+0+0+0+2+102;33+69
6;04;0600;079;526+0+315+315+0+1+1+7+314;154+160
6;04;0600;080;50+0+17+17+0+1+1+1+16;6+10
6;04;0600;081;131+2+90+90+0+0+0+3+90;38+52
6;04;0600;082;261+1+172+172+0+0+0+6+172;35+137
6;04;1300;001;960+2+554+554+0+1+1+28+553;198+355
6;04;1300;002;1079+1+591+591+0+0+0+30+591;204+387
6;04;1300;003;1035+1+604+604+3+0+3+25+601;247+354
6;04;1300;004;879+0+517+517+0+1+1+25+516;179+337
6;04;1300;005;776+0+404+404+1+0+1+12+403;151+252
6;04;1300;006;881+2+419+419+1+0+1+21+418;155+263
6;04;1300;010;377+3+222+222+0+3+3+0+219;91+128
6;04;1300;011;46+6+29+29+0+0+0+0+29;10+19
6;04;1300;012;80+5+47+47+0+0+0+0+47;24+23
6;04;1300;013;177+3+111+111+0+0+0+3+111;26+85
6;04;1300;014;19+5+17+17+0+0+0+0+17;9+8
6;04;1300;015;145+7+100+100+0+0+0+2+100;45+55
6;04;1300;016;137+2+75+75+0+1+1+2+74;30+44
6;04;1300;017;223+2+166+166+0+0+0+5+166;82+84
6;04;1300;018;936+5+567+567+0+1+1+32+566;187+379
6;04;1300;019;143+4+106+106+0+0+0+10+106;56+50
6;04;1300;020;750+6+331+331+0+0+0+25+331;90+241
6;04;1300;021;130+4+92+92+0+0+0+4+92;28+64
6;04;1300;022;99+4+55+55+0+1+1+6+54;26+28
6;04;1300;023;189+8+124+124+0+0+0+0+124;32+92
6;04;1300;024;169+6+123+123+0+0+0+7+123;40+83
6;04;1300;025;93+4+52+52+0+0+0+0+52;19+33
6;04;1300;026;101+4+70+70+0+0+0+0+70;35+35
6;04;1300;027;97+5+79+79+0+0+0+0+79;25+54
6;04;1300;028;47+8+45+45+0+0+0+1+45;28+17
6;04;1300;029;66+4+41+41+0+0+0+1+41;21+20
6;04;1400;001;714+0+354+354+0+0+0+15+354;109+245
6;04;1400;002;798+1+338+338+0+0+0+10+338;82+256
6;04;1400;003;618+0+310+310+0+1+1+10+309;100+209
6;04;1400;004;415+11+280+280+0+2+2+0+278;112+166
6;04;1400;005;502+10+360+360+1+0+1+9+359;145+214
6;04;1400;006;163+8+108+108+0+0+0+3+108;32+76
6;04;1400;007;127+2+93+93+0+0+0+0+93;25+68
6;04;1400;008;85+1+60+60+0+0+0+0+60;31+29
6;04;1400;009;182+0+117+117+0+0+0+0+117;65+52
6;04;1400;010;120+2+102+102+0+0+0+2+102;93+9
6;04;1400;011;134+1+85+85+0+0+0+0+85;61+24
6;04;1400;012;75+2+49+49+0+0+0+0+49;13+36
6;04;1400;013;93+1+61+61+0+0+0+0+61;11+50
6;04;2000;001;625+0+359+359+2+1+3+8+356;148+208
6;04;2000;002;725+0+417+417+0+0+0+0+417;165+252
6;04;2000;003;364+0+364+364+0+0+0+0+364;180+184
6;04;2000;005;887+0+433+433+1+0+1+11+432;192+240
6;04;2000;006;909+1+504+504+0+0+0+0+504;210+294
6;04;2000;007;1060+0+572+572+1+1+2+14+570;233+337
6;04;2000;009;802+0+366+366+1+0+1+7+365;146+219
6;04;2000;010;924+1+421+421+0+0+0+16+421;172+249
6;04;2000;011;700+0+415+415+1+1+2+11+413;180+233
6;04;2000;012;767+0+428+428+1+2+3+9+425;171+254
6;04;2000;014;659+1+387+387+0+0+0+0+387;142+245
6;04;2000;015;596+3+339+339+1+0+1+0+338;146+192
6;04;2000;016;397+2+209+209+1+0+1+8+208;77+131
6;04;2000;017;548+3+315+315+1+0+1+0+314;89+225
6;04;2000;018;435+2+273+273+1+0+1+13+272;106+166
6;04;2000;019;552+3+300+300+0+0+0+14+300;82+218
6;04;2000;020;519+2+318+318+0+0+0+3+318;91+227
6;04;2000;021;527+2+326+326+0+1+1+5+325;111+214
6;04;2000;022;454+3+271+271+0+0+0+0+271;107+164
6;04;2000;023;580+0+343+343+1+0+1+0+342;93+249
6;04;2200;001;723+0+360+360+0+0+0+0+360;125+235
6;04;2200;002;727+1+423+423+0+0+0+0+423;176+247
6;04;2200;003;535+1+245+245+0+0+0+1+245;112+133
6;04;2200;004;681+0+366+366+2+0+2+12+364;180+184
6;04;2200;005;593+1+319+319+0+0+0+5+319;139+180
6;04;2200;006;807+0+450+450+0+1+1+13+449;201+248
6;04;2200;007;928+1+521+521+0+0+0+0+521;199+322
6;04;2200;008;593+1+329+329+1+1+2+7+327;167+160
6;04;2200;009;690+1+356+356+0+0+0+10+356;138+218
6;04;2200;010;687+1+304+304+0+2+2+17+302;104+198
6;04;2200;011;965+0+501+501+0+1+1+0+500;145+355
6;04;2200;012;659+1+429+429+1+1+2+12+427;149+278
6;04;2200;013;715+1+424+424+1+1+2+16+422;182+240
6;04;2200;014;668+1+316+316+0+0+0+0+316;110+206
6;04;2200;016;730+0+453+453+0+2+2+0+451;201+250
6;04;2200;017;747+2+389+389+0+0+0+6+389;164+225
6;04;2200;021;737+0+474+474+0+0+0+0+474;127+347
6;04;2200;022;927+3+552+552+2+1+3+20+549;148+401
6;04;2200;023;838+1+521+521+1+0+1+20+520;272+248
6;04;2200;024;702+2+327+327+0+0+0+0+327;159+168
6;04;2200;025;875+2+406+406+0+0+0+0+406;143+263
6;04;2200;026;427+2+252+252+1+0+1+25+251;75+176
6;04;2200;027;576+5+275+275+0+0+0+0+275;72+203
6;04;2200;028;423+2+183+183+0+0+0+0+183;23+160
6;04;2200;029;682+4+434+434+1+2+3+19+431;123+308
6;04;2200;030;995+3+547+547+0+0+0+0+547;165+382
6;04;2200;031;379+6+271+271+0+1+1+10+270;53+217
6;04;2200;032;410+4+295+295+0+1+1+12+294;71+223
6;04;2200;033;694+0+464+464+0+2+2+28+462;152+310
6;04;2200;034;651+0+375+375+1+1+2+22+373;121+252
6;04;2200;035;553+0+313+313+0+0+0+10+313;104+209
6;04;2200;036;759+4+488+488+0+0+0+19+488;127+361
6;04;2200;037;206+2+155+155+0+0+0+2+155;58+97
6;04;2200;038;613+0+362+362+0+1+1+15+361;126+235
6;04;2200;039;739+2+425+425+0+0+0+18+425;159+266
6;04;2200;040;297+6+246+246+0+0+0+0+246;98+148
6;04;2200;041;636+4+419+419+1+1+2+6+417;137+280
6;04;2200;042;177+1+141+141+0+0+0+0+141;71+70
6;04;2200;043;606+4+404+404+0+0+0+0+404;173+231
6;04;2200;044;662+4+352+352+0+2+2+9+350;125+225
6;04;2600;001;881+0+477+477+0+1+1+12+476;196+280
6;04;2600;002;888+0+487+487+0+1+1+17+486;200+286
6;04;2600;003;832+0+466+466+0+2+2+13+464;160+304
6;04;2600;004;884+0+455+455+1+0+1+20+454;153+301
6;04;2600;005;969+0+564+564+1+0+1+12+563;232+331
6;04;2600;006;717+0+423+423+0+0+0+7+423;108+315
6;04;2600;007;728+1+376+376+1+0+1+28+375;84+291
6;04;2600;008;561+0+378+378+0+0+0+14+378;129+249
6;04;2600;009;385+0+250+250+0+0+0+7+250;79+171
6;04;2600;010;814+0+529+529+0+1+1+0+528;159+369
6;04;2600;011;244+2+176+176+0+2+2+4+174;58+116
6;04;2600;012;862+2+537+537+2+0+2+19+535;187+348
6;04;2600;013;552+2+405+405+0+0+0+33+405;116+289
6;04;2600;014;925+8+633+633+1+0+1+27+632;264+368
6;04;2600;015;236+11+156+156+0+0+0+7+156;69+87
6;04;2600;016;941+2+547+547+0+0+0+0+547;134+413
6;04;2600;017;1065+3+573+573+2+0+2+0+571;168+403
6;04;2600;018;686+1+331+331+0+1+1+10+330;100+230
6;04;2600;019;747+1+313+313+0+0+0+23+313;87+226
6;04;2600;020;619+6+327+327+1+0+1+21+326;102+224
6;04;2600;021;876+0+489+489+1+0+1+10+488;215+273
6;04;2800;001;624+0+229+229+1+1+2+6+227;105+122
6;04;2800;002;569+0+331+331+0+0+0+0+331;152+179
6;04;2800;003;593+2+280+280+2+0+2+10+278;100+178
6;04;2800;004;84+0+56+56+0+0+0+0+56;5+51
6;04;2800;005;700+0+330+330+0+0+0+0+330;179+151
6;04;2800;006;587+3+343+343+0+1+1+8+342;175+167
6;04;2800;007;475+1+290+290+0+0+0+0+290;142+148
6;04;2800;008;516+1+328+328+1+0+1+0+327;137+190
6;04;2800;009;637+1+270+270+0+0+0+5+270;143+127
6;04;2800;010;667+0+329+329+0+1+1+9+328;165+163
6;04;2800;011;787+0+418+418+0+2+2+14+416;206+210
6;04;2800;012;713+0+392+392+1+0+1+10+391;190+201
6;04;2800;013;679+2+399+399+0+0+0+0+399;183+216
6;04;2800;014;598+3+293+293+2+0+2+0+291;148+143
6;04;2800;016;726+0+430+430+0+1+1+11+429;206+223
6;04;2800;017;826+2+491+491+1+0+1+15+490;214+276
6;04;2800;018;754+0+403+403+0+0+0+18+403;193+210
6;04;2800;019;658+0+336+336+0+0+0+0+336;205+131
6;04;2800;020;812+1+386+386+0+2+2+0+384;216+168
6;04;2800;021;828+0+441+441+1+1+2+13+439;203+236
6;04;2800;022;745+0+404+404+0+0+0+0+404;209+195
6;04;2800;023;688+0+340+340+0+1+1+11+339;170+169
6;04;2800;024;752+0+406+406+1+0+1+8+405;197+208
6;04;2800;025;643+0+341+341+1+0+1+6+340;181+159
6;04;2800;026;759+0+399+399+0+0+0+13+399;193+206
6;04;2800;027;206+2+50+50+0+0+0+0+50;31+19
6;04;2800;029;55+0+34+34+0+0+0+2+34;16+18
6;04;2800;030;125+0+102+102+0+0+0+0+102;52+50
6;04;2800;031;888+4+469+469+0+0+0+0+469;221+248
6;04;2800;032;774+2+421+421+0+0+0+0+421;175+246
6;04;2800;033;606+0+336+336+0+0+0+4+336;171+165
6;04;2800;034;994+0+400+400+0+2+2+11+398;175+223
6;04;2800;035;767+1+330+330+0+0+0+11+330;180+150
6;04;2800;041;740+1+458+458+0+0+0+18+458;199+259
6;04;2800;044;260+3+200+200+0+0+0+6+200;62+138
6;04;2800;047;727+0+422+422+1+0+1+16+421;136+285
6;04;2800;048;720+0+444+444+0+0+0+20+444;145+299
6;04;2800;050;613+0+306+306+2+0+2+0+304;106+198
6;04;2800;051;466+2+223+223+0+1+1+0+222;85+137
6;04;2800;053;622+0+360+360+0+0+0+0+360;89+271
6;04;2800;056;203+2+142+142+1+0+1+0+141;67+74
6;04;2800;058;870+2+535+535+0+1+1+14+534;164+370
6;04;2800;062;657+0+389+389+1+1+2+0+387;138+249
6;04;2800;063;914+2+562+562+0+3+3+0+559;189+370
6;04;2800;065;546+0+263+263+0+0+0+14+263;73+190
6;04;2800;066;687+2+408+408+2+0+2+0+406;129+277
6;04;2800;069;551+3+376+376+0+0+0+0+376;65+311
6;04;2800;070;615+0+390+390+0+0+0+0+390;44+346
6;04;2800;071;486+2+289+289+2+0+2+0+287;49+238
6;04;2800;073;656+1+428+428+0+1+1+0+427;246+181
6;04;2800;074;556+1+357+357+0+1+1+18+356;161+195
6;04;2800;075;674+1+438+438+0+0+0+12+438;248+190
6;04;2800;078;230+2+163+163+0+1+1+0+162;49+113
6;04;2800;080;996+2+532+532+0+0+0+29+532;227+305
6;04;2800;083;677+0+424+424+1+1+2+0+422;168+254
6;04;2800;084;461+0+273+273+0+1+1+0+272;97+175
6;04;2800;086;360+4+239+239+0+1+1+6+238;71+167
6;04;2800;087;771+0+400+400+0+1+1+4+399;174+225
6;04;2800;088;617+0+338+338+0+0+0+0+338;146+192
6;04;2800;089;731+0+313+313+0+1+1+0+312;148+164
6;04;2800;090;715+4+300+300+0+1+1+0+299;168+131
6;04;3100;001;853+1+502+502+2+1+3+7+499;207+292
6;04;3100;002;973+1+535+535+1+1+2+19+533;212+321
6;04;3100;003;666+0+368+368+2+2+4+0+364;131+233
6;04;3100;004;965+1+432+432+3+1+4+20+428;128+300
6;04;3100;005;923+1+419+419+2+2+4+0+415;162+253
6;04;3100;006;583+1+387+387+0+0+0+30+387;215+172
6;04;3100;007;430+4+253+253+0+1+1+16+252;71+181
6;04;3100;008;193+1+146+146+1+0+1+0+145;55+90
6;04;3100;009;383+1+241+241+0+1+1+13+240;73+167
6;04;3100;010;623+10+359+359+2+0+2+0+357;109+248
6;04;3100;011;280+4+196+196+1+1+2+0+194;66+128
6;04;3100;012;260+7+189+189+0+0+0+11+189;71+118
6;04;3100;013;602+0+363+363+0+1+1+14+362;120+242
6;04;3100;014;587+5+335+335+1+1+2+11+333;90+243
6;04;3100;015;697+0+400+400+0+0+0+14+400;97+303
6;04;3100;016;627+0+332+332+0+1+1+2+331;100+231
6;04;3100;017;34+4+29+29+0+0+0+0+29;14+15
6;04;3100;018;94+1+83+83+0+0+0+0+83;22+61
6;04;3100;019;434+0+263+263+0+0+0+0+263;82+181
6;04;3100;020;208+5+151+151+0+1+1+6+150;58+92
6;04;3100;021;164+3+100+100+1+1+2+3+98;29+69
6;04;3100;022;334+5+225+225+1+0+1+7+224;97+127
6;04;3100;023;184+6+138+138+1+1+2+0+136;30+106
6;04;3100;026;954+9+534+534+0+0+0+37+534;143+391
6;04;3100;028;58+1+43+43+0+0+0+0+43;7+36
6;04;3100;029;29+5+21+21+0+0+0+0+21;4+17
6;04;3100;030;665+1+402+402+3+3+6+28+396;206+190
6;04;3200;001;590+0+327+327+0+0+0+11+327;128+199
6;04;3200;002;696+1+429+429+1+0+1+14+428;114+314
6;04;3200;003;682+1+341+341+2+0+2+13+339;118+221
6;04;3200;004;109+0+88+88+0+0+0+0+88;31+57
6;04;3200;005;179+2+122+122+0+0+0+6+122;36+86
6;04;3200;006;204+5+149+149+0+1+1+3+148;36+112
6;04;3200;007;139+3+94+94+0+0+0+3+94;43+51
6;04;3200;008;197+7+151+151+0+0+0+7+151;39+112
[END]

[AGGR]
04;6;   ;2+419+419+248733+670+136104+136104+205+168+373+2746+135731;57351+78380
[END]
