[INFO]
05;Видин;301
[END]

[IZB]
05;6;   ;;18.11.2001;2;2;258
[END]

[NM]
0501;001;г░. Белог░ад╖ик;03616;00
0501;002;▒. Бо░ови╢а;05582;00
0501;003;▒. Ве╣и╢а;10937;00
0501;004;▒. В║░ба;12632;00
0501;005;▒. Г░ани▓ово;17734;00
0501;006;▒. Г░ани╖ак;17765;00
0501;007;▒. Д║б░авка;24431;00
0501;009;м. К░а╖ими░;39606;00
0501;010;▒. О╕ане;54517;00
0501;011;▒. П░а│жда;58092;00
0501;012;▒. П░олазни╢а;58582;00
0501;013;▒. Раби╕а;61011;00
0501;014;▒. Ра┐нов╢и;62339;00
0501;015;▒. Сала╕;65173;00
0501;016;▒. Сливовник;67400;00
0501;017;▒. С▓акев╢и;68655;00
0501;018;▒. С▓░│индол;69910;00
0501;019;▒. Чи┤лик;81459;00
0503;001;▒. Бойни╢а;05195;00
0503;002;▒. Бо░илове╢;05428;00
0503;003;▒. Г░ад▒ков▒ки колиби;17614;00
0503;005;▒. Пе░илове╢;55868;00
0503;006;▒. Раб░ово;61039;00
0503;010;▒. Ши╕ен╢и;83329;00
0506;001;▒. Балей;02395;00
0506;002;г░. Б░егово;06224;00
0506;003;▒. В░║в;12317;00
0506;004;▒. Г║мзово;18304;00
0506;005;▒. Делейна;20568;00
0506;006;▒. Калина;35384;00
0506;007;▒. Ко▒ово;38772;00
0506;008;▒. К│делин;40441;00
0506;009;▒. Раки▓ни╢а;63700;00
0506;010;▒. Ти┐нов╢и;72518;00
0509;001;▒. Ака╢иево;00179;00
0509;002;▒. Ан▓имово;00919;00
0509;003;▒. Б┐ла Рада;03280;00
0509;004;▒. Бо▓ево;05832;00
0509;005;▒. Б│кове╢;06954;00
0509;006;г░. Видин;10971;00
0509;007;▒. Войни╢а;11925;00
0509;008;▒. В║░▓оп;12958;00
0509;009;▒. Гай▓ан╢и;14369;00
0509;010;▒. Гене░ал Ма░иново;14698;00
0509;011;▒. Гомо▓а░╢и;15998;00
0509;012;▒. Г░аде╢;17422;00
0509;013;▒. Динкови╢а;21186;00
0509;014;▒. Долни Бо╕н┐к;22318;00
0509;015;▒. Д░│жба;23786;00
0509;016;г░. Д│нав╢и;24061;00
0509;018;▒. Жегли╢а;29043;00
0509;019;▒. Иванов╢и;32130;00
0509;020;▒. Иново;32754;00
0509;021;▒. Каленик;35328;00
0509;022;▒. Капи▓анов╢и;36141;00
0509;023;▒. Ко╕ава;39147;00
0509;024;▒. К│▓ово;41263;00
0509;025;▒. Майо░ Уз│ново;46111;00
0509;026;▒. Ново▒ел╢и;52283;00
0509;027;▒. Пе╕аково;56252;00
0509;028;▒. Плак│де░;56616;00
0509;029;▒. Пок░айна;57131;00
0509;030;▒. Р│п╢и;63358;00
0509;031;▒. Ца░ Симеоново;66442;00
0509;032;▒. Синагов╢и;66473;00
0509;033;▒. Слана Ба░а;67180;00
0509;034;▒. Слано▓░║н;67194;00
0509;035;▒. Т║░н┐не;73746;00
0515;003;▒. Б░анков╢и;06121;00
0515;004;▒. Водна;11720;00
0515;005;г░. Г░амада;17645;00
0515;006;▒. Меде╕ев╢и;47583;00
0515;007;▒. Мил╖ина л║ка;48266;00
0515;008;▒. С░а╢ими░ово;68268;00
0515;009;▒. То╕ев╢и;72919;00
0516;001;▒. А░╖а░;00672;00
0516;002;▒. Бела;03263;00
0516;003;▒. Влади╖ен╢и;11497;00
0516;004;▒. Водн┐н╢и;11778;00
0516;005;▒. В║░бов╖е╢;12824;00
0516;006;г░. Димово;21097;00
0516;007;▒. Д║лго поле;24579;00
0516;008;▒. Д║░жани╢а;24640;00
0516;009;▒. Изво░;32370;00
0516;010;▒. Ка░бин╢и;36440;00
0516;011;▒. Кладо░│б;37188;00
0516;012;▒. Ко▒▓и╖ов╢и;38995;00
0516;013;▒. Лаго╕ев╢и;43027;00
0516;014;▒. Мали Д░енове╢;46320;00
0516;015;▒. Медовни╢а;47648;00
0516;016;▒. Га░а О░е╕е╢;14489;00
0516;019;▒. О▒▓░окап╢и;54434;00
0516;020;▒. Сеп▓емв░ий╢и;66278;00
0516;021;▒. Скомл┐;66843;00
0516;022;▒. Шипо▓;83239;00
0516;023;▒. Ян╝ове╢;87477;00
0516;024;▒. Я░лови╢а;87549;00
0522;001;▒. Големаново;15415;00
0522;002;▒. Изво░ ма╡ала;32439;00
0522;004;▒. Ко▒▓а Пе░╖ово;38858;00
0522;005;г░. К│ла;40525;00
0522;006;▒. Поле▓ков╢и;57193;00
0522;007;▒. С▓а░опа▓и╢а;69002;00
0522;008;▒. Тополове╢;72775;00
0522;009;▒. Ца░ Пе▓░ово;78224;00
0522;010;▒. Чи╖ил;81503;00
0525;001;▒. В║л╖ек;12557;00
0525;002;▒. Ки░┐ево;36885;00
0525;003;▒. Мак░е╕;46245;00
0525;004;▒. Подго░е;56980;00
0525;005;▒. Ракови╢а;62044;00
0525;006;▒. Толови╢а;72638;00
0525;007;▒. Ца░ Ши╕маново;83363;00
0530;001;▒. Вина░ово;11079;00
0530;002;▒. Негованов╢и;51264;00
0530;003;▒. Ново ▒ело;52180;00
0530;004;▒. Фло░ен▓ин;76145;00
0530;005;▒. Я▒ен;87583;00
0533;001;▒. Бело поле;03678;00
0533;002;▒. Г╛░ги╖;18486;00
0533;003;▒. Динково;21193;00
0533;004;▒. Д░ажин╢и;23515;00
0533;005;▒. Д░енове╢;23672;00
0533;006;▒. Пле╕иве╢;56753;00
0533;007;▒. Рогле╢;62791;00
0533;008;▒. Р│жин╢и;63255;00
0533;009;▒. Тополове╢;73924;00
0533;010;▒. Че░но поле;81247;00
0537;002;▒. В║░бово;12797;00
0537;003;▒. Го░ни Лом;16571;00
0537;004;▒. Долни Лом;22424;00
0537;005;▒. П░о▓опопин╢и;58671;00
0537;006;▒. Репл┐на;62493;00
0537;007;▒. С░едог░ив;68518;00
0537;008;▒. Т║░гови╣е;73612;00
0537;009;▒. Ч│п░ене;81757;00
[END]

[SEC]
05;0100;001;6;001
05;0100;002;6;001
05;0100;003;6;001
05;0100;004;6;001
05;0100;005;6;001
05;0100;006;6;001
05;0100;007;6;001
05;0100;008;6;001
05;0100;009;6;002
05;0100;010;6;019
05;0100;011;6;019
05;0100;012;6;013
05;0100;013;6;011
05;0100;014;6;009
05;0100;015;6;017
05;0100;016;6;005
05;0100;017;6;007
05;0100;018;6;006
05;0100;019;6;015
05;0100;020;6;016
05;0100;021;6;004
05;0100;022;6;003
05;0100;023;6;018
05;0100;024;6;010
05;0100;025;6;014
05;0100;026;6;001
05;0100;027;6;015
05;0100;028;6;012
05;0300;001;6;001
05;0300;002;6;002
05;0300;003;6;003
05;0300;004;6;005
05;0300;005;6;006
05;0300;006;6;010
05;0600;001;6;002
05;0600;002;6;002
05;0600;003;6;002
05;0600;004;6;002
05;0600;005;6;009
05;0600;006;6;004
05;0600;007;6;004
05;0600;008;6;003
05;0600;009;6;007
05;0600;010;6;005
05;0600;011;6;001
05;0600;012;6;008
05;0600;013;6;010
05;0600;014;6;006
05;0900;001;6;006
05;0900;002;6;006
05;0900;003;6;006
05;0900;004;6;006
05;0900;005;6;006
05;0900;006;6;006
05;0900;007;6;006
05;0900;008;6;006
05;0900;009;6;006
05;0900;010;6;006
05;0900;011;6;006
05;0900;012;6;006
05;0900;013;6;006
05;0900;014;6;006
05;0900;015;6;006
05;0900;016;6;006
05;0900;017;6;006
05;0900;018;6;006
05;0900;019;6;006
05;0900;020;6;006
05;0900;021;6;006
05;0900;022;6;006
05;0900;023;6;006
05;0900;024;6;006
05;0900;025;6;006
05;0900;026;6;006
05;0900;027;6;006
05;0900;028;6;006
05;0900;029;6;006
05;0900;030;6;006
05;0900;031;6;006
05;0900;032;6;006
05;0900;033;6;006
05;0900;034;6;006
05;0900;035;6;006
05;0900;036;6;006
05;0900;037;6;006
05;0900;038;6;006
05;0900;039;6;006
05;0900;040;6;006
05;0900;041;6;006
05;0900;042;6;006
05;0900;043;6;006
05;0900;044;6;006
05;0900;045;6;006
05;0900;046;6;006
05;0900;047;6;006
05;0900;048;6;006
05;0900;049;6;006
05;0900;050;6;006
05;0900;051;6;006
05;0900;052;6;006
05;0900;053;6;006
05;0900;054;6;006
05;0900;055;6;006
05;0900;056;6;006
05;0900;057;6;006
05;0900;058;6;006
05;0900;059;6;006
05;0900;060;6;006
05;0900;061;6;006
05;0900;062;6;006
05;0900;063;6;006
05;0900;064;6;006
05;0900;065;6;006
05;0900;066;6;006
05;0900;067;6;006
05;0900;068;6;006
05;0900;069;6;006
05;0900;070;6;006
05;0900;071;6;006
05;0900;072;6;006
05;0900;073;6;006
05;0900;074;6;006
05;0900;075;6;006
05;0900;076;6;026
05;0900;077;6;006
05;0900;078;6;006
05;0900;079;6;006
05;0900;080;6;006
05;0900;081;6;010
05;0900;082;6;027
05;0900;083;6;015
05;0900;084;6;014
05;0900;085;6;028
05;0900;086;6;013
05;0900;087;6;012
05;0900;088;6;012
05;0900;089;6;001
05;0900;090;6;030
05;0900;091;6;025
05;0900;092;6;020
05;0900;093;6;022
05;0900;094;6;022
05;0900;095;6;029
05;0900;096;6;029
05;0900;097;6;011
05;0900;098;6;011
05;0900;099;6;002
05;0900;100;6;003
05;0900;101;6;024
05;0900;102;6;024
05;0900;103;6;034
05;0900;104;6;007
05;0900;105;6;023
05;0900;106;6;016
05;0900;107;6;016
05;0900;108;6;016
05;0900;109;6;016
05;0900;110;6;032
05;0900;111;6;019
05;0900;112;6;018
05;0900;113;6;008
05;0900;114;6;009
05;0900;115;6;031
05;0900;116;6;004
05;0900;117;6;035
05;0900;118;6;005
05;0900;119;6;021
05;0900;120;6;033
05;0900;121;6;006
05;1500;001;6;005
05;1500;002;6;005
05;1500;003;6;005
05;1500;004;6;009
05;1500;005;6;003
05;1500;006;6;008
05;1500;007;6;004
05;1500;008;6;007
05;1500;009;6;006
05;1600;001;6;006
05;1600;002;6;006
05;1600;003;6;013
05;1600;004;6;009
05;1600;005;6;022
05;1600;006;6;012
05;1600;007;6;007
05;1600;008;6;002
05;1600;009;6;019
05;1600;010;6;011
05;1600;011;6;021
05;1600;012;6;004
05;1600;013;6;010
05;1600;014;6;015
05;1600;015;6;016
05;1600;016;6;016
05;1600;017;6;005
05;1600;018;6;023
05;1600;019;6;024
05;1600;020;6;020
05;1600;021;6;001
05;1600;022;6;001
05;1600;023;6;001
05;1600;024;6;008
05;1600;025;6;014
05;1600;026;6;003
05;2200;001;6;005
05;2200;002;6;005
05;2200;003;6;005
05;2200;004;6;005
05;2200;005;6;005
05;2200;006;6;005
05;2200;007;6;001
05;2200;008;6;002
05;2200;009;6;004
05;2200;010;6;006
05;2200;011;6;007
05;2200;012;6;008
05;2200;013;6;009
05;2200;014;6;010
05;2500;001;6;003
05;2500;002;6;001
05;2500;003;6;006
05;2500;004;6;007
05;2500;005;6;004
05;2500;006;6;005
05;2500;007;6;005
05;2500;008;6;002
05;3000;001;6;003
05;3000;002;6;003
05;3000;003;6;001
05;3000;004;6;001
05;3000;005;6;002
05;3000;006;6;004
05;3000;007;6;005
05;3300;001;6;008
05;3300;002;6;008
05;3300;003;6;008
05;3300;004;6;002
05;3300;005;6;006
05;3300;006;6;010
05;3300;007;6;004
05;3300;008;6;005
05;3300;009;6;005
05;3300;010;6;005
05;3300;011;6;005
05;3300;012;6;009
05;3300;013;6;001
05;3300;014;6;007
05;3300;015;6;003
05;3700;001;6;009
05;3700;002;6;009
05;3700;003;6;002
05;3700;004;6;008
05;3700;005;6;005
05;3700;006;6;006
05;3700;007;6;003
05;3700;008;6;003
05;3700;009;6;004
05;3700;010;6;007
[END]

[MAJ]
05;6;   ;02;;;Пе▓║░ С▓е┤анов С▓о┐нов и Нели Пе▓░ова К│╢кова;, ;ПСС+НПК;23781;0;1
05;6;   ;05;;;Гео░ги Седе┤╖ов П║░ванов и Ангел Иванов Ма░ин;, ;ГСП+АИМ;43207;1;2
[END]

[PROP]
[END]

[LISTI]
[END]

[PROT]
6;05;0100;001;687+1+374+374+0+0+0+9+374;111+263
6;05;0100;002;529+0+320+320+3+1+4+13+316;88+228
6;05;0100;003;599+3+314+314+0+1+1+0+313;91+222
6;05;0100;004;487+1+290+290+1+0+1+13+289;115+174
6;05;0100;005;646+1+376+376+0+1+1+0+375;99+276
6;05;0100;006;776+3+404+404+0+1+1+0+403;108+295
6;05;0100;007;740+0+350+350+0+0+0+5+350;97+253
6;05;0100;008;610+0+452+452+0+0+0+0+452;300+152
6;05;0100;009;194+7+139+139+0+0+0+8+139;25+114
6;05;0100;010;65+7+57+57+0+0+0+0+57;13+44
6;05;0100;011;53+7+45+45+0+0+0+0+45;10+35
6;05;0100;012;347+3+228+228+0+2+2+10+226;67+159
6;05;0100;013;113+7+100+100+0+0+0+0+100;30+70
6;05;0100;014;55+3+48+48+0+0+0+1+48;8+40
6;05;0100;015;305+5+253+253+2+0+2+16+251;41+210
6;05;0100;016;92+10+83+83+0+0+0+6+83;18+65
6;05;0100;017;109+2+90+90+0+0+0+0+90;9+81
6;05;0100;018;31+6+23+23+0+0+0+0+23;3+20
6;05;0100;019;199+8+150+150+0+0+0+12+150;55+95
6;05;0100;020;37+7+38+38+0+0+0+0+38;3+35
6;05;0100;021;38+7+43+43+0+0+0+1+43;13+30
6;05;0100;022;72+6+66+66+0+0+0+1+66;28+38
6;05;0100;023;30+7+33+33+1+0+1+0+32;11+21
6;05;0100;024;103+6+92+92+0+0+0+4+92;33+59
6;05;0100;025;172+6+107+107+0+0+0+6+107;27+80
6;05;0100;026;27+0+12+12+0+0+0+0+12;4+8
6;05;0100;027;38+4+21+21+0+0+0+0+21;15+6
6;05;0100;028;26+5+23+23+0+0+0+0+23;9+14
6;05;0300;001;672+1+406+406+0+1+1+9+405;124+281
6;05;0300;002;229+3+156+156+1+0+1+8+155;40+115
6;05;0300;003;91+2+68+68+0+0+0+0+68;16+52
6;05;0300;004;121+1+82+82+1+0+1+0+81;25+56
6;05;0300;005;616+3+381+381+0+3+3+16+378;60+318
6;05;0300;006;215+0+133+133+2+0+2+0+131;46+85
6;05;0600;001;681+5+529+529+0+0+0+0+529;135+394
6;05;0600;002;703+1+533+533+1+1+2+15+531;151+380
6;05;0600;003;649+3+520+520+2+3+5+10+515;193+322
6;05;0600;004;589+0+447+447+2+1+3+25+444;124+320
6;05;0600;005;561+2+467+467+1+4+5+20+462;246+216
6;05;0600;006;395+1+302+302+4+2+6+4+296;81+215
6;05;0600;007;448+0+374+374+0+0+0+7+374;142+232
6;05;0600;008;509+6+401+401+1+0+1+17+400;159+241
6;05;0600;009;459+5+372+372+1+0+1+28+371;117+254
6;05;0600;010;398+3+328+328+2+2+4+17+324;129+195
6;05;0600;011;471+0+356+356+2+2+4+18+352;111+241
6;05;0600;012;370+2+214+214+1+0+1+13+213;76+137
6;05;0600;013;148+2+130+130+0+1+1+0+129;47+82
6;05;0600;014;27+15+38+38+0+0+0+0+38;5+33
6;05;0900;001;359+0+138+138+0+0+0+8+138;25+113
6;05;0900;002;703+0+342+342+0+0+0+0+342;168+174
6;05;0900;003;623+0+326+326+0+0+0+18+326;134+192
6;05;0900;004;632+5+325+325+1+0+1+0+324;145+179
6;05;0900;005;683+0+348+348+0+0+0+0+348;133+215
6;05;0900;006;753+0+334+334+1+0+1+0+333;139+194
6;05;0900;007;696+1+336+336+1+0+1+12+335;151+184
6;05;0900;008;747+0+382+382+2+0+2+24+380;179+201
6;05;0900;009;702+2+376+376+1+0+1+13+375;165+210
6;05;0900;010;871+0+386+386+4+0+4+11+382;170+212
6;05;0900;011;701+0+360+360+0+0+0+10+360;151+209
6;05;0900;012;789+0+404+404+0+0+0+14+404;175+229
6;05;0900;013;749+1+349+349+2+0+2+0+347;164+183
6;05;0900;014;792+2+329+329+1+0+1+11+328;134+194
6;05;0900;015;721+0+328+328+0+0+0+8+328;127+201
6;05;0900;016;755+2+325+325+0+0+0+17+325;123+202
6;05;0900;017;778+0+321+321+0+1+1+6+320;129+191
6;05;0900;018;549+0+268+268+0+0+0+0+268;113+155
6;05;0900;019;559+0+248+248+0+1+1+0+247;113+134
6;05;0900;020;673+0+254+254+0+0+0+0+254;89+165
6;05;0900;021;635+0+347+347+0+0+0+14+347;137+210
6;05;0900;022;774+1+384+384+1+0+1+11+383;186+197
6;05;0900;023;871+1+368+368+0+0+0+9+368;171+197
6;05;0900;024;728+0+340+340+0+0+0+10+340;134+206
6;05;0900;025;699+1+379+379+1+0+1+23+378;171+207
6;05;0900;026;770+3+414+414+0+0+0+22+414;181+233
6;05;0900;027;730+1+401+401+0+0+0+18+401;187+214
6;05;0900;028;847+1+398+398+0+0+0+10+398;176+222
6;05;0900;029;841+0+387+387+0+0+0+0+387;182+205
6;05;0900;030;746+1+337+337+2+0+2+15+335;154+181
6;05;0900;031;778+0+368+368+0+0+0+0+368;148+220
6;05;0900;032;731+0+291+291+1+0+1+15+290;110+180
6;05;0900;033;723+0+354+354+0+1+1+11+353;131+222
6;05;0900;034;685+1+326+326+1+1+2+3+324;124+200
6;05;0900;035;647+0+286+286+0+0+0+16+286;113+173
6;05;0900;036;777+0+366+366+0+1+1+12+365;162+203
6;05;0900;037;699+3+322+322+0+0+0+0+322;133+189
6;05;0900;038;756+0+356+356+1+0+1+0+355;136+219
6;05;0900;039;746+0+364+364+0+0+0+24+364;178+186
6;05;0900;040;758+2+314+314+0+0+0+0+314;124+190
6;05;0900;041;688+0+342+342+0+0+0+13+342;191+151
6;05;0900;042;715+0+311+311+0+0+0+0+311;124+187
6;05;0900;043;768+3+398+398+1+0+1+16+397;174+223
6;05;0900;044;583+1+303+303+0+1+1+13+302;147+155
6;05;0900;045;327+0+172+172+0+1+1+7+171;73+98
6;05;0900;046;690+1+395+395+0+2+2+13+393;164+229
6;05;0900;047;699+0+378+378+1+0+1+10+377;173+204
6;05;0900;048;579+2+338+338+0+0+0+30+338;162+176
6;05;0900;049;666+0+372+372+0+0+0+8+372;125+247
6;05;0900;050;762+0+315+315+0+1+1+16+314;132+182
6;05;0900;051;741+0+352+352+0+1+1+6+351;157+194
6;05;0900;052;805+1+331+331+0+0+0+14+331;119+212
6;05;0900;053;692+1+341+341+0+0+0+17+341;179+162
6;05;0900;054;743+0+341+341+0+0+0+8+341;111+230
6;05;0900;055;660+1+281+281+0+0+0+7+281;125+156
6;05;0900;056;719+0+272+272+0+0+0+0+272;134+138
6;05;0900;057;706+0+316+316+0+1+1+8+315;127+188
6;05;0900;058;766+1+307+307+0+0+0+10+307;132+175
6;05;0900;059;671+0+298+298+0+0+0+17+298;134+164
6;05;0900;060;668+0+341+341+1+0+1+0+340;142+198
6;05;0900;061;790+0+371+371+0+0+0+9+371;129+242
6;05;0900;062;724+0+316+316+0+0+0+10+316;112+204
6;05;0900;063;691+1+372+372+0+0+0+0+372;136+236
6;05;0900;064;729+0+306+306+0+1+1+0+305;136+169
6;05;0900;065;828+7+399+399+0+0+0+0+399;178+221
6;05;0900;066;828+1+445+445+0+0+0+5+445;191+254
6;05;0900;067;770+0+403+403+1+0+1+16+402;189+213
6;05;0900;068;697+0+359+359+0+0+0+0+359;180+179
6;05;0900;069;560+0+278+278+0+0+0+0+278;107+171
6;05;0900;070;645+0+333+333+0+0+0+0+333;122+211
6;05;0900;071;639+0+323+323+0+0+0+0+323;110+213
6;05;0900;072;549+0+298+298+0+0+0+0+298;92+206
6;05;0900;073;501+0+232+232+0+0+0+0+232;70+162
6;05;0900;074;497+0+239+239+0+0+0+0+239;43+196
6;05;0900;075;461+0+219+219+0+0+0+0+219;67+152
6;05;0900;076;352+3+355+355+0+2+2+25+353;83+270
6;05;0900;077;405+1+179+179+0+0+0+0+179;80+99
6;05;0900;078;463+0+198+198+0+0+0+7+198;82+116
6;05;0900;079;769+1+324+324+0+0+0+8+324;173+151
6;05;0900;080;310+0+172+172+0+0+0+4+172;45+127
6;05;0900;081;170+14+171+171+2+0+2+19+169;105+64
6;05;0900;082;89+18+82+82+0+0+0+3+82;22+60
6;05;0900;083;296+4+209+209+0+2+2+10+207;78+129
6;05;0900;084;116+3+87+87+0+0+0+0+87;27+60
6;05;0900;085;116+10+101+101+1+0+1+0+100;61+39
6;05;0900;086;151+5+130+130+0+0+0+0+130;44+86
6;05;0900;087;811+2+498+498+0+0+0+39+498;238+260
6;05;0900;088;864+4+556+556+0+1+1+27+555;237+318
6;05;0900;089;123+6+114+114+0+0+0+8+114;61+53
6;05;0900;090;168+2+138+138+0+0+0+12+138;44+94
6;05;0900;091;365+7+282+282+0+0+0+15+282;113+169
6;05;0900;092;746+3+471+471+1+0+1+0+470;174+296
6;05;0900;093;585+3+406+406+1+0+1+0+405;203+202
6;05;0900;094;615+6+438+438+3+0+3+0+435;238+197
6;05;0900;095;693+4+452+452+1+0+1+23+451;146+305
6;05;0900;096;722+1+517+517+0+0+0+0+517;235+282
6;05;0900;097;394+4+294+294+2+0+2+0+292;95+197
6;05;0900;098;462+2+338+338+0+1+1+0+337;115+222
6;05;0900;099;728+3+541+541+1+0+1+49+540;201+339
6;05;0900;100;611+10+396+396+0+1+1+0+395;132+263
6;05;0900;101;504+4+372+372+0+0+0+15+372;130+242
6;05;0900;102;467+0+335+335+0+0+0+0+335;149+186
6;05;0900;103;712+4+502+502+2+0+2+0+500;181+319
6;05;0900;104;124+5+117+117+0+0+0+0+117;45+72
6;05;0900;105;525+11+391+391+1+0+1+0+390;123+267
6;05;0900;106;747+8+406+406+0+0+0+22+406;160+246
6;05;0900;107;399+2+201+201+0+0+0+2+201;58+143
6;05;0900;108;643+8+353+353+0+0+0+19+353;60+293
6;05;0900;109;685+7+393+393+2+0+2+12+391;77+314
6;05;0900;110;414+8+312+312+1+0+1+0+311;72+239
6;05;0900;111;125+7+99+99+0+0+0+2+99;32+67
6;05;0900;112;224+0+169+169+2+0+2+12+167;60+107
6;05;0900;113;127+8+113+113+0+0+0+8+113;44+69
6;05;0900;114;137+9+95+95+1+0+1+0+94;26+68
6;05;0900;115;133+9+105+105+0+0+0+0+105;36+69
6;05;0900;116;67+9+69+69+0+0+0+0+69;24+45
6;05;0900;117;139+5+110+110+0+0+0+0+110;30+80
6;05;0900;118;747+0+527+527+0+0+0+23+527;152+375
6;05;0900;119;340+3+218+218+1+0+1+12+217;99+118
6;05;0900;120;478+1+325+325+0+0+0+0+325;110+215
6;05;0900;121;71+0+28+28+0+0+0+0+28;8+20
6;05;1500;001;327+5+197+197+0+0+0+17+197;63+134
6;05;1500;002;728+2+407+407+0+0+0+0+407;86+321
6;05;1500;003;668+3+431+431+0+1+1+0+430;96+334
6;05;1500;004;252+3+136+136+0+0+0+10+136;32+104
6;05;1500;005;188+5+126+126+0+0+0+14+126;47+79
6;05;1500;006;70+5+47+47+0+0+0+1+47;10+37
6;05;1500;007;113+2+83+83+2+1+3+4+80;21+59
6;05;1500;008;74+7+60+60+0+0+0+0+60;17+43
6;05;1500;009;97+6+68+68+0+1+1+4+67;20+47
6;05;1600;001;551+1+369+369+0+0+0+13+369;71+298
6;05;1600;002;641+3+414+414+2+1+3+26+411;103+308
6;05;1600;003;99+4+71+71+0+0+0+0+71;19+52
6;05;1600;004;319+3+218+218+1+0+1+18+217;55+162
6;05;1600;005;66+6+56+56+0+0+0+0+56;12+44
6;05;1600;006;110+3+87+87+0+0+0+4+87;22+65
6;05;1600;007;39+4+36+36+0+0+0+0+36;17+19
6;05;1600;008;136+4+80+80+0+0+0+0+80;15+65
6;05;1600;009;91+3+67+67+0+0+0+5+67;11+56
6;05;1600;010;40+3+35+35+0+0+0+0+35;6+29
6;05;1600;011;40+5+35+35+2+0+2+0+33;2+31
6;05;1600;012;261+5+175+175+0+0+0+5+175;43+132
6;05;1600;013;233+4+160+160+0+0+0+0+160;20+140
6;05;1600;014;239+7+169+169+1+3+4+2+165;35+130
6;05;1600;015;598+5+339+339+0+0+0+7+339;61+278
6;05;1600;016;384+8+220+220+0+1+1+5+219;42+177
6;05;1600;017;142+5+112+112+0+0+0+2+112;24+88
6;05;1600;018;31+12+36+36+0+0+0+0+36;8+28
6;05;1600;019;187+6+145+145+0+0+0+11+145;47+98
6;05;1600;020;309+1+221+221+0+0+0+0+221;41+180
6;05;1600;021;756+3+460+460+1+0+1+37+459;118+341
6;05;1600;022;619+7+352+352+0+1+1+14+351;62+289
6;05;1600;023;761+2+417+417+0+1+1+20+416;93+323
6;05;1600;024;189+1+135+135+1+0+1+3+134;34+100
6;05;1600;025;107+5+87+87+1+0+1+0+86;24+62
6;05;1600;026;58+3+48+48+0+0+0+0+48;11+37
6;05;2200;001;686+0+387+387+2+0+2+18+385;148+237
6;05;2200;002;799+1+461+461+1+1+2+10+459;160+299
6;05;2200;003;704+1+399+399+0+2+2+0+397;127+270
6;05;2200;004;719+0+415+415+3+4+7+17+408;170+238
6;05;2200;005;630+4+326+326+1+0+1+7+325;104+221
6;05;2200;006;35+0+22+22+0+0+0+0+22;2+20
6;05;2200;007;217+3+151+151+2+0+2+9+149;64+85
6;05;2200;008;167+1+126+126+0+0+0+0+126;59+67
6;05;2200;009;196+4+136+136+0+0+0+0+136;34+102
6;05;2200;010;65+5+39+39+0+0+0+0+39;16+23
6;05;2200;011;491+11+312+312+0+0+0+0+312;108+204
6;05;2200;012;392+3+295+295+0+0+0+9+295;69+226
6;05;2200;013;392+2+266+266+1+0+1+12+265;95+170
6;05;2200;014;170+1+132+132+1+0+1+0+131;48+83
6;05;2500;001;488+4+375+375+0+0+0+17+375;65+310
6;05;2500;002;106+6+94+94+0+1+1+4+93;31+62
6;05;2500;003;62+5+53+53+0+0+0+0+53;11+42
6;05;2500;004;188+2+149+149+0+0+0+8+149;44+105
6;05;2500;005;340+2+251+251+3+1+4+0+247;61+186
6;05;2500;006;327+0+188+188+1+0+1+8+187;60+127
6;05;2500;007;427+1+293+293+0+0+0+18+293;111+182
6;05;2500;008;291+1+213+213+0+1+1+15+212;55+157
6;05;3000;001;558+6+414+414+1+0+1+16+413;152+261
6;05;3000;002;625+4+451+451+1+0+1+9+450;188+262
6;05;3000;003;521+2+399+399+2+0+2+29+397;192+205
6;05;3000;004;417+2+307+307+0+1+1+25+306;163+143
6;05;3000;005;698+1+474+474+0+0+0+0+474;190+284
6;05;3000;006;407+1+325+325+0+2+2+11+323;108+215
6;05;3000;007;314+2+248+248+0+0+0+13+248;106+142
6;05;3300;001;524+2+347+347+1+0+1+8+346;92+254
6;05;3300;002;281+4+195+195+0+0+0+12+195;44+151
6;05;3300;003;122+3+101+101+0+0+0+1+101;29+72
6;05;3300;004;341+0+257+257+1+0+1+0+256;38+218
6;05;3300;005;324+1+203+203+0+2+2+12+201;55+146
6;05;3300;006;335+1+223+223+0+1+1+7+222;43+179
6;05;3300;007;244+2+191+191+0+0+0+0+191;41+150
6;05;3300;008;438+0+310+310+2+0+2+11+308;46+262
6;05;3300;009;264+2+182+182+0+0+0+5+182;13+169
6;05;3300;010;300+0+204+204+0+0+0+3+204;37+167
6;05;3300;011;477+2+295+295+0+1+1+9+294;46+248
6;05;3300;012;255+1+178+178+0+0+0+1+178;46+132
6;05;3300;013;697+5+424+424+0+0+0+0+424;88+336
6;05;3300;014;25+2+23+23+0+0+0+0+23;5+18
6;05;3300;015;187+2+139+139+2+3+5+3+134;19+115
6;05;3700;001;315+7+221+221+1+3+4+9+217;43+174
6;05;3700;002;269+0+196+196+0+1+1+0+195;49+146
6;05;3700;003;165+7+126+126+0+0+0+0+126;39+87
6;05;3700;004;188+3+136+136+1+0+1+5+135;19+116
6;05;3700;005;82+1+62+62+0+0+0+0+62;30+32
6;05;3700;006;250+2+179+179+0+0+0+1+179;16+163
6;05;3700;007;383+5+221+221+0+0+0+0+221;37+184
6;05;3700;008;337+6+192+192+0+0+0+0+192;41+151
6;05;3700;009;296+3+213+213+2+0+2+9+211;81+130
6;05;3700;010;180+3+129+129+0+0+0+7+129;37+92
[END]

[AGGR]
05;6;   ;2+258+258+115031+739+67182+67182+114+80+194+1886+66988;23781+43207
[END]
