[INFO]
06;В░а╢а;301
[END]

[IZB]
06;6;   ;;18.11.2001;2;2;317
[END]

[NM]
0605;001;▒. Бо░ован;05548;00
0605;002;▒. Доб░олево;21600;00
0605;003;▒. Мало░ад;46810;00
0605;004;▒. Нив┐нин;51559;00
0605;005;▒. Си░аково;66617;00
0608;001;▒. Ал▓ими░;00401;00
0608;002;▒. Б│кове╢;06968;00
0608;003;▒. Б║░да░▒ки ге░ан;07418;00
0608;004;▒. Б║░ка╖ево;07538;00
0608;005;г░. Б┐ла Сла▓ина;07702;00
0608;006;▒. В░ан┐к;12214;00
0608;007;▒. В║░би╢а;12749;00
0608;008;▒. Габа░е;14012;00
0608;009;▒. Гали╖е;14406;00
0608;010;▒. Д░а╕ан;23618;00
0608;011;▒. Кома░ево;38128;00
0608;012;▒. Попи╢а;57594;00
0608;013;▒. Сокола░е;67845;00
0608;014;▒. Тла╖ене;72521;00
0608;015;▒. Т║░нава;73643;00
0608;016;▒. Т║░нак;73660;00
0610;001;▒. Бани╢а;02590;00
0610;002;▒. Бели изво░;03438;00
0610;003;▒. Ве▒ле╢;10789;00
0610;004;▒. Ви░ов▒ко;11185;00
0610;005;▒. Вла▒а▓и╢а;11555;00
0610;006;г░. В░а╢а;12259;00
0610;007;▒. Гол┐мо Пе╣ене;15521;00
0610;008;▒. Го░но Пе╣ене;16897;00
0610;009;▒. Девене;20376;00
0610;010;▒. Зго░иг░ад;30606;00
0610;011;▒. Ко▒▓алево;38875;00
0610;012;▒. Лил┐╖е;43712;00
0610;013;▒. Л╛▓аджик;44728;00
0610;014;▒. Мало Пе╣ене;46807;00
0610;015;▒. М░амо░ен;49223;00
0610;016;▒. Не┤ела;51528;00
0610;017;▒. О╡оден;54482;00
0610;018;▒. Павол╖е;55070;00
0610;019;▒. Ти╕еви╢а;72504;00
0610;020;▒. Т░и кладен╢и;73119;00
0610;021;▒. Челопек;80311;00
0610;022;▒. Чи░ен;81400;00
0620;001;▒. Б│▓ан;07116;00
0620;002;▒. Гложене;18505;00
0620;003;г░. Козлод│й;37798;00
0620;004;▒. К░ива ба░а;39730;00
0620;005;▒. Х║░ле╢;77548;00
0621;001;▒. Ба│░ене;02912;00
0621;002;▒. Бо▓│н┐;05894;00
0621;003;▒. Гала▓ин;14390;00
0621;004;▒. Глава╢и;15014;00
0621;005;▒. Гол┐мо Бабино;15494;00
0621;006;▒. Г░аде╕ни╢а;17453;00
0621;007;▒. Доб░│╕а;21734;00
0621;008;▒. К░аводе░;39236;00
0621;009;г░. К░иводол;39846;00
0621;010;▒. Ле▒│░а;43462;00
0621;011;▒. О▒ен;54064;00
0621;012;▒. П│д░и┐;58788;00
0621;013;▒. Ракево;61933;00
0621;014;▒. У░овене;75143;00
0621;015;▒. Ф│░ен;76193;00
0627;001;▒. Бодене╢;04827;00
0627;002;▒. Б░│▒ен;06598;00
0627;003;▒. В║░бе╕ни╢а;12704;00
0627;004;▒. Го░на Бе╕ови╢а;16122;00
0627;005;▒. Го░на К░емена;16256;00
0627;006;▒. Долна К░емена;22126;00
0627;007;▒. Д║░ман╢и;24668;00
0627;008;▒. Ели▒ейна;27317;00
0627;009;▒. Зве░ино;30510;00
0627;010;▒. Зли дол;31190;00
0627;011;▒. Игна▓и╢а;32281;00
0627;012;▒. Кален;35314;00
0627;013;▒. К░апе╢;39483;00
0627;014;▒. К░е▓а;39709;00
0627;015;▒. Лик;43654;00
0627;016;▒. Л╛▓и б░од;44745;00
0627;017;▒. Л╛▓и дол;44759;00
0627;018;г░. Мезд░а;47714;00
0627;019;▒. Мо░ави╢а;49031;00
0627;020;▒. О▒елна;54047;00
0627;021;▒. О▒лен К░иводол;54256;00
0627;022;▒. О╖ин дол;54506;00
0627;023;▒. Реб║░ково;62390;00
0627;024;▒. Р│▒ка Б┐ла;63450;00
0627;025;▒. С▓а░о ▒ело;69050;00
0627;026;▒. Тип╖ени╢а;72432;00
0627;027;▒. Цакони╢а;78015;00
0627;028;▒. Ца░еве╢;78135;00
0628;001;▒. Войводово;11853;00
0628;002;▒. К░│╕ови╢а;40200;00
0628;003;▒. Липни╢а;43774;00
0628;004;г░. Мизи┐;48043;00
0628;005;▒. Са░аево;65396;00
0628;006;▒. Со┤░ониево;68148;00
0631;001;▒. Галово;14427;00
0631;002;▒. Го░ни Вадин;16451;00
0631;003;▒. Долни Вадин;22321;00
0631;004;▒. Ле▒кове╢;43400;00
0631;005;г░. О░┐╡ово;54020;00
0631;006;▒. О▒▓░ов;54386;00
0631;007;▒. Селанов╢и;70723;00
0632;001;▒. Долна Бе╕ови╢а;22023;00
0632;002;▒. Камено поле;35910;00
0632;003;▒. Ка░а╕;36436;00
0632;004;▒. К│нино;40645;00
0632;005;▒. К│░ново;40693;00
0632;007;▒. Радовене;61488;00
0632;008;г░. Роман;62997;00
0632;009;▒. Син╝о б║░до;66576;00
0632;010;▒. С░едни ░║▓;68432;00
0632;011;▒. С▓о┐нов╢и;69554;00
0632;012;▒. С▓░│пе╢;69972;00
0632;013;▒. Х│бавене;77493;00
0635;001;▒. Бо▓ево;05846;00
0635;002;▒. Б║░зина;07497;00
0635;003;▒. Мана▒▓и░и╣е;47010;00
0635;004;▒. Ми╡айлово;48492;00
0635;005;▒. Рогозен;62815;00
0635;006;▒. Хай░един;77102;00
[END]

[SEC]
06;0500;001;6;001
06;0500;002;6;001
06;0500;003;6;001
06;0500;004;6;003
06;0500;005;6;003
06;0500;006;6;003
06;0500;007;6;002
06;0500;008;6;002
06;0500;009;6;004
06;0500;010;6;005
06;0800;001;6;005
06;0800;002;6;005
06;0800;003;6;005
06;0800;004;6;005
06;0800;005;6;005
06;0800;006;6;005
06;0800;007;6;005
06;0800;008;6;005
06;0800;009;6;005
06;0800;010;6;005
06;0800;011;6;005
06;0800;012;6;005
06;0800;013;6;005
06;0800;014;6;005
06;0800;015;6;005
06;0800;016;6;005
06;0800;017;6;005
06;0800;018;6;001
06;0800;019;6;001
06;0800;020;6;002
06;0800;021;6;003
06;0800;022;6;003
06;0800;023;6;004
06;0800;024;6;006
06;0800;025;6;007
06;0800;026;6;008
06;0800;027;6;008
06;0800;028;6;009
06;0800;029;6;009
06;0800;030;6;009
06;0800;031;6;010
06;0800;032;6;011
06;0800;033;6;012
06;0800;034;6;012
06;0800;035;6;012
06;0800;036;6;013
06;0800;037;6;014
06;0800;038;6;015
06;0800;039;6;015
06;0800;040;6;015
06;0800;041;6;016
06;0800;042;6;016
06;0800;043;6;005
06;0800;044;6;009
06;1000;001;6;006
06;1000;002;6;006
06;1000;003;6;006
06;1000;004;6;006
06;1000;005;6;006
06;1000;006;6;006
06;1000;007;6;006
06;1000;008;6;006
06;1000;009;6;006
06;1000;010;6;006
06;1000;011;6;006
06;1000;012;6;006
06;1000;013;6;006
06;1000;014;6;006
06;1000;015;6;006
06;1000;016;6;006
06;1000;017;6;006
06;1000;018;6;006
06;1000;019;6;006
06;1000;020;6;006
06;1000;021;6;006
06;1000;022;6;006
06;1000;023;6;006
06;1000;024;6;006
06;1000;025;6;006
06;1000;026;6;006
06;1000;027;6;006
06;1000;028;6;006
06;1000;029;6;006
06;1000;030;6;006
06;1000;031;6;006
06;1000;032;6;006
06;1000;033;6;006
06;1000;034;6;006
06;1000;035;6;006
06;1000;036;6;006
06;1000;037;6;006
06;1000;038;6;006
06;1000;039;6;006
06;1000;040;6;006
06;1000;041;6;006
06;1000;042;6;006
06;1000;043;6;006
06;1000;044;6;006
06;1000;045;6;006
06;1000;046;6;006
06;1000;047;6;006
06;1000;048;6;006
06;1000;049;6;006
06;1000;050;6;006
06;1000;051;6;006
06;1000;052;6;006
06;1000;053;6;006
06;1000;054;6;006
06;1000;055;6;006
06;1000;056;6;006
06;1000;057;6;006
06;1000;058;6;006
06;1000;059;6;006
06;1000;060;6;006
06;1000;061;6;006
06;1000;062;6;006
06;1000;063;6;006
06;1000;064;6;006
06;1000;065;6;006
06;1000;066;6;006
06;1000;067;6;006
06;1000;068;6;006
06;1000;069;6;006
06;1000;070;6;006
06;1000;071;6;006
06;1000;072;6;006
06;1000;073;6;006
06;1000;074;6;006
06;1000;075;6;006
06;1000;076;6;006
06;1000;077;6;006
06;1000;078;6;006
06;1000;079;6;006
06;1000;080;6;006
06;1000;081;6;021
06;1000;082;6;018
06;1000;083;6;011
06;1000;084;6;003
06;1000;085;6;008
06;1000;086;6;019
06;1000;087;6;004
06;1000;088;6;015
06;1000;089;6;007
06;1000;090;6;001
06;1000;091;6;001
06;1000;092;6;014
06;1000;093;6;017
06;1000;094;6;010
06;1000;095;6;010
06;1000;096;6;016
06;1000;097;6;002
06;1000;098;6;005
06;1000;099;6;012
06;1000;100;6;012
06;1000;101;6;022
06;1000;102;6;009
06;1000;103;6;020
06;1000;104;6;013
06;1000;105;6;006
06;1000;106;6;006
06;1000;108;6;006
06;2000;001;6;003
06;2000;002;6;003
06;2000;003;6;003
06;2000;004;6;003
06;2000;005;6;003
06;2000;006;6;003
06;2000;007;6;003
06;2000;008;6;003
06;2000;009;6;003
06;2000;010;6;003
06;2000;011;6;003
06;2000;012;6;003
06;2000;013;6;003
06;2000;014;6;003
06;2000;015;6;003
06;2000;016;6;005
06;2000;017;6;005
06;2000;018;6;005
06;2000;019;6;002
06;2000;020;6;002
06;2000;021;6;002
06;2000;022;6;002
06;2000;023;6;001
06;2000;024;6;001
06;2000;025;6;001
06;2000;026;6;001
06;2000;027;6;004
06;2000;028;6;003
06;2100;001;6;009
06;2100;002;6;009
06;2100;003;6;009
06;2100;004;6;009
06;2100;005;6;001
06;2100;006;6;002
06;2100;007;6;003
06;2100;008;6;004
06;2100;009;6;005
06;2100;010;6;006
06;2100;011;6;007
06;2100;012;6;008
06;2100;013;6;010
06;2100;014;6;011
06;2100;015;6;012
06;2100;016;6;013
06;2100;017;6;014
06;2100;018;6;015
06;2700;001;6;018
06;2700;002;6;018
06;2700;003;6;018
06;2700;004;6;018
06;2700;005;6;018
06;2700;006;6;018
06;2700;007;6;018
06;2700;008;6;018
06;2700;009;6;018
06;2700;010;6;018
06;2700;011;6;018
06;2700;012;6;018
06;2700;013;6;018
06;2700;014;6;018
06;2700;015;6;001
06;2700;016;6;002
06;2700;017;6;003
06;2700;018;6;004
06;2700;019;6;005
06;2700;020;6;006
06;2700;021;6;007
06;2700;022;6;008
06;2700;023;6;009
06;2700;024;6;009
06;2700;025;6;010
06;2700;026;6;011
06;2700;027;6;013
06;2700;028;6;012
06;2700;029;6;014
06;2700;030;6;015
06;2700;031;6;017
06;2700;032;6;016
06;2700;033;6;019
06;2700;034;6;020
06;2700;035;6;022
06;2700;036;6;021
06;2700;037;6;024
06;2700;038;6;023
06;2700;039;6;025
06;2700;040;6;026
06;2700;041;6;027
06;2700;042;6;028
06;2700;043;6;018
06;2700;044;6;018
06;2800;001;6;004
06;2800;002;6;004
06;2800;003;6;004
06;2800;004;6;004
06;2800;005;6;005
06;2800;006;6;001
06;2800;007;6;002
06;2800;008;6;002
06;2800;009;6;002
06;2800;010;6;006
06;2800;011;6;006
06;2800;012;6;003
06;3100;001;6;005
06;3100;002;6;005
06;3100;003;6;005
06;3100;004;6;005
06;3100;005;6;005
06;3100;006;6;005
06;3100;007;6;005
06;3100;008;6;005
06;3100;009;6;005
06;3100;010;6;007
06;3100;011;6;007
06;3100;012;6;007
06;3100;013;6;007
06;3100;014;6;007
06;3100;015;6;007
06;3100;016;6;007
06;3100;017;6;007
06;3100;018;6;006
06;3100;019;6;006
06;3100;020;6;006
06;3100;021;6;006
06;3100;022;6;002
06;3100;023;6;003
06;3100;024;6;004
06;3100;025;6;001
06;3200;001;6;008
06;3200;002;6;008
06;3200;003;6;008
06;3200;004;6;008
06;3200;005;6;008
06;3200;006;6;001
06;3200;007;6;002
06;3200;008;6;004
06;3200;009;6;005
06;3200;010;6;007
06;3200;011;6;009
06;3200;012;6;010
06;3200;013;6;003
06;3200;014;6;011
06;3200;015;6;012
06;3200;016;6;012
06;3200;017;6;013
06;3500;001;6;006
06;3500;002;6;006
06;3500;003;6;006
06;3500;004;6;006
06;3500;005;6;004
06;3500;006;6;004
06;3500;007;6;003
06;3500;008;6;003
06;3500;009;6;002
06;3500;010;6;005
06;3500;011;6;005
06;3500;012;6;001
[END]

[MAJ]
06;6;   ;02;;;Пе▓║░ С▓е┤анов С▓о┐нов и Нели Пе▓░ова К│╢кова;, ;ПСС+НПК;38689;0;1
06;6;   ;05;;;Гео░ги Седе┤╖ов П║░ванов и Ангел Иванов Ма░ин;, ;ГСП+АИМ;72694;1;2
[END]

[PROP]
[END]

[LISTI]
[END]

[PROT]
6;06;0500;001;661+4+519+519+2+1+3+10+516;128+388
6;06;0500;002;725+3+545+545+2+3+5+31+540;144+396
6;06;0500;003;895+0+667+667+0+4+4+35+663;158+505
6;06;0500;004;538+1+406+406+0+0+0+0+406;107+299
6;06;0500;005;556+0+385+385+1+1+2+0+383;99+284
6;06;0500;006;739+3+591+591+0+0+0+0+591;119+472
6;06;0500;007;422+3+295+295+0+1+1+0+294;59+235
6;06;0500;008;428+4+317+317+0+2+2+0+315;98+217
6;06;0500;009;487+9+376+376+1+0+1+0+375;77+298
6;06;0500;010;288+0+216+216+0+0+0+0+216;73+143
6;06;0800;001;690+1+363+363+1+0+1+18+362;148+214
6;06;0800;002;690+0+350+350+0+1+1+0+349;152+197
6;06;0800;003;654+0+342+342+0+0+0+8+342;124+218
6;06;0800;004;747+4+379+379+0+0+0+18+379;174+205
6;06;0800;005;680+1+345+345+0+0+0+10+345;160+185
6;06;0800;006;651+1+377+377+1+0+1+0+376;164+212
6;06;0800;007;667+0+313+313+0+0+0+0+313;160+153
6;06;0800;008;754+0+347+347+0+0+0+0+347;145+202
6;06;0800;009;659+0+354+354+0+0+0+18+354;130+224
6;06;0800;010;657+1+391+391+2+0+2+13+389;202+187
6;06;0800;011;690+0+382+382+0+0+0+21+382;164+218
6;06;0800;012;722+0+349+349+0+0+0+0+349;122+227
6;06;0800;013;749+0+389+389+1+0+1+0+388;139+249
6;06;0800;014;765+0+311+311+0+1+1+20+310;96+214
6;06;0800;015;836+8+378+378+0+0+0+0+378;66+312
6;06;0800;016;722+4+327+327+0+1+1+0+326;50+276
6;06;0800;017;793+0+390+390+0+0+0+20+390;162+228
6;06;0800;018;607+4+396+396+1+2+3+14+393;104+289
6;06;0800;019;667+3+410+410+0+2+2+0+408;98+310
6;06;0800;020;292+0+218+218+1+0+1+0+217;76+141
6;06;0800;021;409+2+242+242+0+1+1+0+241;98+143
6;06;0800;022;452+3+285+285+0+0+0+0+285;100+185
6;06;0800;023;724+0+481+481+0+0+0+21+481;129+352
6;06;0800;024;408+4+270+270+1+1+2+22+268;57+211
6;06;0800;025;323+15+338+338+1+0+1+17+337;51+286
6;06;0800;026;559+0+375+375+0+0+0+23+375;71+304
6;06;0800;027;447+2+318+318+0+0+0+23+318;105+213
6;06;0800;028;466+11+241+241+0+0+0+0+241;47+194
6;06;0800;029;613+2+321+321+0+0+0+0+321;83+238
6;06;0800;030;436+0+240+240+0+0+0+0+240;54+186
6;06;0800;031;221+0+162+162+0+0+0+0+162;46+116
6;06;0800;032;292+2+193+193+0+0+0+0+193;58+135
6;06;0800;033;455+0+287+287+0+0+0+17+287;91+196
6;06;0800;034;559+1+380+380+1+1+2+19+378;131+247
6;06;0800;035;756+2+500+500+0+0+0+0+500;98+402
6;06;0800;036;594+5+431+431+1+2+3+22+428;142+286
6;06;0800;037;388+5+293+293+0+0+0+0+293;49+244
6;06;0800;038;666+3+408+408+1+1+2+27+406;103+303
6;06;0800;039;806+0+467+467+0+0+0+0+467;153+314
6;06;0800;040;787+0+412+412+1+1+2+8+410;86+324
6;06;0800;041;590+2+387+387+0+2+2+0+385;102+283
6;06;0800;042;686+2+425+425+0+0+0+0+425;89+336
6;06;0800;043;52+0+28+28+0+0+0+0+28;6+22
6;06;0800;044;566+2+334+334+0+0+0+0+334;53+281
6;06;1000;001;876+0+393+393+0+1+1+9+392;158+234
6;06;1000;002;992+0+505+505+1+0+1+0+504;226+278
6;06;1000;003;695+0+325+325+0+0+0+6+325;121+204
6;06;1000;004;691+0+299+299+0+0+0+7+299;123+176
6;06;1000;005;742+1+329+329+1+0+1+6+328;152+176
6;06;1000;006;834+0+372+372+2+0+2+6+370;176+194
6;06;1000;007;880+1+445+445+0+0+0+0+445;191+254
6;06;1000;008;640+0+329+329+0+0+0+2+329;115+214
6;06;1000;009;664+0+324+324+1+0+1+13+323;152+171
6;06;1000;010;544+0+248+248+0+0+0+0+248;105+143
6;06;1000;011;634+3+364+364+0+0+0+0+364;182+182
6;06;1000;012;739+1+368+368+0+0+0+0+368;165+203
6;06;1000;013;1023+0+594+594+0+0+0+19+594;248+346
6;06;1000;014;827+0+463+463+0+0+0+9+463;226+237
6;06;1000;015;727+0+390+390+1+0+1+12+389;154+235
6;06;1000;016;588+1+335+335+2+0+2+0+333;127+206
6;06;1000;017;962+0+544+544+0+0+0+11+544;252+292
6;06;1000;018;656+0+381+381+0+0+0+12+381;187+194
6;06;1000;019;758+2+429+429+0+0+0+13+429;199+230
6;06;1000;020;835+0+440+440+0+1+1+0+439;167+272
6;06;1000;021;976+3+570+570+2+0+2+0+568;296+272
6;06;1000;022;1028+0+594+594+0+1+1+0+593;295+298
6;06;1000;023;857+0+481+481+1+0+1+8+480;235+245
6;06;1000;024;969+0+557+557+0+4+4+0+553;231+322
6;06;1000;025;765+1+444+444+0+0+0+10+444;151+293
6;06;1000;026;1015+0+532+532+0+0+0+33+532;224+308
6;06;1000;027;949+0+604+604+0+0+0+12+604;264+340
6;06;1000;028;870+3+532+532+1+0+1+0+531;248+283
6;06;1000;029;708+0+426+426+0+0+0+7+426;164+262
6;06;1000;030;853+1+496+496+0+0+0+0+496;228+268
6;06;1000;031;728+1+424+424+0+0+0+0+424;174+250
6;06;1000;032;1052+0+589+589+0+1+1+9+588;315+273
6;06;1000;033;640+0+295+295+0+2+2+12+293;121+172
6;06;1000;034;864+0+502+502+2+1+3+0+499;242+257
6;06;1000;035;526+0+286+286+0+0+0+0+286;138+148
6;06;1000;036;805+4+434+434+1+0+1+13+433;213+220
6;06;1000;037;487+0+284+284+1+0+1+0+283;138+145
6;06;1000;038;668+2+321+321+1+0+1+0+320;160+160
6;06;1000;039;984+0+484+484+2+2+4+0+480;225+255
6;06;1000;040;613+1+366+366+2+0+2+17+364;150+214
6;06;1000;041;645+1+360+360+3+0+3+10+357;133+224
6;06;1000;042;926+1+530+530+0+1+1+0+529;233+296
6;06;1000;043;618+0+319+319+0+0+0+0+319;125+194
6;06;1000;044;999+0+495+495+0+0+0+7+495;189+306
6;06;1000;045;864+0+390+390+0+0+0+0+390;166+224
6;06;1000;046;961+0+480+480+0+0+0+10+480;174+306
6;06;1000;047;569+0+291+291+0+0+0+0+291;118+173
6;06;1000;048;509+0+264+264+0+0+0+0+264;113+151
6;06;1000;049;895+0+370+370+0+0+0+0+370;121+249
6;06;1000;050;599+0+277+277+0+0+0+4+277;102+175
6;06;1000;051;679+1+334+334+1+0+1+0+333;156+177
6;06;1000;052;652+0+281+281+0+0+0+0+281;91+190
6;06;1000;053;470+1+192+192+0+0+0+4+192;86+106
6;06;1000;054;937+3+471+471+0+0+0+0+471;202+269
6;06;1000;055;787+3+358+358+0+0+0+0+358;154+204
6;06;1000;056;880+0+381+381+0+0+0+6+381;133+248
6;06;1000;057;788+0+398+398+2+1+3+0+395;177+218
6;06;1000;058;783+0+358+358+0+0+0+3+358;136+222
6;06;1000;059;747+0+401+401+1+0+1+0+400;88+312
6;06;1000;060;854+1+381+381+0+0+0+0+381;172+209
6;06;1000;061;800+2+399+399+0+0+0+5+399;159+240
6;06;1000;062;714+1+312+312+1+0+1+0+311;144+167
6;06;1000;063;736+1+332+332+0+0+0+11+332;94+238
6;06;1000;064;859+1+357+357+0+0+0+5+357;125+232
6;06;1000;065;1022+0+417+417+0+0+0+4+417;150+267
6;06;1000;066;876+1+390+390+1+0+1+0+389;156+233
6;06;1000;067;702+2+283+283+1+1+2+0+281;107+174
6;06;1000;068;882+0+379+379+0+0+0+0+379;169+210
6;06;1000;069;1118+3+499+499+0+0+0+13+499;215+284
6;06;1000;070;850+1+416+416+0+0+0+10+416;160+256
6;06;1000;071;709+0+304+304+1+0+1+4+303;123+180
6;06;1000;072;710+0+313+313+0+0+0+5+313;122+191
6;06;1000;073;621+1+246+246+0+0+0+4+246;100+146
6;06;1000;074;989+0+383+383+0+0+0+5+383;148+235
6;06;1000;075;698+0+282+282+0+1+1+4+281;110+171
6;06;1000;076;1052+0+428+428+1+0+1+4+427;188+239
6;06;1000;077;646+0+278+278+0+0+0+0+278;122+156
6;06;1000;078;956+1+524+524+0+0+0+12+524;217+307
6;06;1000;079;775+2+480+480+2+0+2+0+478;122+356
6;06;1000;080;573+0+226+226+0+0+0+8+226;110+116
6;06;1000;081;512+6+368+368+0+1+1+6+367;137+230
6;06;1000;082;683+1+406+406+0+0+0+4+406;170+236
6;06;1000;083;753+2+429+429+0+1+1+22+428;133+295
6;06;1000;084;170+26+145+145+0+0+0+0+145;46+99
6;06;1000;085;421+2+328+328+0+0+0+0+328;99+229
6;06;1000;086;490+10+382+382+0+0+0+15+382;129+253
6;06;1000;087;356+15+283+283+2+1+3+30+280;76+204
6;06;1000;088;927+2+485+485+0+0+0+35+485;101+384
6;06;1000;089;515+6+405+405+0+0+0+15+405;155+250
6;06;1000;090;596+10+412+412+0+0+0+13+412;82+330
6;06;1000;091;558+5+367+367+2+0+2+0+365;108+257
6;06;1000;092;76+5+68+68+0+0+0+0+68;15+53
6;06;1000;093;264+13+208+208+0+0+0+0+208;47+161
6;06;1000;094;728+0+399+399+1+1+2+14+397;175+222
6;06;1000;095;855+6+461+461+0+0+0+21+461;203+258
6;06;1000;096;424+1+236+236+1+0+1+6+235;69+166
6;06;1000;097;625+3+356+356+0+0+0+18+356;102+254
6;06;1000;098;315+0+211+211+0+0+0+0+211;46+165
6;06;1000;099;490+16+321+321+0+2+2+14+319;98+221
6;06;1000;100;751+5+300+300+0+0+0+9+300;78+222
6;06;1000;101;849+7+572+572+2+1+3+26+569;170+399
6;06;1000;102;1063+8+745+745+0+1+1+57+744;196+548
6;06;1000;103;780+5+503+503+0+2+2+0+501;87+414
6;06;1000;104;179+15+163+163+1+0+1+0+162;21+141
6;06;1000;105;112+0+104+104+2+0+2+0+102;27+75
6;06;1000;106;30+0+16+16+0+0+0+0+16;1+15
6;06;1000;108;112+0+78+78+0+0+0+2+78;21+57
6;06;2000;001;725+0+455+455+0+0+0+0+455;157+298
6;06;2000;002;845+6+403+403+0+0+0+0+403;134+269
6;06;2000;003;570+0+274+274+0+0+0+7+274;85+189
6;06;2000;004;860+0+430+430+0+0+0+13+430;191+239
6;06;2000;005;664+1+394+394+0+0+0+0+394;221+173
6;06;2000;006;797+0+441+441+1+1+2+4+439;212+227
6;06;2000;007;737+0+418+418+0+0+0+10+418;193+225
6;06;2000;008;761+2+385+385+0+1+1+2+384;172+212
6;06;2000;009;853+3+433+433+0+0+0+8+433;194+239
6;06;2000;010;912+2+473+473+0+0+0+0+473;263+210
6;06;2000;011;941+1+470+470+0+0+0+11+470;259+211
6;06;2000;012;856+0+464+464+0+0+0+0+464;213+251
6;06;2000;013;652+0+335+335+0+0+0+12+335;64+271
6;06;2000;014;676+0+342+342+0+0+0+9+342;129+213
6;06;2000;015;84+1+34+34+0+0+0+0+34;7+27
6;06;2000;016;652+7+391+391+0+1+1+0+390;105+285
6;06;2000;017;672+0+470+470+0+0+0+0+470;122+348
6;06;2000;018;585+0+387+387+0+0+0+16+387;139+248
6;06;2000;019;621+1+409+409+0+0+0+20+409;120+289
6;06;2000;020;544+1+327+327+2+0+2+2+325;116+209
6;06;2000;021;582+4+377+377+0+0+0+0+377;105+272
6;06;2000;022;695+0+436+436+0+2+2+12+434;59+375
6;06;2000;023;683+0+447+447+0+0+0+15+447;87+360
6;06;2000;024;665+3+373+373+0+0+0+0+373;180+193
6;06;2000;025;713+1+392+392+0+0+0+0+392;186+206
6;06;2000;026;694+2+429+429+0+0+0+24+429;189+240
6;06;2000;027;460+0+370+370+0+0+0+0+370;131+239
6;06;2000;028;28+0+10+10+0+0+0+0+10;2+8
6;06;2100;001;696+0+483+483+1+0+1+17+482;100+382
6;06;2100;002;729+0+496+496+0+0+0+37+496;101+395
6;06;2100;003;887+0+577+577+1+2+3+25+574;132+442
6;06;2100;004;819+0+520+520+1+0+1+8+519;108+411
6;06;2100;005;388+3+293+293+0+0+0+13+293;67+226
6;06;2100;006;196+1+140+140+0+0+0+5+140;29+111
6;06;2100;007;672+6+477+477+0+0+0+0+477;152+325
6;06;2100;008;274+4+228+228+1+1+2+13+226;39+187
6;06;2100;009;314+0+250+250+0+0+0+12+250;99+151
6;06;2100;010;523+10+385+385+1+0+1+15+384;105+279
6;06;2100;011;290+4+244+244+0+0+0+0+244;62+182
6;06;2100;012;830+12+568+568+0+0+0+26+568;97+471
6;06;2100;013;979+3+650+650+4+1+5+0+645;130+515
6;06;2100;014;356+0+260+260+0+0+0+16+260;94+166
6;06;2100;015;637+6+424+424+2+1+3+9+421;94+327
6;06;2100;016;851+4+574+574+1+0+1+14+573;151+422
6;06;2100;017;170+4+154+154+2+1+3+24+151;35+116
6;06;2100;018;348+4+259+259+0+0+0+0+259;56+203
6;06;2700;001;743+1+440+440+0+0+0+12+440;207+233
6;06;2700;002;799+0+426+426+0+0+0+15+426;187+239
6;06;2700;003;821+0+494+494+3+1+4+25+490;196+294
6;06;2700;004;799+0+477+477+1+0+1+17+476;198+278
6;06;2700;005;748+0+467+467+0+0+0+0+467;203+264
6;06;2700;006;800+1+503+503+0+3+3+26+500;200+300
6;06;2700;007;726+0+404+404+3+1+4+0+400;167+233
6;06;2700;008;746+2+426+426+2+0+2+0+424;163+261
6;06;2700;009;745+0+451+451+0+0+0+0+451;153+298
6;06;2700;010;737+1+423+423+0+0+0+20+423;146+277
6;06;2700;011;779+0+448+448+0+0+0+8+448;166+282
6;06;2700;012;1107+1+476+476+0+1+1+16+475;176+299
6;06;2700;013;580+0+309+309+0+0+0+18+309;141+168
6;06;2700;014;788+0+401+401+0+0+0+11+401;159+242
6;06;2700;015;563+2+389+389+0+0+0+12+389;172+217
6;06;2700;016;370+2+284+284+0+1+1+13+283;106+177
6;06;2700;017;362+4+219+219+0+0+0+9+219;39+180
6;06;2700;018;220+27+212+212+0+0+0+14+212;60+152
6;06;2700;019;471+10+343+343+2+1+3+28+340;122+218
6;06;2700;020;480+16+376+376+0+0+0+23+376;101+275
6;06;2700;021;324+2+215+215+0+1+1+0+214;85+129
6;06;2700;022;343+4+220+220+0+0+0+0+220;60+160
6;06;2700;023;778+2+434+434+0+0+0+4+434;119+315
6;06;2700;024;856+0+486+486+0+0+0+26+486;124+362
6;06;2700;025;114+0+99+99+0+0+0+2+99;21+78
6;06;2700;026;694+0+381+381+0+0+0+14+381;134+247
6;06;2700;027;308+0+202+202+0+1+1+3+201;61+140
6;06;2700;028;96+1+80+80+0+0+0+4+80;17+63
6;06;2700;029;211+4+168+168+0+0+0+0+168;38+130
6;06;2700;030;426+4+325+325+0+0+0+24+325;91+234
6;06;2700;031;294+7+239+239+0+0+0+19+239;103+136
6;06;2700;032;370+13+298+298+1+0+1+11+297;100+197
6;06;2700;033;701+2+467+467+0+0+0+0+467;207+260
6;06;2700;034;453+2+227+227+0+0+0+0+227;40+187
6;06;2700;035;180+0+140+140+2+0+2+0+138;40+98
6;06;2700;036;138+11+113+113+1+0+1+5+112;39+73
6;06;2700;037;376+8+316+316+0+0+0+0+316;166+150
6;06;2700;038;345+3+243+243+1+0+1+8+242;93+149
6;06;2700;039;212+11+166+166+0+0+0+0+166;63+103
6;06;2700;040;479+3+300+300+0+1+1+8+299;48+251
6;06;2700;041;130+5+115+115+0+0+0+0+115;32+83
6;06;2700;042;450+1+311+311+0+0+0+0+311;128+183
6;06;2700;043;36+0+20+20+0+0+0+0+20;11+9
6;06;2700;044;37+0+36+36+0+0+0+0+36;7+29
6;06;2800;001;828+3+470+470+2+1+3+21+467;122+345
6;06;2800;002;863+1+497+497+2+3+5+0+492;185+307
6;06;2800;003;939+2+526+526+2+0+2+0+524;174+350
6;06;2800;004;780+3+448+448+0+1+1+15+447;154+293
6;06;2800;005;67+3+56+56+0+0+0+0+56;3+53
6;06;2800;006;308+3+242+242+0+0+0+12+242;46+196
6;06;2800;007;535+1+361+361+3+0+3+0+358;99+259
6;06;2800;008;700+1+469+469+4+0+4+22+465;99+366
6;06;2800;009;656+3+445+445+0+0+0+0+445;121+324
6;06;2800;010;810+8+488+488+1+0+1+0+487;119+368
6;06;2800;011;862+3+515+515+0+1+1+0+514;196+318
6;06;2800;012;784+4+550+550+0+0+0+0+550;282+268
6;06;3100;001;944+5+504+504+0+1+1+14+503;148+355
6;06;3100;002;725+8+388+388+0+0+0+11+388;132+256
6;06;3100;003;111+5+72+72+0+1+1+0+71;20+51
6;06;3100;004;644+2+374+374+1+0+1+18+373;170+203
6;06;3100;005;403+2+259+259+0+1+1+13+258;91+167
6;06;3100;006;590+0+346+346+0+0+0+12+346;142+204
6;06;3100;007;904+6+491+491+1+0+1+20+490;205+285
6;06;3100;008;875+4+434+434+0+1+1+21+433;42+391
6;06;3100;009;24+5+13+13+0+0+0+0+13;2+11
6;06;3100;010;488+1+270+270+0+0+0+6+270;89+181
6;06;3100;011;659+1+389+389+0+0+0+0+389;69+320
6;06;3100;012;572+3+338+338+0+2+2+19+336;122+214
6;06;3100;013;483+5+274+274+0+0+0+6+274;92+182
6;06;3100;014;545+2+294+294+0+0+0+0+294;104+190
6;06;3100;015;540+1+296+296+0+0+0+17+296;94+202
6;06;3100;016;396+0+235+235+0+0+0+0+235;79+156
6;06;3100;017;342+2+216+216+0+0+0+10+216;79+137
6;06;3100;018;276+2+172+172+1+0+1+5+171;33+138
6;06;3100;019;614+5+336+336+0+0+0+16+336;61+275
6;06;3100;020;489+3+292+292+0+0+0+12+292;65+227
6;06;3100;021;300+4+196+196+0+0+0+0+196;33+163
6;06;3100;022;489+4+319+319+1+0+1+0+318;135+183
6;06;3100;023;349+8+252+252+0+0+0+7+252;64+188
6;06;3100;024;774+5+455+455+1+1+2+22+453;96+357
6;06;3100;025;350+8+276+276+0+2+2+0+274;87+187
6;06;3200;001;725+1+481+481+1+4+5+35+476;198+278
6;06;3200;002;858+1+543+543+1+1+2+22+541;206+335
6;06;3200;003;615+1+307+307+0+0+0+19+307;98+209
6;06;3200;004;637+2+371+371+1+1+2+11+369;166+203
6;06;3200;005;38+6+42+42+0+0+0+3+42;12+30
6;06;3200;006;341+8+263+263+2+2+4+0+259;88+171
6;06;3200;007;693+9+491+491+3+1+4+51+487;132+355
6;06;3200;008;548+8+415+415+0+0+0+20+415;133+282
6;06;3200;009;236+3+178+178+0+0+0+0+178;47+131
6;06;3200;010;311+5+259+259+0+0+0+4+259;74+185
6;06;3200;011;524+5+415+415+1+1+2+29+413;209+204
6;06;3200;012;33+21+42+42+0+0+0+1+42;27+15
6;06;3200;013;43+5+32+32+0+0+0+1+32;16+16
6;06;3200;014;161+4+135+135+0+1+1+4+134;52+82
6;06;3200;015;281+11+248+248+0+0+0+13+248;57+191
6;06;3200;016;60+9+61+61+0+1+1+4+60;12+48
6;06;3200;017;312+3+245+245+1+2+3+9+242;102+140
6;06;3500;001;628+0+388+388+0+0+0+12+388;111+277
6;06;3500;002;564+2+358+358+0+0+0+9+358;135+223
6;06;3500;003;551+2+378+378+0+0+0+7+378;101+277
6;06;3500;004;99+0+73+73+0+0+0+0+73;5+68
6;06;3500;005;581+3+377+377+0+0+0+0+377;81+296
6;06;3500;006;516+4+324+324+0+0+0+8+324;70+254
6;06;3500;007;650+1+416+416+0+0+0+0+416;108+308
6;06;3500;008;553+0+375+375+0+0+0+6+375;101+274
6;06;3500;009;317+2+236+236+3+0+3+0+233;66+167
6;06;3500;010;578+6+370+370+0+1+1+15+369;81+288
6;06;3500;011;589+2+352+352+0+1+1+5+351;105+246
6;06;3500;012;111+4+96+96+1+1+2+3+94;27+67
[END]

[AGGR]
06;6;   ;2+317+317+191826+838+111623+111623+131+109+240+2510+111383;38689+72694
[END]
