[INFO]
07;Габ░ово;301
[END]

[IZB]
07;6;   ;;18.11.2001;2;2;300
[END]

[NM]
0705;002;▒. А░мени;00638;00
0705;004;▒. Балани;02347;00
0705;011;▒. Божен╢и;04964;00
0705;012;▒. Бойнов╢и;05219;00
0705;014;▒. Бо░ики;05400;00
0705;019;▒. Велков╢и;10536;00
0705;021;▒. Влай╖ев╢и;11524;00
0705;024;▒. В░анилов╢и;12168;00
0705;026;г░. Габ░ово;14218;00
0705;032;▒. Ге░гини;14814;00
0705;035;▒. Г░║блев╢и;17991;00
0705;036;▒. Г║бене;18215;00
0705;037;▒. Дебел д┐л;20225;00
0705;040;▒. Донино;22959;00
0705;041;▒. Д░аганов╢и;23159;00
0705;045;▒. Д│мни╢и;24854;00
0705;049;▒. Ж║л▓е╕;29547;00
0705;050;▒. Зд░авкове╢;30661;00
0705;051;▒. Зелено д║░во;30764;00
0705;056;▒. Зла▓ев╢и;30973;00
0705;059;▒. Каме╣и╢а;35986;00
0705;061;▒. Кме▓ов╢и;37352;00
0705;065;▒. Кози░ог;37722;00
0705;066;▒. Ко▒▓инков╢и;38920;00
0705;069;▒. К│ка▓а;;00
0705;073;▒. Ле▒и╖а░ка;43339;00
0705;075;▒. Междени;47706;00
0705;078;▒. Ми╖ков╢и;48605;00
0705;080;▒. М│зга;49299;00
0705;081;▒. Новаков╢и;51843;00
0705;087;▒. О░лов╢и;53948;00
0705;090;▒. Па░╖ев╢и;55498;00
0705;092;▒. Попов╢и;57675;00
0705;094;▒. Райнов╢и;61902;00
0705;108;▒. Ра╡ов╢и;62245;00
0705;111;▒. С▓оев╢и;69287;00
0705;116;▒. С▓омоне╢и;69479;00
0705;119;▒. С║бо▓ков╢и;70442;00
0705;125;▒. Т░║ни▓о;73290;00
0705;126;▒. Ха░а╖е░и;77164;00
0705;130;▒. Ч│кили;81685;00
0705;131;▒. Ча░ково;81904;00
0705;136;▒. Яво░е╢;87120;00
0712;008;▒. Ган╖ове╢;14458;00
0712;016;▒. Го▒▓или╢а;17350;00
0712;018;▒. Ден╖ев╢и;20660;00
0712;019;▒. Дл║гн┐;21261;00
0712;024;г░. Д░┐ново;23947;00
0712;031;▒. Ка░аиван╢а;36261;00
0712;033;▒. Ке░ека;36751;00
0712;034;▒. Ко▒а░ка;38710;00
0712;046;▒. Мано┐;47127;00
0712;051;▒. Радов╢и;61529;00
0712;052;▒. Скал▒ко;66768;00
0712;053;▒. Славейково;66977;00
0712;059;▒. Соколово;67934;00
0712;061;▒. Ца░ева ливада;12677;00
0712;063;▒. Ян▓░а;87463;00
0729;001;▒. Ага▓ово;00103;00
0729;003;▒. Ба▓о╕ево;02885;00
0729;004;▒. Бе░иево;03914;00
0729;005;▒. Боаз║▓;04474;00
0729;006;▒. Бога▓ово;04555;00
0729;009;▒. Б│░┐;07082;00
0729;010;▒. Валев╢и;13069;00
0729;011;▒. Го░на Ро▒и╢а;16376;00
0729;012;▒. Г░ади╣е;17542;00
0729;013;▒. Г░адни╢а;17587;00
0729;016;▒. Дам┐ново;20119;00
0729;018;▒. Доб░оми░ка;21628;00
0729;021;▒. Д│╕ево;24178;00
0729;022;▒. Енев ░║▓;27485;00
0729;023;▒. Идилево;32336;00
0729;024;▒. Ка░ами╖ев╢и;36347;00
0729;026;▒. Ка▒▓ел;36600;00
0729;027;▒. Ко░м┐н▒ко;38652;00
0729;028;▒. К░амолин;39431;00
0729;029;▒. К░│╕ево;40141;00
0729;030;▒. К░║веник;40275;00
0729;031;▒. К│пен;40659;00
0729;033;▒. Ловнидол;43966;00
0729;035;▒. Малки В║░╕е╢;46509;00
0729;036;▒. Младен;48670;00
0729;037;▒. Мле╖ево;48742;00
0729;040;▒. Пе▓ко Славейков;56037;00
0729;041;▒. Р┐╡ов╢и▓е;63673;00
0729;042;г░. Севлиево;65927;00
0729;043;▒. Сенник;66216;00
0729;044;▒. С▓оки▓е;69417;00
0729;045;▒. С▓ол║▓;69451;00
0729;046;▒. Сели╣е;70799;00
0729;048;▒. Таба╕ко;72031;00
0729;050;▒. Т║░╡ово;73763;00
0729;052;▒. Хи░ево;77253;00
0729;053;▒. Ш│ма▓а;83497;00
0729;054;▒. Уго░еле╢;75037;00
0735;004;к. Ба╡░е╢и;02943;00
0735;005;▒. Бели╢а;03513;00
0735;037;▒. Ен╖ов╢и;27526;00
0735;051;▒. К░║▒▓е╢;40364;00
0735;072;г░. Пла╖ков╢и;56719;00
0735;076;▒. П░е▒▓ой;58284;00
0735;078;▒. Радев╢и;61323;00
0735;090;▒. С▓ан╖ов ╡ан;68823;00
0735;095;г░. Т░┐вна;73403;00
0735;101;▒. Че░нов░║╡;81058;00
[END]

[SEC]
07;0500;001;6;045
07;0500;002;6;026
07;0500;003;6;026
07;0500;004;6;026
07;0500;005;6;026
07;0500;006;6;026
07;0500;007;6;026
07;0500;008;6;026
07;0500;009;6;026
07;0500;010;6;026
07;0500;011;6;026
07;0500;012;6;026
07;0500;013;6;026
07;0500;014;6;026
07;0500;015;6;026
07;0500;016;6;026
07;0500;017;6;026
07;0500;018;6;026
07;0500;019;6;026
07;0500;020;6;026
07;0500;021;6;026
07;0500;022;6;026
07;0500;023;6;026
07;0500;024;6;026
07;0500;025;6;026
07;0500;026;6;026
07;0500;027;6;026
07;0500;028;6;026
07;0500;029;6;026
07;0500;030;6;026
07;0500;031;6;026
07;0500;032;6;026
07;0500;033;6;026
07;0500;034;6;026
07;0500;035;6;026
07;0500;036;6;026
07;0500;037;6;026
07;0500;038;6;026
07;0500;039;6;026
07;0500;040;6;026
07;0500;042;6;026
07;0500;043;6;026
07;0500;044;6;026
07;0500;045;6;125
07;0500;046;6;125
07;0500;047;6;012
07;0500;048;6;037
07;0500;049;6;026
07;0500;050;6;026
07;0500;051;6;026
07;0500;052;6;026
07;0500;053;6;026
07;0500;054;6;026
07;0500;055;6;026
07;0500;056;6;026
07;0500;057;6;026
07;0500;058;6;026
07;0500;059;6;026
07;0500;060;6;026
07;0500;061;6;026
07;0500;062;6;026
07;0500;063;6;026
07;0500;064;6;026
07;0500;065;6;026
07;0500;066;6;026
07;0500;067;6;026
07;0500;068;6;026
07;0500;069;6;026
07;0500;070;6;026
07;0500;071;6;026
07;0500;073;6;026
07;0500;074;6;026
07;0500;075;6;026
07;0500;076;6;026
07;0500;077;6;026
07;0500;078;6;130
07;0500;079;6;116
07;0500;080;6;051
07;0500;081;6;078
07;0500;082;6;075
07;0500;083;6;026
07;0500;084;6;026
07;0500;085;6;026
07;0500;086;6;026
07;0500;087;6;026
07;0500;088;6;026
07;0500;089;6;026
07;0500;090;6;026
07;0500;091;6;026
07;0500;092;6;026
07;0500;093;6;026
07;0500;094;6;026
07;0500;095;6;026
07;0500;096;6;026
07;0500;097;6;026
07;0500;098;6;026
07;0500;099;6;026
07;0500;100;6;026
07;0500;101;6;026
07;0500;102;6;026
07;0500;103;6;026
07;0500;104;6;026
07;0500;105;6;026
07;0500;106;6;026
07;0500;107;6;026
07;0500;108;6;026
07;0500;109;6;026
07;0500;110;6;026
07;0500;111;6;026
07;0500;112;6;026
07;0500;113;6;026
07;0500;114;6;026
07;0500;115;6;026
07;0500;116;6;026
07;0500;117;6;026
07;0500;118;6;026
07;0500;119;6;004
07;0500;120;6;049
07;0500;121;6;026
07;0500;122;6;026
07;0500;123;6;026
07;0500;124;6;026
07;0500;125;6;026
07;0500;126;6;026
07;0500;127;6;026
07;0500;128;6;131
07;0500;129;6;014
07;0500;130;6;011
07;0500;131;6;061
07;0500;132;6;119
07;0500;133;6;126
07;0500;134;6;040
07;0500;135;6;087
07;0500;136;6;073
07;0500;137;6;066
07;0500;138;6;108
07;0500;139;6;019
07;0500;140;6;035
07;0500;141;6;065
07;0500;142;6;090
07;0500;143;6;050
07;0500;144;6;021
07;0500;145;6;069
07;0500;146;6;092
07;0500;147;6;032
07;0500;148;6;056
07;0500;149;6;024
07;0500;150;6;111
07;0500;151;6;094
07;0500;152;6;002
07;0500;153;6;041
07;0500;154;6;081
07;0500;155;6;136
07;0500;156;6;036
07;0500;157;6;059
07;0500;158;6;080
07;0500;159;6;026
07;0500;160;6;026
07;0500;161;6;026
07;1200;001;6;024
07;1200;002;6;024
07;1200;003;6;024
07;1200;004;6;024
07;1200;005;6;024
07;1200;006;6;024
07;1200;007;6;024
07;1200;008;6;024
07;1200;009;6;024
07;1200;010;6;024
07;1200;011;6;024
07;1200;012;6;024
07;1200;014;6;018
07;1200;015;6;051
07;1200;016;6;024
07;1200;017;6;031
07;1200;018;6;061
07;1200;019;6;061
07;1200;020;6;052
07;1200;021;6;063
07;1200;022;6;053
07;1200;023;6;016
07;1200;025;6;033
07;1200;026;6;019
07;1200;027;6;008
07;1200;028;6;059
07;1200;029;6;034
07;1200;030;6;046
07;1200;031;6;024
07;1200;032;6;024
07;2900;001;6;042
07;2900;002;6;042
07;2900;003;6;042
07;2900;004;6;042
07;2900;005;6;042
07;2900;006;6;042
07;2900;007;6;042
07;2900;008;6;042
07;2900;009;6;042
07;2900;010;6;042
07;2900;011;6;042
07;2900;012;6;042
07;2900;013;6;042
07;2900;014;6;042
07;2900;015;6;042
07;2900;016;6;042
07;2900;017;6;042
07;2900;018;6;042
07;2900;019;6;042
07;2900;020;6;042
07;2900;021;6;042
07;2900;022;6;042
07;2900;023;6;042
07;2900;024;6;042
07;2900;025;6;042
07;2900;026;6;042
07;2900;027;6;042
07;2900;028;6;042
07;2900;029;6;042
07;2900;030;6;042
07;2900;031;6;042
07;2900;032;6;042
07;2900;033;6;042
07;2900;034;6;042
07;2900;035;6;042
07;2900;036;6;029
07;2900;037;6;036
07;2900;038;6;018
07;2900;039;6;018
07;2900;040;6;023
07;2900;041;6;006
07;2900;042;6;050
07;2900;043;6;033
07;2900;044;6;011
07;2900;045;6;026
07;2900;046;6;003
07;2900;047;6;053
07;2900;048;6;022
07;2900;049;6;024
07;2900;050;6;044
07;2900;051;6;054+010
07;2900;052;6;031
07;2900;053;6;046
07;2900;054;6;030
07;2900;055;6;048
07;2900;056;6;021
07;2900;057;6;021
07;2900;058;6;045
07;2900;059;6;009
07;2900;060;6;005
07;2900;061;6;037
07;2900;062;6;013
07;2900;063;6;013
07;2900;064;6;004
07;2900;065;6;016
07;2900;066;6;052
07;2900;067;6;043
07;2900;068;6;043
07;2900;069;6;041
07;2900;070;6;041
07;2900;071;6;027
07;2900;072;6;040
07;2900;073;6;040
07;2900;074;6;035
07;2900;075;6;012
07;2900;076;6;001
07;2900;077;6;028
07;3500;001;6;095
07;3500;002;6;095
07;3500;003;6;095
07;3500;004;6;095
07;3500;005;6;095
07;3500;006;6;095
07;3500;007;6;095
07;3500;008;6;095
07;3500;009;6;095
07;3500;010;6;095
07;3500;011;6;095
07;3500;012;6;095
07;3500;013;6;095
07;3500;014;6;095
07;3500;015;6;076
07;3500;016;6;095
07;3500;017;6;095
07;3500;018;6;095
07;3500;019;6;072
07;3500;020;6;072
07;3500;021;6;072
07;3500;022;6;072
07;3500;023;6;072
07;3500;024;6;078
07;3500;025;6;037
07;3500;026;6;090
07;3500;027;6;004
07;3500;028;6;051
07;3500;029;6;005
07;3500;030;6;101
07;3500;031;6;095
07;3500;032;6;095
07;3500;033;6;095
07;3500;034;6;095
[END]

[MAJ]
07;6;   ;02;;;Пе▓║░ С▓е┤анов С▓о┐нов и Нели Пе▓░ова К│╢кова;, ;ПСС+НПК;36499;0;1
07;6;   ;05;;;Гео░ги Седе┤╖ов П║░ванов и Ангел Иванов Ма░ин;, ;ГСП+АИМ;33235;1;2
[END]

[PROP]
[END]

[LISTI]
[END]

[PROT]
6;07;0500;001;193+3+126+126+0+0+0+0+126;56+70
6;07;0500;002;875+1+445+445+0+2+2+15+443;269+174
6;07;0500;003;878+2+436+436+0+0+0+12+436;265+171
6;07;0500;004;781+0+349+349+0+0+0+6+349;226+123
6;07;0500;005;742+0+351+351+0+0+0+0+351;221+130
6;07;0500;006;760+0+329+329+0+0+0+6+329;218+111
6;07;0500;007;697+0+340+340+0+0+0+10+340;169+171
6;07;0500;008;730+0+345+345+0+0+0+12+345;180+165
6;07;0500;009;793+0+395+395+0+0+0+10+395;242+153
6;07;0500;010;881+1+416+416+1+0+1+0+415;199+216
6;07;0500;011;660+1+360+360+1+0+1+0+359;191+168
6;07;0500;012;533+0+288+288+1+0+1+4+287;173+114
6;07;0500;013;536+0+273+273+2+0+2+0+271;151+120
6;07;0500;014;730+0+370+370+0+0+0+9+370;214+156
6;07;0500;015;438+0+251+251+1+0+1+8+250;118+132
6;07;0500;016;721+1+419+419+0+2+2+10+417;217+200
6;07;0500;017;487+0+263+263+0+0+0+2+263;152+111
6;07;0500;018;770+0+387+387+1+0+1+15+386;222+164
6;07;0500;019;750+0+400+400+2+1+3+0+397;207+190
6;07;0500;020;666+1+318+318+0+1+1+3+317;189+128
6;07;0500;021;594+0+275+275+0+0+0+0+275;166+109
6;07;0500;022;731+0+376+376+0+0+0+8+376;208+168
6;07;0500;023;442+0+277+277+0+0+0+8+277;118+159
6;07;0500;024;711+0+315+315+0+0+0+11+315;159+156
6;07;0500;025;712+0+382+382+1+0+1+5+381;209+172
6;07;0500;026;722+0+416+416+1+0+1+12+415;215+200
6;07;0500;027;326+2+182+182+0+0+0+2+182;100+82
6;07;0500;028;722+1+394+394+3+0+3+9+391;192+199
6;07;0500;029;788+0+464+464+1+0+1+0+463;275+188
6;07;0500;030;635+1+364+364+0+0+0+20+364;229+135
6;07;0500;031;175+3+104+104+1+0+1+0+103;55+48
6;07;0500;032;610+0+347+347+1+0+1+10+346;211+135
6;07;0500;033;727+0+456+456+1+1+2+10+454;259+195
6;07;0500;034;671+1+417+417+0+0+0+24+417;251+166
6;07;0500;035;563+5+359+359+1+0+1+0+358;212+146
6;07;0500;036;328+0+170+170+1+0+1+0+169;106+63
6;07;0500;037;719+0+369+369+0+0+0+4+369;233+136
6;07;0500;038;600+0+300+300+0+0+0+14+300;176+124
6;07;0500;039;96+2+19+19+0+0+0+0+19;13+6
6;07;0500;040;51+24+70+70+0+0+0+4+70;37+33
6;07;0500;042;910+0+502+502+0+0+0+23+502;326+176
6;07;0500;043;397+3+210+210+0+0+0+0+210;127+83
6;07;0500;044;169+5+106+106+1+0+1+4+105;73+32
6;07;0500;045;25+7+26+26+0+0+0+0+26;17+9
6;07;0500;046;100+3+57+57+1+0+1+0+56;19+37
6;07;0500;047;26+5+21+21+0+0+0+0+21;14+7
6;07;0500;048;97+4+76+76+0+0+0+4+76;33+43
6;07;0500;049;712+3+384+384+1+0+1+6+383;186+197
6;07;0500;050;445+0+235+235+0+0+0+0+235;132+103
6;07;0500;051;518+1+284+284+0+1+1+0+283;138+145
6;07;0500;052;690+0+317+317+0+0+0+9+317;183+134
6;07;0500;053;741+0+407+407+1+0+1+2+406;262+144
6;07;0500;054;720+1+420+420+1+1+2+12+418;214+204
6;07;0500;055;509+0+290+290+0+0+0+10+290;159+131
6;07;0500;056;489+0+277+277+0+0+0+0+277;159+118
6;07;0500;057;678+0+379+379+0+1+1+10+378;201+177
6;07;0500;058;490+0+288+288+1+0+1+8+287;157+130
6;07;0500;059;521+0+323+323+0+0+0+7+323;177+146
6;07;0500;060;398+0+239+239+0+1+1+4+238;131+107
6;07;0500;061;643+0+370+370+0+0+0+15+370;196+174
6;07;0500;062;367+1+207+207+0+1+1+0+206;107+99
6;07;0500;063;710+1+439+439+1+0+1+0+438;240+198
6;07;0500;064;351+0+205+205+0+0+0+4+205;135+70
6;07;0500;065;424+0+251+251+0+0+0+15+251;147+104
6;07;0500;066;596+0+304+304+0+0+0+0+304;149+155
6;07;0500;067;765+4+387+387+3+0+3+17+384;234+150
6;07;0500;068;114+1+40+40+0+0+0+0+40;26+14
6;07;0500;069;475+0+222+222+0+0+0+0+222;137+85
6;07;0500;070;707+0+412+412+0+0+0+26+412;237+175
6;07;0500;071;824+0+429+429+0+2+2+25+427;247+180
6;07;0500;073;33+0+19+19+0+0+0+1+19;12+7
6;07;0500;074;545+3+306+306+0+0+0+9+306;168+138
6;07;0500;075;859+0+450+450+0+0+0+0+450;274+176
6;07;0500;076;704+0+391+391+1+1+2+21+389;197+192
6;07;0500;077;60+0+40+40+0+0+0+0+40;23+17
6;07;0500;078;16+2+8+8+0+0+0+0+8;5+3
6;07;0500;079;50+2+41+41+0+0+0+0+41;10+31
6;07;0500;080;37+7+31+31+0+0+0+1+31;23+8
6;07;0500;081;64+4+37+37+0+0+0+0+37;20+17
6;07;0500;082;65+7+41+41+0+0+0+0+41;15+26
6;07;0500;083;405+1+115+115+1+0+1+0+114;60+54
6;07;0500;084;126+2+85+85+0+0+0+3+85;46+39
6;07;0500;085;201+2+120+120+0+0+0+0+120;52+68
6;07;0500;086;471+2+244+244+0+0+0+0+244;120+124
6;07;0500;087;545+1+258+258+0+0+0+0+258;145+113
6;07;0500;088;734+0+438+438+1+0+1+11+437;254+183
6;07;0500;089;635+0+318+318+0+0+0+0+318;184+134
6;07;0500;090;641+0+343+343+0+0+0+22+343;216+127
6;07;0500;091;457+0+278+278+1+0+1+7+277;203+74
6;07;0500;092;236+0+108+108+0+0+0+0+108;67+41
6;07;0500;093;339+1+200+200+0+0+0+0+200;114+86
6;07;0500;094;589+0+357+357+3+1+4+0+353;232+121
6;07;0500;095;215+1+130+130+0+0+0+0+130;87+43
6;07;0500;096;608+1+350+350+1+0+1+11+349;225+124
6;07;0500;097;496+1+319+319+1+0+1+0+318;167+151
6;07;0500;098;449+1+257+257+2+0+2+8+255;148+107
6;07;0500;099;283+0+166+166+0+0+0+0+166;113+53
6;07;0500;100;265+1+139+139+0+0+0+0+139;98+41
6;07;0500;101;427+0+235+235+0+0+0+7+235;146+89
6;07;0500;102;482+0+265+265+0+0+0+0+265;202+63
6;07;0500;103;173+0+99+99+0+0+0+0+99;57+42
6;07;0500;104;357+0+183+183+1+0+1+6+182;110+72
6;07;0500;105;615+1+269+269+0+1+1+0+268;169+99
6;07;0500;106;738+1+404+404+0+0+0+12+404;223+181
6;07;0500;107;327+1+138+138+0+0+0+0+138;72+66
6;07;0500;108;358+1+201+201+0+0+0+0+201;103+98
6;07;0500;109;358+0+183+183+0+0+0+0+183;121+62
6;07;0500;110;532+0+303+303+0+2+2+5+301;184+117
6;07;0500;111;413+1+249+249+0+0+0+0+249;166+83
6;07;0500;112;479+0+279+279+0+0+0+0+279;171+108
6;07;0500;113;473+0+268+268+0+0+0+5+268;169+99
6;07;0500;114;677+0+318+318+0+0+0+8+318;187+131
6;07;0500;115;988+0+501+501+1+1+2+0+499;298+201
6;07;0500;116;613+1+288+288+1+0+1+4+287;171+116
6;07;0500;117;589+0+287+287+0+0+0+18+287;183+104
6;07;0500;118;219+3+129+129+0+0+0+0+129;70+59
6;07;0500;119;87+3+60+60+0+0+0+0+60;32+28
6;07;0500;120;346+5+211+211+0+0+0+0+211;133+78
6;07;0500;121;488+1+278+278+0+0+0+7+278;160+118
6;07;0500;122;222+4+134+134+0+0+0+0+134;88+46
6;07;0500;123;590+3+333+333+0+1+1+0+332;186+146
6;07;0500;124;360+5+240+240+1+0+1+12+239;112+127
6;07;0500;125;191+1+126+126+0+0+0+0+126;42+84
6;07;0500;126;177+1+111+111+0+0+0+0+111;42+69
6;07;0500;127;66+3+30+30+0+0+0+0+30;19+11
6;07;0500;128;196+4+121+121+0+0+0+3+121;46+75
6;07;0500;129;142+6+97+97+0+0+0+0+97;45+52
6;07;0500;130;29+3+26+26+0+0+0+0+26;9+17
6;07;0500;131;61+4+41+41+0+0+0+0+41;35+6
6;07;0500;132;34+7+29+29+0+0+0+1+29;9+20
6;07;0500;133;30+5+25+25+0+0+0+0+25;14+11
6;07;0500;134;233+5+132+132+1+0+1+4+131;51+80
6;07;0500;135;40+6+36+36+0+0+0+0+36;14+22
6;07;0500;136;96+3+57+57+0+0+0+0+57;26+31
6;07;0500;137;41+5+36+36+0+0+0+0+36;17+19
6;07;0500;138;56+5+36+36+0+0+0+0+36;17+19
6;07;0500;139;79+1+51+51+0+0+0+0+51;27+24
6;07;0500;140;115+4+66+66+0+0+0+0+66;19+47
6;07;0500;141;82+3+65+65+0+0+0+2+65;20+45
6;07;0500;142;43+5+27+27+0+0+0+0+27;9+18
6;07;0500;143;64+4+55+55+1+0+1+0+54;17+37
6;07;0500;144;55+14+43+43+0+0+0+0+43;12+31
6;07;0500;145;448+3+275+275+1+2+3+11+272;150+122
6;07;0500;146;273+5+195+195+1+0+1+5+194;73+121
6;07;0500;147;192+4+114+114+0+0+0+10+114;51+63
6;07;0500;148;110+8+118+118+0+0+0+0+118;52+66
6;07;0500;149;294+3+200+200+2+0+2+12+198;105+93
6;07;0500;150;112+4+77+77+0+0+0+0+77;39+38
6;07;0500;151;132+6+93+93+0+0+0+0+93;36+57
6;07;0500;152;143+7+118+118+0+0+0+7+118;58+60
6;07;0500;153;381+5+240+240+0+0+0+5+240;106+134
6;07;0500;154;114+8+93+93+0+0+0+0+93;33+60
6;07;0500;155;538+7+249+249+0+0+0+8+249;137+112
6;07;0500;156;327+6+171+171+0+0+0+0+171;81+90
6;07;0500;157;85+3+67+67+0+1+1+0+66;34+32
6;07;0500;158;171+5+128+128+1+1+2+0+126;64+62
6;07;0500;159;427+0+209+209+0+0+0+14+209;125+84
6;07;0500;160;693+1+328+328+1+0+1+0+327;202+125
6;07;0500;161;481+2+277+277+0+0+0+0+277;162+115
6;07;1200;001;489+0+282+282+3+0+3+0+279;114+165
6;07;1200;002;630+0+378+378+1+1+2+0+376;163+213
6;07;1200;003;618+0+387+387+1+0+1+23+386;176+210
6;07;1200;004;613+0+351+351+0+0+0+25+351;160+191
6;07;1200;005;529+0+329+329+0+0+0+39+329;143+186
6;07;1200;006;492+0+304+304+1+0+1+27+303;163+140
6;07;1200;007;477+0+273+273+1+0+1+0+272;135+137
6;07;1200;008;600+0+375+375+3+1+4+32+371;140+231
6;07;1200;009;624+2+371+371+1+0+1+19+370;148+222
6;07;1200;010;674+0+418+418+0+0+0+19+418;169+249
6;07;1200;011;807+0+427+427+0+0+0+27+427;178+249
6;07;1200;012;541+2+351+351+2+2+4+0+347;129+218
6;07;1200;014;49+5+39+39+1+0+1+0+38;12+26
6;07;1200;015;47+7+24+24+0+0+0+0+24;14+10
6;07;1200;016;40+4+23+23+0+0+0+0+23;8+15
6;07;1200;017;43+7+30+30+0+0+0+0+30;12+18
6;07;1200;018;486+4+316+316+2+0+2+30+314;117+197
6;07;1200;019;263+5+169+169+1+0+1+13+168;64+104
6;07;1200;020;92+7+61+61+0+1+1+4+60;33+27
6;07;1200;021;157+9+118+118+0+1+1+12+117;47+70
6;07;1200;022;73+6+49+49+0+0+0+2+49;14+35
6;07;1200;023;430+6+306+306+2+0+2+0+304;96+208
6;07;1200;025;43+9+34+34+1+0+1+0+33;13+20
6;07;1200;026;113+11+84+84+0+0+0+0+84;27+57
6;07;1200;027;239+4+167+167+0+0+0+0+167;55+112
6;07;1200;028;35+7+20+20+0+0+0+0+20;5+15
6;07;1200;029;58+7+42+42+0+0+0+3+42;10+32
6;07;1200;030;51+8+41+41+0+0+0+0+41;10+31
6;07;1200;031;469+0+260+260+1+0+1+22+259;118+141
6;07;1200;032;44+0+19+19+0+0+0+0+19;7+12
6;07;2900;001;870+0+424+424+4+1+5+33+419;287+132
6;07;2900;002;560+0+290+290+0+0+0+15+290;165+125
6;07;2900;003;584+1+335+335+0+0+0+0+335;163+172
6;07;2900;004;631+2+401+401+1+0+1+13+400;198+202
6;07;2900;005;785+0+404+404+1+0+1+0+403;217+186
6;07;2900;006;418+1+193+193+1+0+1+0+192;97+95
6;07;2900;007;326+0+181+181+0+2+2+0+179;80+99
6;07;2900;008;694+0+308+308+1+1+2+22+306;168+138
6;07;2900;009;693+0+384+384+0+0+0+0+384;224+160
6;07;2900;010;884+1+544+544+0+0+0+0+544;313+231
6;07;2900;011;625+0+342+342+0+1+1+8+341;201+140
6;07;2900;012;598+1+304+304+1+0+1+0+303;158+145
6;07;2900;013;576+2+322+322+1+0+1+6+321;154+167
6;07;2900;014;646+2+388+388+1+1+2+0+386;192+194
6;07;2900;015;746+1+476+476+0+0+0+0+476;260+216
6;07;2900;016;557+0+320+320+0+0+0+15+320;151+169
6;07;2900;017;590+1+319+319+0+0+0+0+319;192+127
6;07;2900;018;808+2+494+494+0+0+0+24+494;286+208
6;07;2900;019;448+1+284+284+0+0+0+0+284;149+135
6;07;2900;020;689+0+374+374+0+0+0+0+374;211+163
6;07;2900;021;379+1+175+175+0+0+0+3+175;100+75
6;07;2900;022;834+1+422+422+0+0+0+16+422;254+168
6;07;2900;023;455+1+286+286+1+1+2+0+284;168+116
6;07;2900;024;725+1+446+446+0+0+0+21+446;248+198
6;07;2900;025;824+2+458+458+2+1+3+10+455;273+182
6;07;2900;026;955+0+522+522+1+1+2+12+520;312+208
6;07;2900;027;701+1+408+408+0+0+0+0+408;204+204
6;07;2900;028;571+1+314+314+0+0+0+0+314;179+135
6;07;2900;029;706+1+373+373+2+0+2+10+371;232+139
6;07;2900;030;789+1+423+423+0+1+1+0+422;250+172
6;07;2900;031;525+1+259+259+2+1+3+5+256;144+112
6;07;2900;032;594+0+304+304+0+0+0+8+304;200+104
6;07;2900;033;609+1+293+293+1+0+1+6+292;181+111
6;07;2900;034;663+1+359+359+4+0+4+6+355;207+148
6;07;2900;035;92+0+31+31+0+0+0+0+31;18+13
6;07;2900;036;571+2+340+340+0+0+0+0+340;110+230
6;07;2900;037;208+10+154+154+0+0+0+0+154;56+98
6;07;2900;038;383+1+178+178+1+0+1+0+177;47+130
6;07;2900;039;369+3+192+192+1+0+1+0+191;58+133
6;07;2900;040;141+2+93+93+1+1+2+4+91;38+53
6;07;2900;041;403+2+255+255+0+0+0+0+255;105+150
6;07;2900;042;126+4+70+70+0+0+0+0+70;31+39
6;07;2900;043;377+3+229+229+0+0+0+23+229;75+154
6;07;2900;044;667+3+375+375+1+0+1+19+374;173+201
6;07;2900;045;36+3+29+29+0+0+0+1+29;11+18
6;07;2900;046;672+2+233+233+0+1+1+15+232;91+141
6;07;2900;047;661+4+204+204+1+1+2+9+202;77+125
6;07;2900;048;34+4+32+32+0+0+0+0+32;21+11
6;07;2900;049;105+2+70+70+0+0+0+0+70;34+36
6;07;2900;050;336+2+174+174+0+0+0+5+174;44+130
6;07;2900;051;90+2+66+66+0+0+0+0+66;29+37
6;07;2900;052;31+1+26+26+0+0+0+1+26;13+13
6;07;2900;053;167+3+115+115+0+0+0+0+115;66+49
6;07;2900;054;279+5+166+166+0+0+0+0+166;68+98
6;07;2900;055;60+3+63+63+0+0+0+0+63;30+33
6;07;2900;056;464+0+266+266+1+1+2+18+264;76+188
6;07;2900;057;548+1+152+152+0+0+0+0+152;56+96
6;07;2900;058;266+3+177+177+0+1+1+0+176;80+96
6;07;2900;059;336+0+200+200+1+0+1+3+199;79+120
6;07;2900;060;89+2+67+67+0+0+0+0+67;30+37
6;07;2900;061;230+3+151+151+0+0+0+13+151;40+111
6;07;2900;062;437+2+257+257+0+0+0+6+257;134+123
6;07;2900;063;564+1+333+333+0+3+3+20+330;140+190
6;07;2900;064;366+3+251+251+0+0+0+11+251;109+142
6;07;2900;065;495+3+306+306+0+0+0+27+306;107+199
6;07;2900;066;186+7+131+131+0+1+1+4+130;54+76
6;07;2900;067;394+2+236+236+0+0+0+15+236;107+129
6;07;2900;068;426+2+252+252+0+0+0+0+252;94+158
6;07;2900;069;632+1+220+220+1+0+1+0+219;100+119
6;07;2900;070;561+6+217+217+0+0+0+0+217;108+109
6;07;2900;071;488+6+296+296+0+0+0+0+296;140+156
6;07;2900;072;658+2+354+354+0+3+3+0+351;170+181
6;07;2900;073;482+2+289+289+1+2+3+0+286;109+177
6;07;2900;074;251+2+188+188+1+0+1+8+187;55+132
6;07;2900;075;239+1+199+199+0+0+0+8+199;36+163
6;07;2900;076;397+5+246+246+0+1+1+18+245;75+170
6;07;2900;077;572+3+354+354+0+1+1+20+353;112+241
6;07;3500;001;51+3+31+31+0+0+0+0+31;16+15
6;07;3500;002;631+1+381+381+1+0+1+7+380;179+201
6;07;3500;003;400+3+230+230+1+0+1+2+229;121+108
6;07;3500;004;640+0+387+387+1+1+2+10+385;201+184
6;07;3500;005;476+1+284+284+0+1+1+0+283;149+134
6;07;3500;006;471+0+292+292+0+0+0+0+292;166+126
6;07;3500;007;448+2+286+286+2+1+3+9+283;133+150
6;07;3500;008;368+2+189+189+1+0+1+4+188;110+78
6;07;3500;009;778+0+400+400+0+1+1+6+399;197+202
6;07;3500;010;726+1+412+412+1+0+1+20+411;195+216
6;07;3500;011;637+0+325+325+0+0+0+18+325;154+171
6;07;3500;012;104+2+61+61+0+0+0+1+61;14+47
6;07;3500;013;288+1+151+151+0+0+0+0+151;79+72
6;07;3500;014;67+3+34+34+0+0+0+0+34;22+12
6;07;3500;015;67+3+29+29+0+0+0+0+29;8+21
6;07;3500;016;426+2+245+245+1+0+1+0+244;139+105
6;07;3500;017;804+0+423+423+0+0+0+0+423;187+236
6;07;3500;018;487+2+276+276+1+0+1+10+275;143+132
6;07;3500;019;440+0+265+265+0+0+0+0+265;121+144
6;07;3500;020;520+1+287+287+1+2+3+0+284;128+156
6;07;3500;021;706+1+352+352+0+0+0+0+352;168+184
6;07;3500;022;208+2+128+128+0+0+0+0+128;34+94
6;07;3500;023;83+2+59+59+0+0+0+6+59;36+23
6;07;3500;024;72+6+52+52+0+0+0+5+52;15+37
6;07;3500;025;39+2+23+23+0+0+0+0+23;18+5
6;07;3500;026;112+7+68+68+0+0+0+0+68;25+43
6;07;3500;027;26+4+19+19+0+0+0+0+19;9+10
6;07;3500;028;66+2+27+27+0+0+0+0+27;14+13
6;07;3500;029;99+5+55+55+0+0+0+3+55;8+47
6;07;3500;030;142+3+60+60+0+0+0+0+60;16+44
6;07;3500;031;524+2+269+269+1+0+1+4+268;133+135
6;07;3500;032;555+3+248+248+0+0+0+8+248;150+98
6;07;3500;033;615+2+290+290+4+0+4+7+286;143+143
6;07;3500;034;445+0+241+241+2+0+2+0+239;109+130
[END]

[AGGR]
07;6;   ;2+300+300+126239+647+69923+69923+125+64+189+1622+69734;36499+33235
[END]
