[INFO]
08;Доб░и╖;301
[END]

[IZB]
08;6;   ;;18.11.2001;2;2;403
[END]

[NM]
0803;001;г░. Бал╖ик;02508;00
0803;002;▒. Безводи╢а;03174;00
0803;003;▒. Бобове╢;04515;00
0803;005;▒. Г│░ково;18160;00
0803;006;▒. Д░опла;23769;00
0803;007;▒. Д║б░ава;24387;00
0803;008;▒. Змеево;31245;00
0803;010;▒. Ка░в│на;36453;00
0803;011;▒. К░анево;39459;00
0803;012;▒. К░емена;39623;00
0803;013;▒. Л┐╡ово;44882;00
0803;014;▒. Об░о╖и╣е;53120;00
0803;015;▒. П░┐▒па;58270;00
0803;016;▒. Рога╖ево;62788;00
0803;017;▒. Сеноко▒;66250;00
0803;018;▒. Соколово;67951;00
0803;019;▒. С▓░ажи╢а;69643;00
0803;020;▒. Т░иго░╢и;73095;00
0803;021;▒. Х░аб░ово;77390;00
0803;022;▒. Ца░и╖ино;48982;00
0803;023;▒. Ц║░ква;78639;00
0803;024;▒. Б░┐▒▓ово;06793;00
0812;001;▒. Алек▒анд║░ С▓амболий▒ки;00360;00
0812;002;▒. Балкан╢и;02484;00
0812;003;▒. Бежаново;03157;00
0812;004;▒. Ва▒илево;10183;00
0812;005;▒. Великово;10422;00
0812;006;▒. Ви╖ево;11329;00
0812;007;г░. Гене░ал То╕ево;14711;00
0812;008;▒. Г░адини;17511;00
0812;009;▒. Го░и╢а;18575;00
0812;010;▒. Д║бовик;24339;00
0812;011;▒. Жи▓ен;29444;00
0812;012;▒. Зог░а┤;31303;00
0812;013;▒. Изво░ово;32467;00
0812;014;▒. Йовково;34045;00
0812;015;▒. Калина;35393;00
0812;016;▒. Ка░дам;36467;00
0812;018;▒. Кона░е;38217;00
0812;019;▒. К░аи╣е;39284;00
0812;020;▒. К░а▒ен;39534;00
0812;021;▒. К║пиново;40885;00
0812;022;▒. Лозни╢а;44179;00
0812;023;▒. Л╛л┐ково;44714;00
0812;024;▒. Малина;46351;00
0812;025;▒. Пе▓ле╕ково;56040;00
0812;026;▒. Пи▒а░ово;56509;00
0812;027;▒. Пленими░;56736;00
0812;028;▒. П░е▒елен╢и;58181;00
0812;029;▒. П░и▒ад;58414;00
0812;030;▒. П╖ела░ово;58832;00
0812;031;▒. Равне╢;61159;00
0812;032;▒. Рогозина;62829;00
0812;033;▒. Ро▒ен;63046;00
0812;034;▒. Ро▒и╢а;63094;00
0812;035;▒. Си░аково;66620;00
0812;036;▒. Сноп;67756;00
0812;037;▒. Сн┐гово;67773;00
0812;038;▒. Спа▒ово;68196;00
0812;039;▒. С░едина;68326;00
0812;040;▒. С║░нено;70634;00
0812;041;▒. Узово;75068;00
0812;042;▒. Че░нооково;81219;00
0815;001;▒. Ал╢ек;00429;00
0815;002;▒. Ба▓ово;02871;00
0815;003;▒. Бдин╢и;03040;00
0815;004;▒. Бенков▒ки;03860;00
0815;005;▒. Богдан;04580;00
0815;006;▒. Бож│░ово;05061;00
0815;007;▒. Б░ани╣е;06104;00
0815;008;▒. Вед░ина;10307;00
0815;009;▒. Владими░ово;11421;00
0815;010;▒. Водн┐н╢и;11781;00
0815;011;▒. В░а▓а░и▓е;12231;00
0815;012;▒. В░а╖ан╢и;12262;00
0815;013;▒. Гене░ал Колево;14684;00
0815;014;▒. Деб░ене;20359;00
0815;015;▒. Победа;21083;00
0815;016;▒. Доб░ево;21350;00
0815;017;▒. Долина;21957;00
0815;018;▒. Дон╖ево;22988;00
0815;019;▒. Д░аганово;23128;00
0815;020;▒. Д░┐нове╢;23933;00
0815;021;▒. Енево;27468;00
0815;022;▒. Жи▓ни╢а;29489;00
0815;023;▒. Зла▓и┐;31067;00
0815;024;▒. Камен;35674;00
0815;025;▒. Ка░апели▓;36419;00
0815;026;▒. Козлод│й╢и;37808;00
0815;027;▒. По░│╖ик Ге╕аново;14862;00
0815;028;▒. Ко▓лен╢и;39061;00
0815;029;▒. К░аг│лево;39242;00
0815;030;▒. Л┐▒ково;43431;00
0815;031;▒. Лов╖ан╢и;43997;00
0815;032;▒. Ломни╢а;44272;00
0815;033;▒. Малка Смолни╢а;46454;00
0815;034;▒. Медово;47679;00
0815;035;▒. Ме▓одиево;47901;00
0815;036;▒. Миладинов╢и;48088;00
0815;037;▒. Ново Бо▓ево;52038;00
0815;038;▒. Ов╖а░ово;53210;00
0815;039;▒. Од░ин╢и;53432;00
0815;040;▒. Од║░╢и;53450;00
0815;041;▒. Опане╢;53597;00
0815;042;▒. О░лова могила;53881;00
0815;043;▒. Па▒калево;55511;00
0815;044;▒. Пла╖идол;56695;00
0815;045;▒. Под▒лон;57087;00
0815;046;▒. Полковник Све╣а░ово;57279;00
0815;047;▒. Поп Г░иго░ово;57550;00
0815;048;▒. П░илеп;58339;00
0815;049;▒. П░имо░╢и;58360;00
0815;050;▒. П╖елино;58880;00
0815;051;▒. П╖елник;58935;00
0815;052;▒. Ро▒еново;63063;00
0815;053;▒. Сам│илово;00374;00
0815;054;▒. Свобода;65824;00
0815;055;▒. Славеево;66946;00
0815;056;▒. Смолни╢а;67622;00
0815;057;▒. Соколник;67917;00
0815;058;▒. Полковник Иваново;68103;00
0815;059;▒. Полковник Минково;59402;00
0815;060;▒. С▓е┤ан Ка░аджа;69198;00
0815;061;▒. С▓е┤аново;69242;00
0815;062;▒. С▓оже░;69300;00
0815;063;▒. Сливен╢и;70812;00
0815;064;▒. Т┐нево;73818;00
0815;065;▒. Фелд┤ебел Д┐нково;76064;00
0815;066;▒. Хи▓ово;77284;00
0815;067;▒. Ца░еве╢;78152;00
0815;068;▒. Че░на;80769;00
0817;001;▒. Белг│н;03318;00
0817;002;▒. Било;04090;00
0817;003;▒. Бож│░е╢;05009;00
0817;004;▒. Б║лга░ево;07257;00
0817;005;▒. Видно;11003;00
0817;006;▒. В░анино;12173;00
0817;007;▒. И░е╖ек;32768;00
0817;008;г░. Кава░на;35064;00
0817;009;▒. Камен б░┐г;35746;00
0817;010;▒. К░│пен;40049;00
0817;011;▒. Могили╣е;48828;00
0817;012;▒. Нейково;51408;00
0817;013;▒. По░│╖ик Ч│н╖ево;57861;00
0817;014;▒. Раков▒ки;62092;00
0817;015;▒. Све▓и Никола;65543;00
0817;016;▒. Сел╢е;66113;00
0817;017;▒. Сеп▓емв░ий╢и;66281;00
0817;018;▒. Топола;72693;00
0817;019;▒. Т░авник;72936;00
0817;020;▒. Хаджи Дими▓║░;77044;00
0817;021;▒. Челопе╖ене;80340;00
0820;001;▒. Аб░и▓;00031;00
0820;002;▒. Алек▒анд░и┐;00268;00
0820;003;▒. Би▒▓░е╢;04193;00
0820;004;▒. Габе░;14043;00
0820;005;▒. Доб░ин;21470;00
0820;006;▒. Е┤░ей▓о░ Бакалово;27656;00
0820;007;▒. Зимни╢а;03884;00
0820;010;▒. Заго░╢и;30185;00
0820;011;▒. Капи▓ан Дими▓░ово;36138;00
0820;012;▒. Ко░и▓ен;38618;00
0820;013;▒. К░│╕а░и;40097;00
0820;015;▒. Лозене╢;44104;00
0820;016;▒. Огн┐ново;53357;00
0820;017;▒. Полковник Д┐ково;57234;00
0820;018;▒. По░│╖ик К║░джиево;57858;00
0820;019;▒. Севе░н┐к;65906;00
0820;020;▒. Севе░╢и;65913;00
0820;021;▒. Теле░иг;72196;00
0820;022;▒. Земен╢и;30781;00
0827;001;▒. Ангела░ий;00432;00
0827;002;▒. Балик;02405;00
0827;003;▒. Безме░;03215;00
0827;004;▒. Божан;04916;00
0827;005;▒. Бонево;05342;00
0827;006;▒. Б░е▒▓ни╢а;06464;00
0827;008;▒. Главан╢и;14982;00
0827;009;▒. Г░адни╢а;17590;00
0827;010;▒. Г│▒ла░;18191;00
0827;011;▒. Жегла░╢и;29035;00
0827;012;▒. З║░нево;31396;00
0827;013;▒. Кабле╕ково;35050;00
0827;014;▒. Кладен╢и;37157;00
0827;015;▒. Кола░╢и;38025;00
0827;016;▒. Ко╖ма░;39127;00
0827;017;▒. Мали изво░;46334;00
0827;018;▒. Нова Камена;51812;00
0827;019;▒. Оног│░;53549;00
0827;020;▒. О░л┐к;53953;00
0827;021;▒. Полковник Савово;57265;00
0827;022;▒. Попг░│ево;57563;00
0827;024;▒. С║░не╢;70617;00
0827;025;г░. Те░вел;72271;00
0827;026;▒. Че▒▓имен▒ко;81270;00
0827;027;▒. П░о┤е▒о░ Зла▓а░▒ки;58685;00
0827;028;▒. Войниково;11911;00
0828;001;г░. Доб░и╖;72624;00
0829;001;▒. Божаново;04927;00
0829;002;▒. Ваклино;10032;00
0829;003;▒. Го░и╖ане;16095;00
0829;004;▒. Го░│н;17275;00
0829;005;▒. Г░ани╖а░;17782;00
0829;006;▒. Д│░анк│лак;24102;00
0829;007;▒. Езе░е╢;27108;00
0829;008;▒. За╡а░и С▓о┐ново;30394;00
0829;009;▒. К░апе╢;39493;00
0829;010;▒. П░олез;58596;00
0829;011;▒. Смин;67550;00
0829;012;▒. С▓аев╢и;68610;00
0829;015;▒. Тв║░ди╢а;72179;00
0829;016;▒. Т╛леново;73780;00
0829;017;▒. Че░номо░╢и;81181;00
0829;018;г░. Шабла;83017;00
[END]

[SEC]
08;0300;001;6;001
08;0300;002;6;001
08;0300;003;6;001
08;0300;004;6;001
08;0300;005;6;001
08;0300;006;6;001
08;0300;007;6;001
08;0300;008;6;001
08;0300;009;6;001
08;0300;010;6;001
08;0300;011;6;001
08;0300;012;6;001
08;0300;013;6;001
08;0300;014;6;001
08;0300;015;6;001
08;0300;016;6;002
08;0300;017;6;003
08;0300;018;6;005+024
08;0300;019;6;006
08;0300;020;6;007
08;0300;021;6;008
08;0300;022;6;011
08;0300;023;6;012
08;0300;024;6;013
08;0300;025;6;022
08;0300;026;6;014
08;0300;027;6;014
08;0300;028;6;016
08;0300;029;6;015
08;0300;030;6;017
08;0300;031;6;010
08;0300;032;6;018
08;0300;033;6;019
08;0300;034;6;020
08;0300;035;6;021
08;0300;036;6;023
08;0300;037;6;014
08;1200;001;6;007
08;1200;002;6;007
08;1200;003;6;007
08;1200;004;6;007
08;1200;005;6;007
08;1200;006;6;007
08;1200;007;6;007
08;1200;008;6;007
08;1200;009;6;007
08;1200;010;6;007
08;1200;011;6;001
08;1200;012;6;002
08;1200;013;6;003
08;1200;014;6;004
08;1200;015;6;005
08;1200;016;6;006
08;1200;017;6;009
08;1200;018;6;008
08;1200;019;6;010
08;1200;020;6;011
08;1200;021;6;012
08;1200;022;6;013
08;1200;023;6;013
08;1200;024;6;013
08;1200;025;6;014
08;1200;026;6;015
08;1200;027;6;016
08;1200;028;6;016
08;1200;029;6;016
08;1200;030;6;018
08;1200;031;6;019
08;1200;032;6;020
08;1200;033;6;021
08;1200;034;6;022
08;1200;035;6;023
08;1200;036;6;024
08;1200;037;6;025
08;1200;038;6;026
08;1200;039;6;027
08;1200;040;6;028
08;1200;041;6;029
08;1200;042;6;030
08;1200;043;6;031
08;1200;044;6;032
08;1200;045;6;033
08;1200;046;6;034
08;1200;047;6;035
08;1200;048;6;036
08;1200;049;6;037
08;1200;050;6;038
08;1200;051;6;038
08;1200;052;6;039
08;1200;053;6;040
08;1200;054;6;041
08;1200;055;6;042
08;1500;001;6;053
08;1500;002;6;001
08;1500;003;6;002
08;1500;004;6;003
08;1500;005;6;004
08;1500;006;6;004
08;1500;007;6;005
08;1500;008;6;006
08;1500;009;6;006
08;1500;010;6;007
08;1500;011;6;008
08;1500;012;6;037
08;1500;013;6;009
08;1500;014;6;010
08;1500;015;6;011
08;1500;016;6;012
08;1500;017;6;013
08;1500;018;6;014
08;1500;019;6;048
08;1500;020;6;015
08;1500;021;6;059
08;1500;022;6;016
08;1500;023;6;017
08;1500;024;6;018
08;1500;025;6;019
08;1500;026;6;020
08;1500;027;6;021
08;1500;028;6;022
08;1500;029;6;023
08;1500;030;6;024
08;1500;031;6;025
08;1500;032;6;025
08;1500;033;6;026
08;1500;034;6;028
08;1500;035;6;029
08;1500;036;6;031
08;1500;037;6;032
08;1500;038;6;030
08;1500;039;6;033
08;1500;040;6;034
08;1500;041;6;035
08;1500;042;6;036
08;1500;043;6;038
08;1500;044;6;039
08;1500;045;6;040
08;1500;046;6;041
08;1500;047;6;042
08;1500;048;6;043
08;1500;049;6;044
08;1500;050;6;045
08;1500;051;6;046
08;1500;052;6;047
08;1500;053;6;027
08;1500;054;6;049
08;1500;055;6;050
08;1500;056;6;051
08;1500;057;6;052
08;1500;058;6;054
08;1500;059;6;055
08;1500;060;6;063
08;1500;061;6;056
08;1500;062;6;058
08;1500;063;6;061
08;1500;064;6;060
08;1500;065;6;062
08;1500;066;6;062
08;1500;067;6;057
08;1500;068;6;064
08;1500;069;6;065
08;1500;070;6;066
08;1500;071;6;067
08;1500;072;6;068
08;1700;001;6;008
08;1700;002;6;008
08;1700;003;6;008
08;1700;004;6;008
08;1700;005;6;008
08;1700;006;6;008
08;1700;007;6;008
08;1700;008;6;008
08;1700;009;6;008
08;1700;010;6;008
08;1700;012;6;001
08;1700;013;6;002
08;1700;014;6;003
08;1700;015;6;004
08;1700;016;6;004
08;1700;017;6;005
08;1700;018;6;006
08;1700;019;6;007
08;1700;020;6;009
08;1700;021;6;010
08;1700;022;6;011
08;1700;023;6;012
08;1700;024;6;013
08;1700;025;6;014
08;1700;026;6;015
08;1700;027;6;016
08;1700;028;6;017
08;1700;029;6;018
08;1700;030;6;019
08;1700;031;6;020
08;1700;032;6;021
08;1700;033;6;008
08;1700;034;6;008
08;1700;035;6;008
08;1700;036;6;008
08;2000;001;6;013
08;2000;002;6;013+022
08;2000;003;6;003
08;2000;004;6;020
08;2000;005;6;010
08;2000;006;6;015
08;2000;007;6;017
08;2000;008;6;005
08;2000;009;6;021
08;2000;010;6;004+016
08;2000;011;6;006+007
08;2000;012;6;012
08;2000;013;6;001
08;2000;014;6;002
08;2000;015;6;019
08;2000;016;6;018
08;2000;017;6;011
08;2700;001;6;025
08;2700;002;6;025
08;2700;003;6;025
08;2700;004;6;025
08;2700;005;6;025
08;2700;006;6;025
08;2700;007;6;025
08;2700;009;6;001
08;2700;010;6;002
08;2700;011;6;003
08;2700;012;6;004
08;2700;013;6;005
08;2700;014;6;006
08;2700;015;6;008
08;2700;016;6;009
08;2700;017;6;010
08;2700;018;6;011
08;2700;019;6;012
08;2700;020;6;012
08;2700;021;6;013+027
08;2700;022;6;014
08;2700;023;6;015
08;2700;024;6;016
08;2700;025;6;017
08;2700;026;6;018
08;2700;027;6;019
08;2700;028;6;020
08;2700;029;6;020
08;2700;030;6;021+028
08;2700;031;6;022
08;2700;032;6;024
08;2700;033;6;026
08;2800;001;6;001
08;2800;002;6;001
08;2800;003;6;001
08;2800;004;6;001
08;2800;005;6;001
08;2800;006;6;001
08;2800;007;6;001
08;2800;008;6;001
08;2800;009;6;001
08;2800;010;6;001
08;2800;011;6;001
08;2800;012;6;001
08;2800;013;6;001
08;2800;014;6;001
08;2800;015;6;001
08;2800;016;6;001
08;2800;017;6;001
08;2800;018;6;001
08;2800;019;6;001
08;2800;020;6;001
08;2800;021;6;001
08;2800;022;6;001
08;2800;023;6;001
08;2800;024;6;001
08;2800;025;6;001
08;2800;026;6;001
08;2800;027;6;001
08;2800;028;6;001
08;2800;029;6;001
08;2800;030;6;001
08;2800;031;6;001
08;2800;032;6;001
08;2800;033;6;001
08;2800;034;6;001
08;2800;035;6;001
08;2800;036;6;001
08;2800;037;6;001
08;2800;038;6;001
08;2800;039;6;001
08;2800;040;6;001
08;2800;041;6;001
08;2800;042;6;001
08;2800;043;6;001
08;2800;044;6;001
08;2800;045;6;001
08;2800;046;6;001
08;2800;047;6;001
08;2800;048;6;001
08;2800;049;6;001
08;2800;050;6;001
08;2800;051;6;001
08;2800;052;6;001
08;2800;053;6;001
08;2800;054;6;001
08;2800;055;6;001
08;2800;056;6;001
08;2800;057;6;001
08;2800;058;6;001
08;2800;059;6;001
08;2800;060;6;001
08;2800;061;6;001
08;2800;062;6;001
08;2800;063;6;001
08;2800;064;6;001
08;2800;065;6;001
08;2800;066;6;001
08;2800;067;6;001
08;2800;068;6;001
08;2800;069;6;001
08;2800;070;6;001
08;2800;071;6;001
08;2800;072;6;001
08;2800;073;6;001
08;2800;074;6;001
08;2800;075;6;001
08;2800;076;6;001
08;2800;077;6;001
08;2800;078;6;001
08;2800;079;6;001
08;2800;080;6;001
08;2800;081;6;001
08;2800;082;6;001
08;2800;083;6;001
08;2800;084;6;001
08;2800;085;6;001
08;2800;086;6;001
08;2800;087;6;001
08;2800;088;6;001
08;2800;089;6;001
08;2800;090;6;001
08;2800;091;6;001
08;2800;092;6;001
08;2800;093;6;001
08;2800;094;6;001
08;2800;095;6;001
08;2800;096;6;001
08;2800;097;6;001
08;2800;098;6;001
08;2800;099;6;001
08;2800;100;6;001
08;2800;101;6;001
08;2800;102;6;001
08;2800;103;6;001
08;2800;104;6;001
08;2800;105;6;001
08;2800;106;6;001
08;2800;107;6;001
08;2800;108;6;001
08;2800;109;6;001
08;2800;110;6;001
08;2800;111;6;001
08;2800;112;6;001
08;2800;113;6;001
08;2800;114;6;001
08;2800;115;6;001
08;2800;116;6;001
08;2800;117;6;001
08;2800;118;6;001
08;2800;119;6;001
08;2800;120;6;001
08;2800;121;6;001
08;2800;122;6;001
08;2800;123;6;001
08;2800;124;6;001
08;2800;125;6;001
08;2800;126;6;001
08;2800;127;6;001
08;2800;128;6;001
08;2800;129;6;001
08;2800;130;6;001
08;2800;131;6;001
08;2800;132;6;001
08;2800;133;6;001
08;2800;134;6;001
08;2800;135;6;001
08;2800;136;6;001
08;2800;137;6;001
08;2800;138;6;001
08;2900;001;6;018
08;2900;002;6;018
08;2900;003;6;018
08;2900;004;6;018
08;2900;005;6;001+015
08;2900;006;6;002
08;2900;007;6;003
08;2900;008;6;004
08;2900;009;6;005
08;2900;010;6;006+012
08;2900;011;6;007
08;2900;012;6;008
08;2900;013;6;009
08;2900;014;6;010
08;2900;015;6;011
08;2900;016;6;016
08;2900;017;6;017
[END]

[MAJ]
08;6;   ;02;;;Пе▓║░ С▓е┤анов С▓о┐нов и Нели Пе▓░ова К│╢кова;, ;ПСС+НПК;35475;0;1
08;6;   ;05;;;Гео░ги Седе┤╖ов П║░ванов и Ангел Иванов Ма░ин;, ;ГСП+АИМ;61764;1;2
[END]

[PROP]
[END]

[LISTI]
[END]

[PROT]
6;08;0300;001;893+0+422+422+0+0+0+11+422;194+228
6;08;0300;002;759+2+477+477+2+0+2+10+475;220+255
6;08;0300;003;950+0+364+364+0+0+0+0+364;222+142
6;08;0300;004;677+0+326+326+0+0+0+0+326;134+192
6;08;0300;005;643+1+298+298+0+0+0+0+298;90+208
6;08;0300;006;826+1+446+446+0+0+0+21+446;129+317
6;08;0300;007;864+0+312+312+0+2+2+0+310;96+214
6;08;0300;008;687+1+443+443+0+0+0+0+443;86+357
6;08;0300;009;760+0+356+356+0+0+0+8+356;137+219
6;08;0300;010;792+1+409+409+0+0+0+0+409;138+271
6;08;0300;011;1037+3+312+312+0+0+0+0+312;72+240
6;08;0300;012;707+0+347+347+0+0+0+4+347;116+231
6;08;0300;013;878+0+404+404+0+0+0+0+404;119+285
6;08;0300;014;945+0+448+448+1+0+1+0+447;167+280
6;08;0300;015;45+0+31+31+0+0+0+0+31;6+25
6;08;0300;016;271+1+144+144+0+0+0+0+144;27+117
6;08;0300;017;75+2+41+41+1+0+1+0+40;27+13
6;08;0300;018;566+7+361+361+3+0+3+0+358;82+276
6;08;0300;019;374+0+201+201+0+0+0+0+201;43+158
6;08;0300;020;193+1+127+127+0+0+0+0+127;32+95
6;08;0300;021;360+1+237+237+1+0+1+0+236;78+158
6;08;0300;022;646+2+360+360+1+0+1+0+359;216+143
6;08;0300;023;95+1+65+65+0+0+0+0+65;10+55
6;08;0300;024;336+1+121+121+1+0+1+0+120;41+79
6;08;0300;025;187+2+124+124+0+0+0+0+124;43+81
6;08;0300;026;711+0+395+395+0+0+0+11+395;196+199
6;08;0300;027;956+2+329+329+0+2+2+23+327;147+180
6;08;0300;028;178+1+113+113+0+0+0+0+113;45+68
6;08;0300;029;184+3+132+132+0+0+0+0+132;60+72
6;08;0300;030;643+2+381+381+0+0+0+16+381;69+312
6;08;0300;031;63+4+48+48+0+0+0+0+48;26+22
6;08;0300;032;857+6+420+420+0+0+0+20+420;119+301
6;08;0300;033;296+2+148+148+0+2+2+6+146;42+104
6;08;0300;034;119+4+100+100+0+0+0+0+100;21+79
6;08;0300;035;77+1+59+59+0+0+0+0+59;8+51
6;08;0300;036;271+1+176+176+0+0+0+3+176;40+136
6;08;0300;037;223+2+82+82+0+0+0+0+82;49+33
6;08;1200;001;792+2+483+483+1+0+1+26+482;127+355
6;08;1200;002;612+2+359+359+0+0+0+17+359;106+253
6;08;1200;003;415+2+261+261+0+0+0+11+261;50+211
6;08;1200;004;776+2+460+460+0+0+0+0+460;119+341
6;08;1200;005;802+3+485+485+0+0+0+20+485;165+320
6;08;1200;006;1037+1+573+573+0+0+0+15+573;172+401
6;08;1200;007;722+3+400+400+1+2+3+19+397;95+302
6;08;1200;008;798+2+419+419+0+1+1+28+418;77+341
6;08;1200;009;607+1+358+358+0+0+0+0+358;107+251
6;08;1200;010;420+2+264+264+0+0+0+0+264;57+207
6;08;1200;011;66+4+45+45+0+0+0+0+45;22+23
6;08;1200;012;125+3+92+92+0+0+0+0+92;19+73
6;08;1200;013;101+1+66+66+0+0+0+0+66;21+45
6;08;1200;014;327+3+206+206+0+0+0+11+206;42+164
6;08;1200;015;60+1+26+26+0+0+0+0+26;13+13
6;08;1200;016;56+0+41+41+0+0+0+0+41;13+28
6;08;1200;017;74+6+63+63+0+0+0+1+63;12+51
6;08;1200;018;86+0+63+63+0+0+0+0+63;19+44
6;08;1200;019;203+9+127+127+0+0+0+6+127;25+102
6;08;1200;020;263+1+178+178+0+1+1+6+177;23+154
6;08;1200;021;120+7+77+77+0+0+0+1+77;12+65
6;08;1200;022;162+2+95+95+0+0+0+0+95;20+75
6;08;1200;023;100+1+67+67+0+0+0+0+67;9+58
6;08;1200;024;151+1+109+109+0+0+0+2+109;15+94
6;08;1200;025;515+3+101+101+0+0+0+12+101;44+57
6;08;1200;026;101+5+73+73+0+0+0+0+73;18+55
6;08;1200;027;405+1+230+230+0+0+0+4+230;49+181
6;08;1200;028;552+1+340+340+0+0+0+5+340;74+266
6;08;1200;029;239+1+118+118+0+0+0+4+118;25+93
6;08;1200;030;79+2+63+63+0+0+0+0+63;10+53
6;08;1200;031;43+4+40+40+0+0+0+0+40;6+34
6;08;1200;032;387+3+236+236+0+0+0+0+236;64+172
6;08;1200;033;298+3+130+130+0+0+0+0+130;45+85
6;08;1200;034;51+3+31+31+0+0+0+0+31;1+30
6;08;1200;035;566+1+264+264+0+1+1+17+263;70+193
6;08;1200;036;235+3+175+175+1+0+1+8+174;27+147
6;08;1200;037;259+1+136+136+0+1+1+2+135;31+104
6;08;1200;038;150+2+86+86+0+0+0+0+86;17+69
6;08;1200;039;96+0+70+70+0+1+1+0+69;14+55
6;08;1200;040;395+3+253+253+0+0+0+12+253;55+198
6;08;1200;041;286+11+160+160+0+0+0+0+160;30+130
6;08;1200;042;490+1+311+311+0+1+1+17+310;52+258
6;08;1200;043;223+4+133+133+0+0+0+0+133;33+100
6;08;1200;044;162+4+89+89+0+0+0+0+89;21+68
6;08;1200;045;147+1+98+98+0+0+0+0+98;29+69
6;08;1200;046;523+2+253+253+0+0+0+4+253;53+200
6;08;1200;047;96+3+45+45+0+0+0+2+45;15+30
6;08;1200;048;158+1+120+120+0+0+0+0+120;20+100
6;08;1200;049;236+4+86+86+0+0+0+1+86;9+77
6;08;1200;050;485+4+312+312+0+1+1+15+311;68+243
6;08;1200;051;408+1+220+220+0+0+0+6+220;43+177
6;08;1200;052;71+10+52+52+0+0+0+0+52;34+18
6;08;1200;053;94+0+72+72+0+0+0+0+72;17+55
6;08;1200;054;35+3+26+26+0+0+0+2+26;9+17
6;08;1200;055;285+0+180+180+1+0+1+15+179;39+140
6;08;1500;001;121+2+81+81+0+0+0+4+81;22+59
6;08;1500;002;244+0+173+173+0+0+0+0+173;33+140
6;08;1500;003;489+0+179+179+0+0+0+8+179;62+117
6;08;1500;004;123+3+88+88+0+0+0+0+88;20+68
6;08;1500;005;529+5+160+160+0+0+0+0+160;98+62
6;08;1500;006;493+0+192+192+0+0+0+0+192;100+92
6;08;1500;007;128+2+101+101+0+0+0+0+101;24+77
6;08;1500;008;485+3+228+228+0+0+0+0+228;65+163
6;08;1500;009;354+1+183+183+0+1+1+8+182;50+132
6;08;1500;010;327+1+168+168+0+0+0+0+168;55+113
6;08;1500;011;609+3+312+312+0+0+0+0+312;114+198
6;08;1500;012;36+1+31+31+0+0+0+0+31;4+27
6;08;1500;013;366+5+255+255+1+0+1+7+254;73+181
6;08;1500;014;308+0+120+120+0+0+0+0+120;31+89
6;08;1500;015;88+2+70+70+1+0+1+0+69;17+52
6;08;1500;016;95+4+82+82+0+0+0+6+82;21+61
6;08;1500;017;94+5+71+71+0+0+0+0+71;14+57
6;08;1500;018;88+3+68+68+0+1+1+1+67;33+34
6;08;1500;019;27+1+27+27+0+0+0+0+27;17+10
6;08;1500;020;780+1+450+450+0+0+0+19+450;105+345
6;08;1500;021;164+0+100+100+0+0+0+4+100;29+71
6;08;1500;022;123+1+93+93+0+0+0+0+93;21+72
6;08;1500;023;214+0+140+140+1+0+1+0+139;33+106
6;08;1500;024;798+4+504+504+0+1+1+14+503;164+339
6;08;1500;025;154+3+85+85+0+1+1+5+84;25+59
6;08;1500;026;53+1+20+20+0+1+1+0+19;3+16
6;08;1500;027;428+1+98+98+0+0+0+0+98;25+73
6;08;1500;028;430+2+333+333+0+1+1+0+332;58+274
6;08;1500;029;123+1+99+99+0+0+0+0+99;26+73
6;08;1500;030;159+4+102+102+0+0+0+7+102;22+80
6;08;1500;031;442+9+209+209+0+0+0+7+209;55+154
6;08;1500;032;558+2+246+246+0+1+1+18+245;74+171
6;08;1500;033;371+5+249+249+0+0+0+17+249;70+179
6;08;1500;034;240+3+166+166+0+0+0+5+166;36+130
6;08;1500;035;67+5+53+53+0+0+0+0+53;16+37
6;08;1500;036;698+4+371+371+2+1+3+0+368;69+299
6;08;1500;037;322+2+184+184+1+0+1+0+183;43+140
6;08;1500;038;270+1+172+172+0+0+0+0+172;36+136
6;08;1500;039;106+1+84+84+0+0+0+0+84;31+53
6;08;1500;040;128+1+85+85+0+0+0+0+85;38+47
6;08;1500;041;234+1+132+132+0+0+0+0+132;36+96
6;08;1500;042;180+6+144+144+0+0+0+9+144;24+120
6;08;1500;043;571+0+276+276+0+1+1+18+275;104+171
6;08;1500;044;242+1+150+150+1+0+1+13+149;40+109
6;08;1500;045;441+0+242+242+0+0+0+0+242;68+174
6;08;1500;046;86+0+53+53+0+0+0+0+53;21+32
6;08;1500;047;119+2+93+93+0+0+0+0+93;54+39
6;08;1500;048;679+11+397+397+0+0+0+27+397;96+301
6;08;1500;049;403+1+257+257+1+0+1+7+256;44+212
6;08;1500;050;377+1+168+168+0+1+1+0+167;64+103
6;08;1500;051;154+3+120+120+0+0+0+0+120;24+96
6;08;1500;052;103+5+87+87+1+0+1+0+86;12+74
6;08;1500;053;159+4+119+119+0+2+2+6+117;32+85
6;08;1500;054;60+3+44+44+0+0+0+3+44;10+34
6;08;1500;055;169+3+111+111+1+0+1+0+110;33+77
6;08;1500;056;107+0+89+89+0+0+0+7+89;4+85
6;08;1500;057;297+3+180+180+0+2+2+2+178;24+154
6;08;1500;058;251+1+158+158+0+0+0+3+158;23+135
6;08;1500;059;180+1+118+118+1+0+1+3+117;31+86
6;08;1500;060;162+1+90+90+1+0+1+0+89;38+51
6;08;1500;061;472+4+282+282+0+0+0+0+282;73+209
6;08;1500;062;114+2+89+89+1+0+1+0+88;33+55
6;08;1500;063;807+0+444+444+1+0+1+26+443;118+325
6;08;1500;064;293+2+186+186+0+0+0+5+186;43+143
6;08;1500;065;660+2+300+300+1+1+2+12+298;121+177
6;08;1500;066;521+10+291+291+0+1+1+15+290;108+182
6;08;1500;067;46+1+32+32+0+0+0+0+32;19+13
6;08;1500;068;169+2+107+107+1+0+1+0+106;20+86
6;08;1500;069;432+0+156+156+0+1+1+5+155;48+107
6;08;1500;070;157+2+114+114+0+0+0+0+114;23+91
6;08;1500;071;282+5+200+200+0+0+0+7+200;31+169
6;08;1500;072;496+7+264+264+0+1+1+0+263;25+238
6;08;1700;001;668+1+382+382+1+0+1+16+381;192+189
6;08;1700;002;736+0+413+413+0+1+1+0+412;122+290
6;08;1700;003;649+0+212+212+1+1+2+10+210;81+129
6;08;1700;004;710+2+238+238+0+2+2+29+236;57+179
6;08;1700;005;740+4+404+404+1+0+1+22+403;185+218
6;08;1700;006;678+2+388+388+0+1+1+0+387;185+202
6;08;1700;007;742+2+375+375+0+0+0+10+375;163+212
6;08;1700;008;755+0+429+429+0+0+0+12+429;172+257
6;08;1700;009;565+0+301+301+0+1+1+5+300;113+187
6;08;1700;010;818+0+353+353+0+0+0+15+353;152+201
6;08;1700;012;389+6+237+237+1+1+2+10+235;38+197
6;08;1700;013;66+5+54+54+0+0+0+0+54;7+47
6;08;1700;014;115+6+80+80+0+0+0+0+80;32+48
6;08;1700;015;681+3+349+349+0+0+0+0+349;112+237
6;08;1700;016;675+2+386+386+0+0+0+0+386;113+273
6;08;1700;017;235+10+132+132+1+0+1+3+131;40+91
6;08;1700;018;244+4+164+164+0+0+0+7+164;42+122
6;08;1700;019;29+5+18+18+0+0+0+0+18;1+17
6;08;1700;020;89+4+68+68+1+0+1+3+67;21+46
6;08;1700;021;44+2+39+39+0+0+0+0+39;16+23
6;08;1700;022;98+7+62+62+0+0+0+5+62;13+49
6;08;1700;023;106+3+65+65+0+0+0+2+65;23+42
6;08;1700;024;61+2+43+43+0+0+0+4+43;10+33
6;08;1700;025;283+4+130+130+0+0+0+0+130;15+115
6;08;1700;026;161+2+74+74+0+0+0+0+74;35+39
6;08;1700;027;113+3+83+83+0+0+0+2+83;18+65
6;08;1700;028;401+4+215+215+0+0+0+3+215;54+161
6;08;1700;029;149+3+74+74+0+0+0+3+74;58+16
6;08;1700;030;30+5+16+16+0+0+0+0+16;3+13
6;08;1700;031;143+5+91+91+0+0+0+0+91;28+63
6;08;1700;032;109+2+81+81+0+0+0+0+81;25+56
6;08;1700;033;747+1+390+390+1+0+1+0+389;158+231
6;08;1700;034;636+1+217+217+0+0+0+14+217;77+140
6;08;1700;035;673+1+339+339+1+0+1+7+338;145+193
6;08;1700;036;713+0+344+344+0+0+0+11+344;135+209
6;08;2000;001;783+4+463+463+2+1+3+0+460;127+333
6;08;2000;002;436+2+171+171+0+0+0+4+171;44+127
6;08;2000;003;160+5+62+62+0+1+1+0+61;19+42
6;08;2000;004;222+3+96+96+0+0+0+6+96;26+70
6;08;2000;005;110+4+62+62+0+0+0+0+62;8+54
6;08;2000;006;507+4+243+243+4+0+4+0+239;80+159
6;08;2000;007;366+4+170+170+0+0+0+4+170;68+102
6;08;2000;008;165+5+121+121+0+0+0+0+121;29+92
6;08;2000;009;519+5+233+233+0+0+0+4+233;79+154
6;08;2000;010;168+5+70+70+0+1+1+3+69;19+50
6;08;2000;011;336+7+148+148+0+3+3+0+145;36+109
6;08;2000;012;321+3+143+143+0+0+0+0+143;45+98
6;08;2000;013;206+4+95+95+0+0+0+0+95;36+59
6;08;2000;014;145+3+93+93+0+0+0+5+93;34+59
6;08;2000;015;170+4+44+44+0+0+0+2+44;23+21
6;08;2000;016;71+4+50+50+0+0+0+0+50;15+35
6;08;2000;017;108+4+56+56+0+0+0+1+56;38+18
6;08;2700;001;926+1+547+547+1+1+2+14+545;128+417
6;08;2700;002;869+0+536+536+0+0+0+35+536;97+439
6;08;2700;003;706+0+439+439+0+2+2+0+437;98+339
6;08;2700;004;1031+0+379+379+4+0+4+0+375;75+300
6;08;2700;005;756+0+416+416+1+0+1+0+415;101+314
6;08;2700;006;733+3+448+448+1+0+1+23+447;78+369
6;08;2700;007;766+1+396+396+0+0+0+0+396;85+311
6;08;2700;009;136+6+71+71+0+0+0+0+71;20+51
6;08;2700;010;216+1+121+121+0+0+0+0+121;13+108
6;08;2700;011;938+3+419+419+0+3+3+0+416;129+287
6;08;2700;012;433+4+174+174+0+0+0+5+174;49+125
6;08;2700;013;84+5+52+52+0+0+0+0+52;21+31
6;08;2700;014;26+3+14+14+0+0+0+0+14;3+11
6;08;2700;015;132+3+91+91+0+1+1+0+90;29+61
6;08;2700;016;297+3+153+153+1+2+3+2+150;53+97
6;08;2700;017;39+3+32+32+0+0+0+0+32;7+25
6;08;2700;018;843+2+461+461+1+0+1+48+460;255+205
6;08;2700;019;529+3+257+257+0+0+0+0+257;185+72
6;08;2700;020;556+6+258+258+0+2+2+3+256;113+143
6;08;2700;021;471+5+284+284+0+2+2+17+282;101+181
6;08;2700;022;216+5+169+169+0+0+0+0+169;40+129
6;08;2700;023;617+3+352+352+1+1+2+0+350;76+274
6;08;2700;024;353+4+247+247+2+0+2+21+245;36+209
6;08;2700;025;58+6+40+40+0+0+0+0+40;2+38
6;08;2700;026;607+4+376+376+0+0+0+7+376;91+285
6;08;2700;027;43+4+42+42+1+0+1+1+41;6+35
6;08;2700;028;777+3+407+407+0+1+1+24+406;316+90
6;08;2700;029;525+4+276+276+0+1+1+10+275;139+136
6;08;2700;030;149+5+91+91+1+0+1+0+90;33+57
6;08;2700;031;522+5+206+206+0+0+0+0+206;42+164
6;08;2700;032;209+3+116+116+0+0+0+3+116;14+102
6;08;2700;033;389+5+223+223+0+1+1+0+222;64+158
6;08;2800;001;729+0+348+348+0+0+0+0+348;130+218
6;08;2800;002;680+0+365+365+0+0+0+13+365;136+229
6;08;2800;003;613+0+315+315+0+0+0+11+315;111+204
6;08;2800;004;741+0+373+373+0+0+0+0+373;180+193
6;08;2800;005;733+3+396+396+1+0+1+7+395;153+242
6;08;2800;006;721+1+389+389+0+1+1+9+388;161+227
6;08;2800;007;805+2+461+461+0+0+0+11+461;228+233
6;08;2800;008;697+1+421+421+0+0+0+5+421;166+255
6;08;2800;009;771+0+478+478+0+0+0+0+478;252+226
6;08;2800;010;682+3+415+415+1+1+2+0+413;214+199
6;08;2800;011;677+0+397+397+0+0+0+4+397;187+210
6;08;2800;012;656+2+362+362+0+0+0+16+362;142+220
6;08;2800;013;658+0+391+391+1+0+1+9+390;171+219
6;08;2800;014;787+0+456+456+2+0+2+8+454;261+193
6;08;2800;015;724+0+440+440+1+0+1+6+439;212+227
6;08;2800;016;940+0+579+579+0+1+1+22+581;314+267
6;08;2800;017;665+0+396+396+0+0+0+7+396;220+176
6;08;2800;018;868+0+501+501+0+0+0+16+501;246+255
6;08;2800;019;689+0+409+409+0+0+0+22+409;202+207
6;08;2800;020;709+0+422+422+1+0+1+10+421;213+208
6;08;2800;021;752+0+460+460+0+0+0+14+460;278+182
6;08;2800;022;562+3+358+358+0+0+0+0+358;197+161
6;08;2800;023;474+0+288+288+0+1+1+0+287;144+143
6;08;2800;024;751+2+468+468+0+0+0+18+468;274+194
6;08;2800;025;720+8+472+472+0+0+0+0+472;230+242
6;08;2800;026;745+0+445+445+0+0+0+14+445;200+245
6;08;2800;027;803+0+428+428+0+0+0+0+428;226+202
6;08;2800;028;666+2+422+422+0+1+1+5+421;266+155
6;08;2800;029;751+1+468+468+0+0+0+8+468;215+253
6;08;2800;030;533+1+283+283+1+0+1+10+282;93+189
6;08;2800;031;441+0+214+214+1+0+1+5+213;91+122
6;08;2800;032;520+0+281+281+0+0+0+7+281;103+178
6;08;2800;033;559+4+324+324+1+1+2+9+322;129+193
6;08;2800;034;744+4+387+387+1+0+1+9+386;159+227
6;08;2800;035;717+5+397+397+1+0+1+5+396;184+212
6;08;2800;036;683+0+369+369+0+1+1+7+368;170+198
6;08;2800;037;726+0+404+404+0+0+0+10+404;182+222
6;08;2800;038;662+0+330+330+0+0+0+6+330;128+202
6;08;2800;039;872+1+464+464+2+0+2+0+462;214+248
6;08;2800;040;720+4+300+300+0+0+0+9+300;108+192
6;08;2800;041;541+0+205+205+0+1+1+0+204;87+117
6;08;2800;042;623+0+372+372+1+1+2+17+370;191+179
6;08;2800;043;703+0+460+460+0+1+1+0+459;209+250
6;08;2800;044;695+0+307+307+1+0+1+5+306;142+164
6;08;2800;045;630+1+359+359+1+0+1+13+358;144+214
6;08;2800;046;900+0+431+431+0+0+0+16+431;190+241
6;08;2800;047;1059+0+583+583+1+0+1+3+582;298+284
6;08;2800;048;740+0+433+433+1+1+2+12+431;203+228
6;08;2800;049;1105+1+631+631+2+0+2+19+629;329+300
6;08;2800;050;742+0+291+291+0+0+0+5+291;142+149
6;08;2800;051;612+0+226+226+0+2+2+11+224;106+118
6;08;2800;052;501+0+291+291+0+0+0+8+291;139+152
6;08;2800;053;792+0+423+423+1+0+1+0+422;188+234
6;08;2800;054;711+1+372+372+1+0+1+10+371;195+176
6;08;2800;055;626+0+295+295+0+0+0+4+295;115+180
6;08;2800;056;518+0+234+234+0+0+0+10+234;82+152
6;08;2800;057;687+1+327+327+0+0+0+5+327;125+202
6;08;2800;058;586+0+289+289+0+1+1+5+288;118+170
6;08;2800;059;717+0+359+359+0+0+0+15+359;188+171
6;08;2800;060;363+0+202+202+0+0+0+4+202;95+107
6;08;2800;061;697+5+364+364+1+0+1+0+363;151+212
6;08;2800;062;616+0+349+349+1+0+1+4+348;155+193
6;08;2800;063;725+0+383+383+1+0+1+1+382;182+200
6;08;2800;064;846+1+473+473+0+0+0+0+473;244+229
6;08;2800;065;677+0+347+347+0+0+0+0+347;146+201
6;08;2800;066;698+0+389+389+0+1+1+0+388;156+232
6;08;2800;067;600+0+334+334+0+0+0+9+334;148+186
6;08;2800;068;759+3+372+372+0+0+0+0+372;157+215
6;08;2800;069;793+0+403+403+0+0+0+0+403;172+231
6;08;2800;070;819+9+407+407+0+0+0+17+407;162+245
6;08;2800;071;761+0+406+406+0+0+0+4+406;153+253
6;08;2800;072;830+0+467+467+0+0+0+11+467;201+266
6;08;2800;073;793+1+392+392+0+0+0+0+392;158+234
6;08;2800;074;813+0+418+418+0+0+0+3+418;153+265
6;08;2800;075;813+0+415+415+1+0+1+11+414;153+261
6;08;2800;076;719+0+357+357+2+0+2+0+355;137+218
6;08;2800;077;667+0+329+329+0+0+0+12+329;134+195
6;08;2800;078;379+5+169+169+0+0+0+0+169;77+92
6;08;2800;079;731+0+407+407+0+0+0+0+407;168+239
6;08;2800;080;679+2+168+168+0+1+1+2+167;55+112
6;08;2800;081;715+0+210+210+0+0+0+14+210;89+121
6;08;2800;082;718+0+331+331+0+0+0+6+331;139+192
6;08;2800;083;763+0+271+271+2+2+4+11+267;95+172
6;08;2800;084;732+0+249+249+0+0+0+3+249;92+157
6;08;2800;085;696+0+300+300+0+3+3+15+297;106+191
6;08;2800;086;710+0+217+217+1+1+2+19+215;77+138
6;08;2800;087;679+0+230+230+1+3+4+17+226;118+108
6;08;2800;088;763+0+330+330+0+0+0+0+330;130+200
6;08;2800;089;655+0+282+282+1+0+1+4+281;119+162
6;08;2800;090;747+1+366+366+0+0+0+13+366;154+212
6;08;2800;091;662+0+358+358+0+0+0+6+358;140+218
6;08;2800;092;556+0+258+258+0+0+0+0+258;107+151
6;08;2800;093;620+1+330+330+0+0+0+0+330;141+189
6;08;2800;094;754+0+403+403+0+0+0+17+403;167+236
6;08;2800;095;647+0+321+321+0+0+0+6+321;112+209
6;08;2800;096;742+0+353+353+1+0+1+12+352;159+193
6;08;2800;097;710+0+325+325+0+1+1+7+324;138+186
6;08;2800;098;693+1+338+338+0+0+0+7+338;121+217
6;08;2800;099;732+0+353+353+1+0+1+11+352;129+223
6;08;2800;100;782+0+394+394+0+0+0+9+394;155+239
6;08;2800;101;674+1+341+341+1+0+1+13+340;124+216
6;08;2800;102;714+1+323+323+0+0+0+0+323;104+219
6;08;2800;103;658+3+304+304+0+0+0+10+304;116+188
6;08;2800;104;316+0+96+96+0+0+0+6+96;36+60
6;08;2800;105;296+0+120+120+0+1+1+5+119;42+77
6;08;2800;106;335+2+99+99+0+0+0+0+99;44+55
6;08;2800;107;222+0+58+58+0+0+0+0+58;15+43
6;08;2800;108;92+0+30+30+0+0+0+0+30;18+12
6;08;2800;109;694+1+400+400+0+1+1+5+399;103+296
6;08;2800;110;647+0+330+330+1+0+1+0+329;122+207
6;08;2800;111;94+0+57+57+0+0+0+0+57;16+41
6;08;2800;112;680+5+324+324+1+0+1+3+323;126+197
6;08;2800;113;628+0+313+313+1+0+1+11+312;136+176
6;08;2800;114;392+0+190+190+0+0+0+4+190;68+122
6;08;2800;115;512+0+213+213+0+0+0+13+213;85+128
6;08;2800;116;481+0+220+220+0+1+1+7+219;110+109
6;08;2800;117;665+0+255+255+0+0+0+4+255;93+162
6;08;2800;118;584+0+239+239+0+0+0+11+239;92+147
6;08;2800;119;438+0+186+186+0+0+0+0+186;80+106
6;08;2800;120;630+0+247+247+0+0+0+11+247;93+154
6;08;2800;121;597+0+302+302+0+0+0+5+302;109+193
6;08;2800;122;572+2+260+260+0+0+0+3+260;94+166
6;08;2800;123;737+0+356+356+0+1+1+0+355;176+179
6;08;2800;124;624+0+268+268+0+0+0+0+268;109+159
6;08;2800;125;760+3+372+372+0+1+1+3+371;160+211
6;08;2800;126;494+0+229+229+0+0+0+0+229;88+141
6;08;2800;127;763+0+378+378+0+0+0+10+378;174+204
6;08;2800;128;623+0+252+252+0+0+0+5+252;104+148
6;08;2800;129;733+0+292+292+0+1+1+4+291;120+171
6;08;2800;130;716+0+239+239+0+0+0+0+239;99+140
6;08;2800;131;488+0+186+186+0+2+2+7+184;71+113
6;08;2800;132;518+0+207+207+0+1+1+7+206;68+138
6;08;2800;133;623+0+178+178+0+0+0+0+178;61+117
6;08;2800;134;548+0+187+187+0+0+0+12+187;83+104
6;08;2800;135;531+3+161+161+2+5+7+0+154;52+102
6;08;2800;136;684+0+207+207+0+7+7+11+200;70+130
6;08;2800;137;176+0+90+90+0+1+1+6+89;33+56
6;08;2800;138;44+0+44+44+0+0+0+1+44;26+18
6;08;2900;001;963+0+589+589+0+3+3+25+586;209+377
6;08;2900;002;841+4+507+507+0+2+2+16+505;132+373
6;08;2900;003;873+1+415+415+0+1+1+27+414;121+293
6;08;2900;004;994+3+482+482+1+1+2+15+480;148+332
6;08;2900;005;31+8+34+34+0+0+0+1+34;12+22
6;08;2900;006;210+2+144+144+0+1+1+0+143;26+117
6;08;2900;007;136+4+98+98+0+0+0+9+98;25+73
6;08;2900;008;134+4+70+70+0+1+1+0+69;23+46
6;08;2900;009;189+0+143+143+0+0+0+0+143;38+105
6;08;2900;010;500+1+312+312+0+0+0+0+312;64+248
6;08;2900;011;131+4+94+94+0+0+0+2+94;41+53
6;08;2900;012;132+0+89+89+0+0+0+0+89;36+53
6;08;2900;013;292+3+187+187+0+0+0+7+187;46+141
6;08;2900;014;82+5+63+63+0+0+0+0+63;23+40
6;08;2900;015;102+3+69+69+0+0+0+0+69;9+60
6;08;2900;016;76+4+57+57+1+0+1+7+56;17+39
6;08;2900;017;93+4+55+55+0+0+0+0+55;8+47
[END]

[AGGR]
08;6;   ;2+403+403+186990+800+97458+97458+102+120+222+2166+97239;35475+61764
[END]
