[INFO]
09;К║░джали;301
[END]

[IZB]
09;6;   ;;18.11.2001;2;2;427
[END]

[NM]
0902;002;г░. А░дино;00607;00
0902;004;▒. А╡░┐н▒ко;00864;00
0902;006;▒. Ба╕ево;02991;00
0902;008;▒. Би▒▓░оглед;04248;00
0902;009;▒. Бога▓ино;07925;00
0902;010;▒. Бо░ови╢а;80176;00
0902;011;▒. Б░езен;77116;00
0902;012;▒. Б┐л изво░;07747;00
0902;013;▒. Главник;18544;00
0902;015;▒. Голоб░ад;15607;00
0902;016;▒. Го░но П░а╡ово;16910;00
0902;018;▒. Г║░би╣е;18321;00
0902;021;▒. Диамандово;20924;00
0902;023;▒. Долно П░а╡ово;22784;00
0902;024;▒. Д┐дов╢и;24788;00
0902;025;▒. Ен╝ов╖е;27543;00
0902;027;▒. Ж║л▓│╕а;29605;00
0902;029;▒. Ки▓ни╢а;37085;00
0902;032;▒. К░о┐╖ево;39952;00
0902;035;▒. Ла▓инка;43164;00
0902;038;▒. Лени╣е;43270;00
0902;039;▒. Л╛бино;44584;00
0902;043;▒. Мле╖ино;48756;00
0902;045;▒. Падина;55124;00
0902;049;▒. П░авдол╛б;58013;00
0902;052;▒. Р│▒ал▒ко;63402;00
0902;054;▒. Све▓│лка;65646;00
0902;055;▒. Седла░╢и;70771;00
0902;056;▒. Син╖е╢;66562;00
0902;058;▒. С░║н▒ко;68597;00
0902;060;▒. С▓о┐ново;69518;00
0902;061;▒. С│╡ово;70319;00
0902;062;▒. Темен│га;47809;00
0902;064;▒. Т║░но▒ливка;73732;00
0902;065;▒. Х░оми╢а;77487;00
0902;067;▒. Че░нигово;80964;00
0902;068;▒. Ч│б░ика;81596;00
0902;069;▒. Яб║лкове╢;87059;00
0908;005;▒. Великден╖е;10389;00
0908;006;▒. Водени╖а░▒ко;11689;00
0908;007;▒. В║лкови╖;12468;00
0908;008;▒. Гене░ал Ге╕ево;14647;00
0908;009;г░. Джебел;20746;00
0908;010;▒. Доб░ин╢и;21525;00
0908;012;▒. Д│╕инково;24195;00
0908;014;▒. Жел║дово;29180;00
0908;016;▒. Ж║л▓ика;29619;00
0908;019;▒. Каза╢и▓е;35184;00
0908;021;▒. Кози╢а;37736;00
0908;023;▒. Кон▓ил;38371;00
0908;024;▒. К│п╢и▓е;40676;00
0908;026;▒. Лебед;43178;00
0908;027;▒. Ми╕ев▒ко;48622;00
0908;029;▒. М░ежи╖ко;49268;00
0908;035;▒. Пап░а▓;55436;00
0908;036;▒. Плази╣е;56589;00
0908;040;▒. Пол┐не╢;57412;00
0908;042;▒. По▓о╖е;57947;00
0908;044;▒. П░ипек;58387;00
0908;045;▒. Ридино;62654;00
0908;048;▒. Рогоз╖е;62846;00
0908;052;▒. Сл║н╖оглед;67502;00
0908;053;▒. Со┤ий╢и;68120;00
0908;054;▒. Тел╖а░ка;72211;00
0908;055;▒. Т║░нов╢и;73715;00
0908;056;▒. У▒▓░ен;75201;00
0908;058;▒. Ц║░кви╢а;78642;00
0908;059;▒. Чакал╢и;80128;00
0908;060;▒. Че░е╕ка;81935;00
0908;061;▒. Ще░на;84019;00
0908;062;▒. Ямино;87388;00
0908;063;▒. Т╛▓╛н╖е;73804;00
0914;001;▒. Ап░ил╢и;00905;00
0914;002;▒. Бенков▒ки;03825;00
0914;009;▒. В║л╖анка;13055;00
0914;010;▒. В║░бен;00120;00
0914;012;▒. Го░но Ки░ково;18558;00
0914;014;▒. Го░но К║пиново;16821;00
0914;015;▒. Го░▒ки изво░;17138;00
0914;016;▒. Г░ив┐к;17871;00
0914;018;▒. Делвино;20554;00
0914;022;▒. Дже░ово;20777;00
0914;025;▒. Доб░оми░╢и;21631;00
0914;029;▒. Долно К║пиново;22678;00
0914;030;▒. Доми╣е;22928;00
0914;032;▒. Д░ангово;23577;00
0914;033;▒. Д░│жин╢и;23803;00
0914;034;▒. Д╛ли╢а;24743;00
0914;036;▒. Заво┐;30106;00
0914;037;▒. Заго░▒ки;30140;00
0914;038;▒. Зд░ав╖е╢;30675;00
0914;039;▒. Ка┐лоба;36748;00
0914;040;▒. Ки░ково;36926;00
0914;042;▒. Ки▓на;37071;00
0914;047;▒. К░ан;39445;00
0914;048;▒. К░емен;41174;00
0914;051;▒. К░ила▓и╢а;39877;00
0914;052;▒. К│к│░┐к;40511;00
0914;053;▒. К║░╖ов▒ко;40988;00
0914;055;▒. Лозенг░ад╢и;44080;00
0914;056;▒. Малко╖;46680;00
0914;057;▒. Медев╢и;47531;00
0914;060;▒. Ме▓ли╖ка;47891;00
0914;061;▒. Могил┐не;48845;00
0914;062;▒. М║глене;49480;00
0914;064;▒. О░ли╢а;53878;00
0914;065;▒. О▒▓░ове╢;54393;00
0914;067;▒. Пловка;56808;00
0914;071;▒. Подкова;57039;00
0914;072;▒. П░е▒ека;58178;00
0914;075;▒. П║░ви╢а;59063;00
0914;076;▒. Ра▒▓ник;62236;00
0914;077;▒. Самодива;65214;00
0914;079;▒. Самоки▓ка;65228;00
0914;083;▒. С░ед▒ко;68577;00
0914;084;▒. С▓а░ей╕ино;68895;00
0914;085;▒. С▓а░ово;68953;00
0914;086;▒. С▓оман╢и;69482;00
0914;087;▒. С▓░ижба;69866;00
0914;088;▒. Ти╡оми░;72463;00
0914;089;▒. Фо▓иново;76159;00
0914;090;▒. Хаджий▒ко;77092;00
0914;093;▒. Чакала░ово;80090;00
0914;094;▒. Чи╖ево;81493;00
0914;095;▒. Чо░баджий▒ко;81565;00
0914;098;▒. Шоп╢и;83449;00
0914;099;▒. Ш│мна▓и╢а;83538;00
0914;100;▒. Якови╢а;87309;00
0915;001;▒. Ав░ен;00093;00
0915;002;▒. Баг░ил╢и;02141;00
0915;003;▒. Ба░а╢и;02751;00
0915;004;▒. Благ│н;04306;00
0915;006;▒. Б░┐гове╢;06728;00
0915;007;▒. Б│к;06906;00
0915;008;▒. В░ан▒ко;12190;00
0915;009;▒. Гол┐ма Чинка;15713;00
0915;010;▒. Гол┐м Деве▒ил;15727;00
0915;011;▒. Гол┐мо Камен┐не;15878;00
0915;012;▒. Го░на К│ла;16287;00
0915;013;▒. Го░ни Ю░│╢и;16660;00
0915;014;▒. Г░ивка;17868;00
0915;015;▒. Г│лийка;18071;00
0915;016;▒. Г│ли┐;18085;00
0915;017;▒. Деве▒или╢а;20393;00
0915;018;▒. Деве▒илово;20403;00
0915;019;▒. Джанка;20732;00
0915;021;▒. Долна К│ла;22157;00
0915;023;▒. Д║ждовник;24459;00
0915;024;▒. Ег░ек;27036;00
0915;026;▒. Зв║на░ка;30538;00
0915;028;▒. Зла▓оли▒▓;31142;00
0915;031;▒. Кандилка;36021;00
0915;033;▒. Ковил;37558;00
0915;035;▒. Ко▓ла░и;39058;00
0915;036;▒. К░а▒ино;39565;00
0915;037;г░. К░│мовг░ад;39970;00
0915;038;▒. К║кли╢а;40823;00
0915;039;▒. Ле╣а░ка;43596;00
0915;040;▒. Лиме╢;43726;00
0915;041;▒. Л│ли╖ка;44344;00
0915;042;▒. Малка Чинка;46471;00
0915;043;▒. Малко Камен┐не;46601;00
0915;044;▒. Мал║к Деве▒ил;46872;00
0915;045;▒. Ме▓лика;47860;00
0915;046;▒. Мо░┐н╢и;49103;00
0915;047;▒. Ов╖а░и;53206;00
0915;049;▒. Падало;55097;00
0915;050;▒. Па╕ин╢и;55614;00
0915;051;▒. Пелин;55751;00
0915;052;▒. Пе░│ника;55899;00
0915;053;▒. Под░│м╖е;57062;00
0915;054;▒. Полковник Жел┐зово;57248;00
0915;056;▒. По▓о╖ни╢а;57950;00
0915;058;▒. Рибино;62617;00
0915;059;▒. Рога╖;62774;00
0915;061;▒. Самовила;65190;00
0915;063;▒. Синиге░;66545;00
0915;065;▒. Скалак;66716;00
0915;067;▒. Слива░ка;67297;00
0915;068;▒. С▓а░и ╖ал;68936;00
0915;069;▒. С▓░анджево;69688;00
0915;070;▒. С▓│ден кладене╢;70104;00
0915;071;▒. С║░нак;70559;00
0915;072;▒. Тин▓┐ва;72429;00
0915;073;▒. Тока╖ка;72610;00
0915;074;▒. Тополка;72730;00
0915;076;▒. Х░а▒▓ово;77428;00
0915;077;▒. Чал;80145;00
0915;078;▒. Че░ни╖ево;81027;00
0915;079;▒. Че░нооки;81205;00
0916;004;▒. Ба╣ино;03006;00
0916;005;▒. Бели пла▒▓;03499;00
0916;007;▒. Бленика;04409;00
0916;008;▒. Бойно;05205;00
0916;010;▒. Бол┐░╢и;05325;00
0916;014;▒. Б┐ла пол┐на;07658;00
0916;019;▒. Вели╕ане;10358;00
0916;022;▒. Ви▒ока пол┐на;11243;00
0916;031;▒. Волова░╢и;12053;00
0916;036;▒. Гл│╡а░;15216;00
0916;040;▒. Гол┐ма ба░а;15641;00
0916;041;▒. Го░на к░епо▒▓;16267;00
0916;055;▒. Д║ждовни╢а;24462;00
0916;059;▒. Ен╖е╢;27512;00
0916;062;▒. Жинзи┤ово;29407;00
0916;067;▒. Звезделина;30466;00
0916;068;▒. Звезден;30475;00
0916;070;▒. Звини╢а;30524;00
0916;071;▒. Зелениково;30747;00
0916;080;▒. Калинка;35403;00
0916;084;▒. Кало┐н╢и;35540;00
0916;085;▒. Кобил┐не;37438;00
0916;087;▒. Коки╖е;37928;00
0916;092;▒. Конево;38282;00
0916;093;▒. Ко▒▓ино;38981;00
0916;094;▒. К░айно ▒ело;39342;00
0916;098;▒. К░ин;39894;00
0916;105;г░. К║░джали;40909;00
0916;108;▒. К╝о▒ево;41085;00
0916;113;▒. Л╛л┐ково;44700;00
0916;116;▒. Македон╢и;46214;00
0916;119;▒. Миладиново;48074;00
0916;121;▒. Мо▒▓;49120;00
0916;122;▒. М│░гово;49343;00
0916;123;▒. М║д░е╢;49521;00
0916;125;▒. Ненково;51442;00
0916;126;▒. Оп║л╖ен▒ко;53638;00
0916;127;▒. О░е╕ни╢а;53816;00
0916;128;▒. О▒▓░ови╢а;54403;00
0916;133;▒. Пе░пе░ек;55885;00
0916;134;▒. Пе▓лино;56054;00
0916;135;▒. Пове▓;56928;00
0916;136;▒. П░илеп╢и;58342;00
0916;138;▒. П║да░╢и;58997;00
0916;139;▒. Рани ли▒▓;62195;00
0916;141;▒. Резба░╢и;62445;00
0916;142;▒. Р│дина;63170;00
0916;146;▒. Седловина;65975;00
0916;148;▒. Сипей;66603;00
0916;149;▒. Скали╣е;66740;00
0916;150;▒. Скална глава;66754;00
0916;155;▒. Сокол┐не;67982;00
0916;156;▒. Соли╣е;68014;00
0916;162;▒. С▓░ем╢и;69852;00
0916;165;▒. Т░и могили;73136;00
0916;167;▒. Ца░еве╢;78149;00
0916;169;▒. Че░е╕и╢а;80594;00
0916;172;▒. Чилик;81362;00
0916;173;▒. Чи┤лик;81462;00
0916;174;▒. Ши░око поле;83315;00
0916;176;▒. Я▒▓░еб;87672;00
0921;001;▒. А│▒▓а;00828;00
0921;002;▒. Баг░┐нка;02155;00
0921;003;▒. Балабаново;02292;00
0921;004;▒. Бивол┐не;04008;00
0921;005;▒. В░ело;12293;00
0921;006;▒. В║░╡а░и;86030;00
0921;007;▒. Го░▒ко Д╛лево;17186;00
0921;008;▒. Г░│ево;17988;00
0921;009;▒. Г│░г│ли╢а;18126;00
0921;010;▒. Девин╢и;;00
0921;012;▒. Джелеп▒ко;20755;00
0921;013;▒. Д░│м╖е;23830;00
0921;014;▒. Заго░▒ко;30154;00
0921;015;▒. Звездел;30452;00
0921;016;▒. Камене╢;03258;00
0921;017;▒. Ка░ам┤ил;36350;00
0921;018;▒. Кон╖е;38409;00
0921;021;▒. Ко▒;38697;00
0921;022;▒. К░емене╢;80131;00
0921;023;▒. Лале;43102;00
0921;025;▒. Ле▓овник;43493;00
0921;027;г░. Мом╖илг░ад;48996;00
0921;028;▒. Нанови╢а;51097;00
0921;029;▒. Нео┤и▓ Бозвелиево;51473;00
0921;031;▒. Паза░╢и;55169;00
0921;032;▒. Пи┐ве╢;56575;00
0921;033;▒. Пле╕ин╢и;56767;00
0921;035;▒. По▒▓ник;57892;00
0921;036;▒. П░ог░е▒;59361;00
0921;037;▒. П▓и╖а░;58757;00
0921;038;▒. Равен;61063;00
0921;040;▒. Рали╢а;62147;00
0921;041;▒. Садови╢а;65098;00
0921;043;▒. Седе┤╖е;65944;00
0921;046;▒. Седла░и;65961;00
0921;047;▒. Сен╢е;70785;00
0921;049;▒. Синдел╢и;66500;00
0921;053;▒. Соколино;67882;00
0921;054;▒. Та▓│л;72134;00
0921;055;▒. Чайка;80087;00
0921;056;▒. Чобанка;81517;00
0921;058;▒. Ч│ково;81734;00
0935;001;▒. Бакали▓е;02261;00
0935;004;▒. Безводно;03188;00
0935;006;▒. Бели ви░;03410;00
0935;016;▒. Бож│░╢и;05089;00
0935;023;▒. Вода╖;11613;00
0935;028;▒. Габ░ово;14221;00
0935;030;▒. Да▒калово;20167;00
0935;031;▒. Д░аганово;23114;00
0935;036;▒. Д┐дов▒ко;24774;00
0935;037;▒. Железник;29132;00
0935;038;▒. Женда;29252;00
0935;039;▒. Жи▓ни╢а;29461;00
0935;040;▒. Йон╖ево;34117;00
0935;043;▒. Кан┐к;36066;00
0935;047;▒. Ком│нига;38176;00
0935;048;м. Копи▓ник;38491;00
0935;051;▒. Л┐▒ково;44820;00
0935;052;▒. Минз│╡а░;48307;00
0935;055;▒. Нови паза░;51994;00
0935;057;▒. Но╖ево;52372;00
0935;058;▒. Пани╖ково;55395;00
0935;059;▒. Па▓и╢а;55568;00
0935;060;▒. Пе▓елово;55960;00
0935;061;м. П░┐по░е╢;58731;00
0935;062;▒. П╖ела░ово;58829;00
0935;064;▒. Свободиново;65841;00
0935;068;▒. С▓░ажни╢а;69657;00
0935;069;▒. Че░на нива;80830;00
0935;072;▒. Яво░ово;87165;00
[END]

[SEC]
09;0200;001;6;002
09;0200;002;6;002
09;0200;003;6;002
09;0200;004;6;002
09;0200;006;6;004
09;0200;007;6;006
09;0200;008;6;009
09;0200;009;6;010
09;0200;010;6;011
09;0200;011;6;012
09;0200;012;6;015
09;0200;013;6;016
09;0200;014;6;016
09;0200;015;6;018
09;0200;016;6;021
09;0200;017;6;023
09;0200;018;6;067
09;0200;019;6;024
09;0200;020;6;025
09;0200;021;6;027
09;0200;022;6;029
09;0200;023;6;032
09;0200;024;6;035
09;0200;025;6;038
09;0200;026;6;039
09;0200;027;6;008
09;0200;028;6;043
09;0200;029;6;045
09;0200;030;6;049
09;0200;031;6;052
09;0200;032;6;054
09;0200;033;6;055
09;0200;034;6;056
09;0200;035;6;058
09;0200;036;6;060
09;0200;037;6;061
09;0200;038;6;062
09;0200;039;6;064
09;0200;040;6;065
09;0200;041;6;068
09;0200;042;6;069
09;0200;043;6;013
09;0200;044;6;012
09;0800;001;6;009
09;0800;002;6;009
09;0800;003;6;009
09;0800;004;6;009
09;0800;005;6;009
09;0800;006;6;054
09;0800;007;6;019
09;0800;008;6;059
09;0800;009;6;052
09;0800;010;6;036
09;0800;011;6;053
09;0800;012;6;042
09;0800;013;6;006
09;0800;014;6;048
09;0800;015;6;029
09;0800;016;6;005
09;0800;017;6;040
09;0800;018;6;012
09;0800;019;6;045
09;0800;020;6;021
09;0800;021;6;056
09;0800;022;6;062
09;0800;023;6;027
09;0800;024;6;024
09;0800;025;6;058
09;0800;026;6;055
09;0800;027;6;061
09;0800;028;6;016
09;0800;029;6;023
09;0800;030;6;044
09;0800;031;6;026
09;0800;032;6;008
09;0800;033;6;014
09;0800;034;6;010
09;0800;035;6;007
09;0800;036;6;060
09;0800;037;6;035
09;0800;038;6;063
09;1400;001;6;040
09;1400;002;6;012
09;1400;003;6;099
09;1400;004;6;001
09;1400;005;6;055
09;1400;006;6;036
09;1400;007;6;033
09;1400;008;6;083
09;1400;009;6;051
09;1400;010;6;030
09;1400;011;6;093
09;1400;012;6;093
09;1400;013;6;048
09;1400;014;6;022
09;1400;015;6;100
09;1400;016;6;029
09;1400;017;6;014
09;1400;018;6;002
09;1400;019;6;002
09;1400;020;6;002
09;1400;021;6;042
09;1400;022;6;061
09;1400;023;6;076
09;1400;024;6;057
09;1400;025;6;094
09;1400;026;6;062
09;1400;027;6;037
09;1400;028;6;002
09;1400;029;6;025
09;1400;030;6;038
09;1400;031;6;072
09;1400;032;6;039
09;1400;033;6;015
09;1400;034;6;032
09;1400;035;6;032
09;1400;036;6;086
09;1400;037;6;085
09;1400;038;6;077
09;1400;039;6;053
09;1400;040;6;090
09;1400;041;6;089
09;1400;042;6;089
09;1400;043;6;010
09;1400;044;6;034
09;1400;045;6;098
09;1400;046;6;075
09;1400;047;6;065
09;1400;048;6;071
09;1400;049;6;084
09;1400;050;6;060
09;1400;051;6;056
09;1400;052;6;079
09;1400;053;6;067
09;1400;054;6;016
09;1400;055;6;018
09;1400;056;6;095
09;1400;057;6;095
09;1400;058;6;095
09;1400;059;6;009
09;1400;060;6;095
09;1400;061;6;064
09;1400;062;6;087
09;1400;063;6;052
09;1400;064;6;047
09;1400;065;6;088
09;1400;066;6;088
09;1500;001;6;037
09;1500;002;6;037
09;1500;003;6;037
09;1500;004;6;037
09;1500;005;6;037
09;1500;006;6;037
09;1500;007;6;026
09;1500;008;6;071
09;1500;009;6;012
09;1500;010;6;028
09;1500;011;6;008
09;1500;012;6;047
09;1500;013;6;065
09;1500;014;6;054
09;1500;015;6;033
09;1500;016;6;003
09;1500;017;6;019
09;1500;018;6;021
09;1500;019;6;021
09;1500;020;6;041
09;1500;021;6;073
09;1500;022;6;050
09;1500;023;6;039
09;1500;024;6;074
09;1500;025;6;014
09;1500;026;6;007
09;1500;027;6;009
09;1500;028;6;042
09;1500;029;6;045
09;1500;030;6;031
09;1500;031;6;058
09;1500;032;6;061
09;1500;033;6;015
09;1500;034;6;051
09;1500;035;6;067
09;1500;036;6;059
09;1500;037;6;023
09;1500;038;6;002
09;1500;039;6;079
09;1500;040;6;077
09;1500;041;6;052
09;1500;042;6;053
09;1500;043;6;069
09;1500;044;6;006
09;1500;045;6;035
09;1500;046;6;049
09;1500;047;6;056
09;1500;048;6;070
09;1500;049;6;046
09;1500;050;6;036
09;1500;051;6;068
09;1500;052;6;011
09;1500;053;6;016
09;1500;054;6;043
09;1500;055;6;038
09;1500;056;6;076
09;1500;057;6;001
09;1500;058;6;018
09;1500;059;6;044
09;1500;060;6;010
09;1500;061;6;017
09;1500;062;6;040
09;1500;063;6;024
09;1500;064;6;078
09;1500;065;6;063
09;1500;066;6;004
09;1500;067;6;072
09;1500;068;6;013
09;1500;069;6;026
09;1600;001;6;105
09;1600;002;6;105
09;1600;003;6;105
09;1600;004;6;105
09;1600;005;6;105
09;1600;006;6;105
09;1600;007;6;105
09;1600;008;6;105
09;1600;009;6;105
09;1600;010;6;105
09;1600;011;6;105
09;1600;012;6;105
09;1600;013;6;105
09;1600;014;6;105
09;1600;015;6;105
09;1600;016;6;105
09;1600;017;6;105
09;1600;018;6;105
09;1600;019;6;105
09;1600;020;6;105
09;1600;021;6;105
09;1600;022;6;105
09;1600;023;6;105
09;1600;024;6;105
09;1600;025;6;105
09;1600;026;6;105
09;1600;027;6;105
09;1600;028;6;105
09;1600;029;6;105
09;1600;030;6;105
09;1600;031;6;105
09;1600;032;6;105
09;1600;033;6;105
09;1600;034;6;105
09;1600;035;6;105
09;1600;036;6;105
09;1600;037;6;105
09;1600;038;6;105
09;1600;039;6;105
09;1600;040;6;105
09;1600;041;6;105
09;1600;042;6;105
09;1600;043;6;105
09;1600;044;6;105
09;1600;045;6;105
09;1600;046;6;105
09;1600;047;6;105
09;1600;048;6;105
09;1600;049;6;105
09;1600;050;6;105
09;1600;051;6;105
09;1600;052;6;105
09;1600;053;6;105
09;1600;054;6;105
09;1600;055;6;105
09;1600;056;6;105
09;1600;057;6;105
09;1600;058;6;105
09;1600;059;6;105
09;1600;060;6;105
09;1600;061;6;105
09;1600;062;6;105
09;1600;063;6;136
09;1600;064;6;141
09;1600;065;6;134
09;1600;066;6;126
09;1600;067;6;126
09;1600;068;6;128
09;1600;069;6;036
09;1600;070;6;116
09;1600;071;6;031
09;1600;072;6;146
09;1600;073;6;148
09;1600;074;6;135
09;1600;075;6;135
09;1600;076;6;156
09;1600;077;6;139
09;1600;078;6;010
09;1600;079;6;094
09;1600;080;6;059
09;1600;081;6;172
09;1600;082;6;080
09;1600;083;6;167
09;1600;084;6;093
09;1600;085;6;040
09;1600;086;6;150
09;1600;087;6;125
09;1600;088;6;055
09;1600;089;6;007
09;1600;090;6;162
09;1600;091;6;155
09;1600;092;6;165
09;1600;093;6;176
09;1600;094;6;113
09;1600;095;6;041
09;1600;096;6;005
09;1600;097;6;121
09;1600;098;6;169
09;1600;099;6;070
09;1600;100;6;098
09;1600;101;6;004
09;1600;102;6;133
09;1600;103;6;087
09;1600;104;6;084
09;1600;105;6;173
09;1600;106;6;022
09;1600;107;6;122
09;1600;108;6;119
09;1600;109;6;142
09;1600;110;6;092
09;1600;111;6;014
09;1600;112;6;174
09;1600;113;6;067
09;1600;114;6;149
09;1600;115;6;127
09;1600;116;6;068
09;1600;117;6;062
09;1600;118;6;008
09;1600;119;6;019
09;1600;120;6;085
09;1600;121;6;123
09;1600;122;6;108
09;1600;123;6;138
09;1600;124;6;071
09;1600;125;6;007
09;1600;126;6;105
09;1600;127;6;105
09;2100;001;6;027
09;2100;002;6;027
09;2100;003;6;027
09;2100;004;6;027
09;2100;005;6;027
09;2100;006;6;027
09;2100;007;6;027
09;2100;008;6;027
09;2100;009;6;027
09;2100;010;6;027
09;2100;011;6;027
09;2100;012;6;027
09;2100;013;6;008
09;2100;014;6;008
09;2100;015;6;025
09;2100;016;6;003
09;2100;017;6;006
09;2100;018;6;046
09;2100;019;6;041
09;2100;020;6;014
09;2100;021;6;037
09;2100;022;6;016
09;2100;023;6;007
09;2100;024;6;002
09;2100;025;6;036
09;2100;026;6;058
09;2100;027;6;005
09;2100;028;6;033
09;2100;029;6;053
09;2100;030;6;032
09;2100;031;6;047
09;2100;032;6;013
09;2100;033;6;012
09;2100;034;6;015
09;2100;035;6;001
09;2100;036;6;031
09;2100;037;6;017
09;2100;038;6;023
09;2100;039;6;021
09;2100;040;6;018
09;2100;041;6;022
09;2100;042;6;040
09;2100;043;6;049
09;2100;044;6;043
09;2100;045;6;055
09;2100;046;6;029
09;2100;047;6;028
09;2100;048;6;010
09;2100;049;6;035
09;2100;050;6;009
09;2100;051;6;038
09;2100;052;6;056
09;2100;053;6;054
09;2100;054;6;004
09;2100;055;6;004
09;3500;001;6;061
09;3500;002;6;055
09;3500;003;6;037
09;3500;004;6;016
09;3500;005;6;031
09;3500;006;6;059
09;3500;007;6;064
09;3500;008;6;068
09;3500;009;6;039
09;3500;010;6;023
09;3500;011;6;006
09;3500;012;6;036
09;3500;013;6;030
09;3500;014;6;043
09;3500;015;6;072
09;3500;016;6;062
09;3500;017;6;052
09;3500;018;6;060
09;3500;019;6;051
09;3500;020;6;028
09;3500;021;6;047
09;3500;022;6;048
09;3500;023;6;069
09;3500;024;6;001
09;3500;025;6;038
09;3500;026;6;004
09;3500;027;6;058
09;3500;028;6;040
09;3500;029;6;057
[END]

[MAJ]
09;6;   ;02;;;Пе▓║░ С▓е┤анов С▓о┐нов и Нели Пе▓░ова К│╢кова;, ;ПСС+НПК;18385;0;1
09;6;   ;05;;;Гео░ги Седе┤╖ов П║░ванов и Ангел Иванов Ма░ин;, ;ГСП+АИМ;42823;1;2
[END]

[PROP]
[END]

[LISTI]
[END]

[PROT]
6;09;0200;001;899+0+302+302+1+0+1+20+301;111+190
6;09;0200;002;828+3+256+256+1+0+1+0+255;114+141
6;09;0200;003;988+4+350+350+2+1+3+3+347;138+209
6;09;0200;004;789+0+206+206+0+1+1+0+205;101+104
6;09;0200;006;113+5+50+50+0+0+0+0+50;19+31
6;09;0200;007;198+3+75+75+0+0+0+0+75;29+46
6;09;0200;008;304+1+141+141+1+0+1+0+140;71+69
6;09;0200;009;342+5+140+140+0+0+0+0+140;22+118
6;09;0200;010;270+3+78+78+0+0+0+2+78;30+48
6;09;0200;011;803+3+298+298+0+0+0+2+298;148+150
6;09;0200;012;141+4+76+76+0+0+0+0+76;6+70
6;09;0200;013;118+4+122+122+0+0+0+0+122;57+65
6;09;0200;014;198+4+70+70+0+0+0+0+70;39+31
6;09;0200;015;208+5+103+103+0+0+0+0+103;18+85
6;09;0200;016;522+2+207+207+0+0+0+0+207;130+77
6;09;0200;017;224+3+67+67+0+0+0+0+67;30+37
6;09;0200;018;194+2+70+70+0+0+0+0+70;53+17
6;09;0200;019;94+4+41+41+0+1+1+0+40;8+32
6;09;0200;020;235+5+100+100+0+0+0+0+100;47+53
6;09;0200;021;1023+2+617+617+3+0+3+26+614;522+92
6;09;0200;022;106+4+79+79+0+0+0+0+79;2+77
6;09;0200;023;123+4+59+59+0+0+0+0+59;26+33
6;09;0200;024;35+5+37+37+0+0+0+0+37;7+30
6;09;0200;025;178+4+36+36+0+0+0+0+36;6+30
6;09;0200;026;47+2+33+33+0+0+0+0+33;4+29
6;09;0200;027;46+3+24+24+0+0+0+1+24;21+3
6;09;0200;028;380+2+108+108+0+0+0+0+108;78+30
6;09;0200;029;954+4+467+467+0+0+0+0+467;244+223
6;09;0200;030;182+5+49+49+0+0+0+0+49;29+20
6;09;0200;031;130+3+91+91+0+0+0+0+91;11+80
6;09;0200;032;255+5+80+80+0+0+0+0+80;41+39
6;09;0200;033;132+2+75+75+0+0+0+0+75;22+53
6;09;0200;034;94+4+50+50+1+0+1+0+49;22+27
6;09;0200;035;97+1+31+31+0+0+0+0+31;14+17
6;09;0200;036;153+3+91+91+0+0+0+0+91;28+63
6;09;0200;037;197+5+95+95+0+0+0+0+95;36+59
6;09;0200;038;58+4+23+23+0+0+0+0+23;6+17
6;09;0200;039;112+3+53+53+0+0+0+0+53;18+35
6;09;0200;040;72+3+39+39+0+0+0+0+39;10+29
6;09;0200;041;183+8+110+110+0+0+0+0+110;43+67
6;09;0200;042;249+7+117+117+2+3+5+0+112;31+81
6;09;0200;043;117+4+61+61+0+0+0+0+61;44+17
6;09;0200;044;296+2+77+77+0+0+0+4+77;63+14
6;09;0800;001;740+3+273+273+0+2+2+0+271;103+168
6;09;0800;002;478+1+166+166+0+0+0+0+166;79+87
6;09;0800;003;253+3+107+107+0+0+0+0+107;28+79
6;09;0800;004;810+4+267+267+0+0+0+8+267;99+168
6;09;0800;005;153+1+77+77+3+0+3+0+74;33+41
6;09;0800;006;84+3+45+45+0+1+1+0+44;2+42
6;09;0800;007;50+4+37+37+0+0+0+0+37;4+33
6;09;0800;008;143+2+118+118+0+0+0+0+118;14+104
6;09;0800;009;174+1+140+140+0+0+0+0+140;15+125
6;09;0800;010;189+2+122+122+1+0+1+0+121;22+99
6;09;0800;011;119+2+49+49+0+0+0+0+49;27+22
6;09;0800;012;44+4+24+24+0+0+0+0+24;7+17
6;09;0800;013;95+5+74+74+2+1+3+0+71;20+51
6;09;0800;014;187+1+111+111+0+1+1+0+110;14+96
6;09;0800;015;106+2+81+81+0+0+0+0+81;23+58
6;09;0800;016;326+1+273+273+0+0+0+0+273;5+268
6;09;0800;017;140+5+64+64+0+0+0+0+64;9+55
6;09;0800;018;158+3+61+61+0+0+0+0+61;10+51
6;09;0800;019;265+2+147+147+0+0+0+0+147;55+92
6;09;0800;020;163+7+99+99+0+0+0+0+99;25+74
6;09;0800;021;267+0+100+100+0+0+0+0+100;28+72
6;09;0800;022;111+4+38+38+0+0+0+0+38;21+17
6;09;0800;023;384+2+181+181+1+2+3+0+178;62+116
6;09;0800;024;66+3+33+33+0+0+0+0+33;11+22
6;09;0800;025;115+3+58+58+0+0+0+0+58;14+44
6;09;0800;026;66+4+44+44+0+0+0+0+44;14+30
6;09;0800;027;88+2+42+42+0+0+0+0+42;17+25
6;09;0800;028;36+2+27+27+0+0+0+0+27;2+25
6;09;0800;029;71+2+33+33+0+0+0+0+33;8+25
6;09;0800;030;735+0+243+243+0+0+0+11+243;38+205
6;09;0800;031;48+2+24+24+0+0+0+0+24;12+12
6;09;0800;032;240+3+148+148+0+0+0+11+148;24+124
6;09;0800;033;89+1+32+32+5+2+7+0+25;6+19
6;09;0800;034;151+2+101+101+0+0+0+0+101;2+99
6;09;0800;035;124+0+73+73+0+0+0+0+73;17+56
6;09;0800;036;44+1+17+17+0+0+0+0+17;1+16
6;09;0800;037;131+2+85+85+0+0+0+0+85;11+74
6;09;0800;038;80+4+49+49+0+0+0+0+49;10+39
6;09;1400;001;556+5+299+299+1+0+1+0+298;57+241
6;09;1400;002;568+5+374+374+0+0+0+11+374;105+269
6;09;1400;003;233+2+235+235+0+0+0+0+235;53+182
6;09;1400;004;143+2+100+100+0+0+0+0+100;10+90
6;09;1400;005;270+4+187+187+0+0+0+0+187;16+171
6;09;1400;006;340+2+216+216+0+0+0+0+216;27+189
6;09;1400;007;347+3+236+236+0+0+0+0+236;30+206
6;09;1400;008;127+3+94+94+0+0+0+0+94;28+66
6;09;1400;009;159+6+107+107+1+0+1+0+106;22+84
6;09;1400;010;419+0+232+232+0+0+0+0+232;53+179
6;09;1400;011;553+2+212+212+0+0+0+6+212;82+130
6;09;1400;012;788+1+346+346+0+2+2+0+344;171+173
6;09;1400;013;103+3+75+75+2+0+2+0+73;18+55
6;09;1400;014;361+0+215+215+1+0+1+0+214;55+159
6;09;1400;015;86+0+62+62+0+0+0+0+62;20+42
6;09;1400;016;322+3+212+212+0+0+0+0+212;89+123
6;09;1400;017;292+0+137+137+0+0+0+0+137;35+102
6;09;1400;018;612+2+324+324+0+2+2+0+322;60+262
6;09;1400;019;459+2+264+264+0+0+0+0+264;40+224
6;09;1400;020;261+0+98+98+0+0+0+0+98;17+81
6;09;1400;021;208+2+58+58+0+0+0+0+58;26+32
6;09;1400;022;244+1+76+76+0+0+0+0+76;8+68
6;09;1400;023;103+3+67+67+0+0+0+0+67;2+65
6;09;1400;024;237+3+109+109+0+0+0+0+109;23+86
6;09;1400;025;63+0+27+27+0+0+0+0+27;4+23
6;09;1400;026;79+2+40+40+0+0+0+0+40;7+33
6;09;1400;027;60+1+34+34+0+0+0+0+34;8+26
6;09;1400;028;231+0+75+75+0+0+0+0+75;25+50
6;09;1400;029;289+0+153+153+0+0+0+0+153;25+128
6;09;1400;030;177+0+82+82+0+0+0+0+82;28+54
6;09;1400;031;292+1+139+139+0+0+0+0+139;86+53
6;09;1400;032;234+2+64+64+0+0+0+0+64;23+41
6;09;1400;033;577+6+453+453+0+0+0+0+453;63+390
6;09;1400;034;509+0+263+263+0+0+0+0+263;42+221
6;09;1400;035;548+0+202+202+0+0+0+0+202;43+159
6;09;1400;036;178+1+96+96+0+1+1+3+95;64+31
6;09;1400;037;281+4+124+124+0+0+0+0+124;63+61
6;09;1400;038;322+4+161+161+0+0+0+0+161;19+142
6;09;1400;039;275+3+218+218+0+0+0+0+218;8+210
6;09;1400;040;274+2+185+185+0+0+0+0+185;15+170
6;09;1400;041;186+5+75+75+0+0+0+0+75;20+55
6;09;1400;042;481+6+195+195+0+0+0+1+195;44+151
6;09;1400;043;474+2+347+347+2+0+2+0+345;23+322
6;09;1400;044;193+5+157+157+0+0+0+0+157;18+139
6;09;1400;045;360+1+216+216+0+0+0+0+216;33+183
6;09;1400;046;349+2+192+192+0+0+0+0+192;20+172
6;09;1400;047;346+3+139+139+1+0+1+0+138;47+91
6;09;1400;048;265+3+192+192+0+0+0+0+192;5+187
6;09;1400;049;87+4+49+49+0+0+0+0+49;6+43
6;09;1400;050;89+1+21+21+0+0+0+0+21;2+19
6;09;1400;051;293+2+154+154+0+1+1+12+153;64+89
6;09;1400;052;224+5+87+87+0+0+0+0+87;0+87
6;09;1400;053;117+4+83+83+0+0+0+0+83;3+80
6;09;1400;054;140+3+68+68+0+0+0+0+68;23+45
6;09;1400;055;211+3+87+87+0+0+0+0+87;32+55
6;09;1400;056;192+2+156+156+0+0+0+7+156;15+141
6;09;1400;057;739+4+314+314+0+0+0+0+314;61+253
6;09;1400;058;281+1+145+145+0+0+0+0+145;4+141
6;09;1400;059;143+3+36+36+0+0+0+0+36;18+18
6;09;1400;060;468+2+184+184+0+0+0+0+184;25+159
6;09;1400;061;287+3+173+173+0+1+1+7+172;17+155
6;09;1400;062;161+2+78+78+0+0+0+0+78;17+61
6;09;1400;063;186+2+99+99+0+0+0+0+99;43+56
6;09;1400;064;291+3+139+139+0+0+0+0+139;53+86
6;09;1400;065;596+0+261+261+0+0+0+0+261;100+161
6;09;1400;066;681+2+323+323+0+0+0+0+323;58+265
6;09;1500;001;834+3+246+246+0+2+2+0+244;93+151
6;09;1500;002;877+4+344+344+1+1+2+14+342;89+253
6;09;1500;003;735+0+369+369+1+1+2+0+367;52+315
6;09;1500;004;782+0+360+360+2+0+2+0+358;55+303
6;09;1500;005;766+1+293+293+0+0+0+19+293;72+221
6;09;1500;006;595+4+184+184+0+1+1+8+183;74+109
6;09;1500;007;112+3+40+40+0+0+0+0+40;15+25
6;09;1500;008;167+1+52+52+0+0+0+0+52;31+21
6;09;1500;009;315+3+97+97+0+3+3+0+94;24+70
6;09;1500;010;83+1+37+37+0+0+0+0+37;6+31
6;09;1500;011;504+3+150+150+0+0+0+0+150;44+106
6;09;1500;012;149+2+64+64+0+0+0+0+64;7+57
6;09;1500;013;78+3+30+30+1+0+1+0+29;7+22
6;09;1500;014;804+2+196+196+0+0+0+6+196;87+109
6;09;1500;015;96+2+39+39+0+0+0+0+39;8+31
6;09;1500;016;131+5+57+57+0+0+0+0+57;19+38
6;09;1500;017;220+3+90+90+0+0+0+0+90;24+66
6;09;1500;018;120+1+41+41+3+0+3+0+38;5+33
6;09;1500;019;124+4+56+56+1+0+1+3+55;9+46
6;09;1500;020;261+3+89+89+1+0+1+7+88;21+67
6;09;1500;021;262+5+125+125+0+0+0+0+125;75+50
6;09;1500;022;455+3+161+161+2+0+2+0+159;41+118
6;09;1500;023;274+4+112+112+0+0+0+3+112;26+86
6;09;1500;024;96+1+37+37+0+0+0+0+37;18+19
6;09;1500;025;306+4+107+107+0+0+0+0+107;24+83
6;09;1500;026;384+0+119+119+1+1+2+2+117;29+88
6;09;1500;027;264+2+105+105+0+0+0+0+105;34+71
6;09;1500;028;85+2+42+42+0+0+0+0+42;15+27
6;09;1500;029;161+4+85+85+0+0+0+0+85;5+80
6;09;1500;030;220+4+69+69+0+1+1+0+68;12+56
6;09;1500;031;135+4+54+54+0+0+0+0+54;10+44
6;09;1500;032;124+2+112+112+1+0+1+0+111;4+107
6;09;1500;033;110+5+56+56+0+0+0+0+56;14+42
6;09;1500;034;232+3+126+126+1+0+1+9+125;41+84
6;09;1500;035;292+2+103+103+0+0+0+0+103;10+93
6;09;1500;036;350+5+97+97+0+0+0+4+97;16+81
6;09;1500;037;70+3+30+30+0+0+0+0+30;4+26
6;09;1500;038;80+4+39+39+0+0+0+0+39;5+34
6;09;1500;039;65+5+40+40+0+0+0+0+40;3+37
6;09;1500;040;79+2+33+33+0+0+0+0+33;2+31
6;09;1500;041;78+4+33+33+0+0+0+0+33;13+20
6;09;1500;042;214+1+70+70+0+0+0+0+70;24+46
6;09;1500;043;376+3+178+178+0+0+0+0+178;40+138
6;09;1500;044;110+3+80+80+0+0+0+3+80;23+57
6;09;1500;045;68+3+27+27+0+0+0+0+27;3+24
6;09;1500;046;36+2+16+16+0+0+0+0+16;1+15
6;09;1500;047;436+5+131+131+0+0+0+8+131;33+98
6;09;1500;048;158+2+79+79+0+0+0+0+79;10+69
6;09;1500;049;142+2+76+76+0+0+0+0+76;10+66
6;09;1500;050;62+2+44+44+0+0+0+0+44;8+36
6;09;1500;051;72+2+36+36+0+0+0+0+36;9+27
6;09;1500;052;250+4+122+122+0+0+0+0+122;11+111
6;09;1500;053;80+2+38+38+0+0+0+0+38;9+29
6;09;1500;054;94+2+30+30+0+0+0+1+30;5+25
6;09;1500;055;110+9+51+51+0+0+0+0+51;4+47
6;09;1500;056;116+1+26+26+0+0+0+0+26;6+20
6;09;1500;057;451+3+251+251+0+1+1+7+250;77+173
6;09;1500;058;341+0+193+193+0+0+0+0+193;82+111
6;09;1500;059;565+2+288+288+0+2+2+0+286;104+182
6;09;1500;060;244+1+96+96+0+0+0+0+96;42+54
6;09;1500;061;132+1+62+62+0+0+0+0+62;6+56
6;09;1500;062;149+0+82+82+0+0+0+0+82;24+58
6;09;1500;063;693+0+252+252+0+0+0+0+252;144+108
6;09;1500;064;409+2+264+264+0+0+0+2+264;136+128
6;09;1500;065;67+1+36+36+0+0+0+2+36;14+22
6;09;1500;066;34+1+19+19+0+0+0+0+19;3+16
6;09;1500;067;43+1+20+20+0+0+0+0+20;2+18
6;09;1500;068;145+0+104+104+0+0+0+0+104;68+36
6;09;1500;069;560+3+203+203+0+0+0+0+203;131+72
6;09;1600;001;680+1+285+285+4+0+4+4+281;94+187
6;09;1600;002;758+0+205+205+0+0+0+0+205;78+127
6;09;1600;003;524+0+176+176+0+0+0+8+176;66+110
6;09;1600;004;637+0+227+227+0+1+1+9+226;93+133
6;09;1600;005;565+1+248+248+0+0+0+0+248;73+175
6;09;1600;006;783+0+193+193+1+2+3+13+190;114+76
6;09;1600;007;489+0+191+191+0+0+0+21+191;140+51
6;09;1600;008;632+1+164+164+1+1+2+12+162;79+83
6;09;1600;009;536+3+132+132+0+3+3+18+129;79+50
6;09;1600;010;397+1+190+190+0+0+0+8+190;72+118
6;09;1600;011;588+0+294+294+0+0+0+9+294;100+194
6;09;1600;012;654+6+407+407+2+0+2+8+405;145+260
6;09;1600;013;752+3+417+417+0+1+1+16+416;151+265
6;09;1600;014;628+4+394+394+0+0+0+0+394;127+267
6;09;1600;015;624+2+346+346+3+0+3+9+343;106+237
6;09;1600;016;519+0+193+193+0+0+0+7+193;59+134
6;09;1600;017;603+0+344+344+0+0+0+10+344;99+245
6;09;1600;018;716+2+407+407+4+1+5+12+402;135+267
6;09;1600;019;618+1+372+372+0+0+0+19+372;131+241
6;09;1600;020;638+0+370+370+1+0+1+8+369;111+258
6;09;1600;021;509+0+290+290+1+2+3+1+287;101+186
6;09;1600;022;727+1+404+404+3+0+3+0+401;99+302
6;09;1600;023;770+2+422+422+3+2+5+0+417;123+294
6;09;1600;024;813+1+469+469+1+1+2+23+467;122+345
6;09;1600;025;703+1+385+385+1+0+1+15+384;104+280
6;09;1600;026;753+0+400+400+2+0+2+7+398;81+317
6;09;1600;027;586+1+337+337+0+0+0+11+337;86+251
6;09;1600;028;553+1+293+293+0+0+0+0+293;71+222
6;09;1600;029;522+0+280+280+0+0+0+0+280;61+219
6;09;1600;030;468+0+137+137+0+0+0+0+137;25+112
6;09;1600;031;696+0+269+269+0+0+0+0+269;78+191
6;09;1600;032;579+0+273+273+0+0+0+0+273;82+191
6;09;1600;033;660+0+256+256+0+0+0+0+256;82+174
6;09;1600;034;627+7+259+259+0+0+0+0+259;86+173
6;09;1600;035;698+0+331+331+0+0+0+8+331;76+255
6;09;1600;036;456+0+261+261+0+0+0+0+261;73+188
6;09;1600;037;554+0+232+232+0+0+0+7+232;62+170
6;09;1600;038;634+1+343+343+0+1+1+12+342;66+276
6;09;1600;039;610+6+226+226+0+0+0+0+226;53+173
6;09;1600;040;752+0+254+254+0+0+0+4+254;41+213
6;09;1600;041;556+1+256+256+0+2+2+3+254;69+185
6;09;1600;042;781+0+287+287+0+0+0+0+287;47+240
6;09;1600;043;908+0+319+319+0+1+1+0+318;68+250
6;09;1600;044;747+0+223+223+0+0+0+5+223;58+165
6;09;1600;045;888+1+269+269+1+0+1+0+268;97+171
6;09;1600;046;1002+0+317+317+0+0+0+12+317;117+200
6;09;1600;047;936+0+289+289+0+0+0+8+289;96+193
6;09;1600;048;785+2+205+205+0+2+2+3+203;65+138
6;09;1600;049;739+0+235+235+1+3+4+10+231;63+168
6;09;1600;050;810+2+237+237+0+0+0+5+237;82+155
6;09;1600;051;932+1+325+325+1+1+2+5+323;95+228
6;09;1600;052;797+0+220+220+1+1+2+8+218;77+141
6;09;1600;053;323+2+325+325+0+0+0+0+325;102+223
6;09;1600;054;889+0+237+237+1+0+1+3+236;72+164
6;09;1600;055;646+0+140+140+0+0+0+0+140;50+90
6;09;1600;056;917+1+264+264+0+1+1+0+263;80+183
6;09;1600;057;553+1+131+131+0+0+0+0+131;56+75
6;09;1600;058;826+1+244+244+0+1+1+0+243;106+137
6;09;1600;059;712+0+166+166+0+0+0+0+166;65+101
6;09;1600;060;727+1+161+161+1+0+1+0+160;53+107
6;09;1600;061;553+1+89+89+0+1+1+5+88;43+45
6;09;1600;062;701+2+128+128+0+0+0+0+128;27+101
6;09;1600;063;272+1+99+99+0+0+0+2+99;14+85
6;09;1600;064;501+5+207+207+0+2+2+6+205;65+140
6;09;1600;065;250+6+92+92+1+1+2+0+90;19+71
6;09;1600;066;676+5+125+125+1+0+1+0+124;34+90
6;09;1600;067;542+2+114+114+0+0+0+0+114;43+71
6;09;1600;068;405+4+135+135+0+1+1+0+134;18+116
6;09;1600;069;774+1+224+224+0+2+2+0+222;52+170
6;09;1600;070;522+3+226+226+3+2+5+0+221;36+185
6;09;1600;071;106+5+55+55+0+0+0+0+55;4+51
6;09;1600;072;223+2+113+113+1+0+1+4+112;31+81
6;09;1600;073;405+10+142+142+0+0+0+0+142;33+109
6;09;1600;074;285+4+118+118+0+0+0+0+118;26+92
6;09;1600;075;102+3+40+40+0+2+2+2+38;2+36
6;09;1600;076;594+3+230+230+0+1+1+22+229;125+104
6;09;1600;077;634+4+268+268+1+2+3+20+265;161+104
6;09;1600;078;139+5+78+78+0+0+0+1+78;23+55
6;09;1600;079;319+4+113+113+0+2+2+5+111;44+67
6;09;1600;080;485+3+188+188+1+3+4+0+184;87+97
6;09;1600;081;476+4+168+168+0+1+1+0+167;35+132
6;09;1600;082;186+5+76+76+0+0+0+0+76;33+43
6;09;1600;083;215+5+52+52+0+0+0+2+52;16+36
6;09;1600;084;482+6+187+187+0+0+0+4+187;53+134
6;09;1600;085;209+2+116+116+0+2+2+0+114;10+104
6;09;1600;086;316+5+97+97+1+1+2+3+95;22+73
6;09;1600;087;151+1+64+64+2+0+2+4+62;25+37
6;09;1600;088;160+6+80+80+0+0+0+0+80;24+56
6;09;1600;089;160+3+66+66+0+0+0+0+66;13+53
6;09;1600;090;538+2+237+237+2+1+3+1+234;34+200
6;09;1600;091;242+5+151+151+0+0+0+0+151;30+121
6;09;1600;092;493+5+163+163+0+0+0+0+163;130+33
6;09;1600;093;381+4+118+118+0+1+1+7+117;40+77
6;09;1600;094;298+4+110+110+1+2+3+4+107;69+38
6;09;1600;095;375+4+144+144+0+0+0+5+144;23+121
6;09;1600;096;377+3+132+132+0+1+1+0+131;25+106
6;09;1600;097;621+2+235+235+0+0+0+0+235;81+154
6;09;1600;098;275+2+102+102+0+0+0+0+102;26+76
6;09;1600;099;526+3+207+207+0+0+0+0+207;48+159
6;09;1600;100;146+4+93+93+0+0+0+3+93;31+62
6;09;1600;101;256+3+167+167+1+1+2+0+165;26+139
6;09;1600;102;474+3+258+258+0+3+3+12+255;27+228
6;09;1600;103;100+0+62+62+1+1+2+0+60;1+59
6;09;1600;104;426+3+228+228+0+1+1+12+227;18+209
6;09;1600;105;286+5+121+121+0+1+1+0+120;40+80
6;09;1600;106;187+4+124+124+0+0+0+5+124;12+112
6;09;1600;107;265+4+112+112+0+0+0+0+112;22+90
6;09;1600;108;426+4+256+256+0+1+1+0+255;64+191
6;09;1600;109;196+3+101+101+0+1+1+5+100;28+72
6;09;1600;110;281+2+160+160+2+0+2+0+158;25+133
6;09;1600;111;185+4+109+109+0+0+0+0+109;31+78
6;09;1600;112;723+4+222+222+0+0+0+0+222;35+187
6;09;1600;113;402+4+131+131+1+0+1+0+130;22+108
6;09;1600;114;305+4+155+155+0+0+0+0+155;23+132
6;09;1600;115;187+6+88+88+0+0+0+0+88;22+66
6;09;1600;116;176+4+77+77+0+0+0+0+77;44+33
6;09;1600;117;323+2+129+129+0+2+2+0+127;40+87
6;09;1600;118;437+5+187+187+1+0+1+14+186;85+101
6;09;1600;119;132+4+101+101+0+0+0+0+101;17+84
6;09;1600;120;298+5+153+153+7+0+7+0+146;23+123
6;09;1600;121;126+2+70+70+0+0+0+0+70;8+62
6;09;1600;122;142+2+75+75+0+0+0+0+75;35+40
6;09;1600;123;93+4+40+40+0+0+0+0+40;31+9
6;09;1600;124;301+1+82+82+0+1+1+1+81;50+31
6;09;1600;125;177+4+82+82+0+1+1+4+81;16+65
6;09;1600;126;42+1+6+6+0+0+0+0+6;4+2
6;09;1600;127;86+1+86+86+0+0+0+0+86;42+44
6;09;2100;001;933+0+313+313+1+0+1+0+312;121+191
6;09;2100;002;773+1+142+142+0+0+0+0+142;46+96
6;09;2100;003;698+1+153+153+0+0+0+7+153;37+116
6;09;2100;004;1060+1+183+183+0+0+0+0+183;67+116
6;09;2100;005;996+0+206+206+0+2+2+0+204;57+147
6;09;2100;006;957+1+141+141+0+1+1+0+140;56+84
6;09;2100;007;1114+1+144+144+0+4+4+0+140;52+88
6;09;2100;008;936+0+192+192+1+0+1+4+191;70+121
6;09;2100;009;898+3+190+190+0+0+0+0+190;47+143
6;09;2100;010;775+1+171+171+2+1+3+0+168;72+96
6;09;2100;011;954+0+167+167+0+1+1+4+166;82+84
6;09;2100;012;42+0+25+25+0+0+0+0+25;5+20
6;09;2100;013;624+1+208+208+2+1+3+0+205;103+102
6;09;2100;014;124+4+23+23+0+0+0+0+23;7+16
6;09;2100;015;84+4+40+40+0+0+0+0+40;2+38
6;09;2100;016;104+6+40+40+1+0+1+0+39;15+24
6;09;2100;017;130+3+50+50+0+0+0+0+50;38+12
6;09;2100;018;173+3+65+65+0+0+0+0+65;35+30
6;09;2100;019;66+6+35+35+0+0+0+0+35;6+29
6;09;2100;020;158+5+68+68+0+0+0+2+68;20+48
6;09;2100;021;298+3+74+74+0+1+1+0+73;26+47
6;09;2100;022;48+3+20+20+0+0+0+0+20;12+8
6;09;2100;023;102+3+36+36+0+0+0+0+36;17+19
6;09;2100;024;157+4+39+39+0+1+1+2+38;16+22
6;09;2100;025;312+4+99+99+1+0+1+0+98;42+56
6;09;2100;026;207+5+66+66+0+1+1+2+65;20+45
6;09;2100;027;177+4+75+75+1+0+1+0+74;20+54
6;09;2100;028;56+4+32+32+0+0+0+0+32;1+31
6;09;2100;029;421+1+99+99+0+0+0+0+99;40+59
6;09;2100;030;123+3+54+54+0+0+0+0+54;24+30
6;09;2100;031;44+5+25+25+0+0+0+0+25;14+11
6;09;2100;032;33+3+26+26+0+0+0+0+26;16+10
6;09;2100;033;293+3+124+124+0+1+1+0+123;26+97
6;09;2100;034;495+4+182+182+0+0+0+0+182;54+128
6;09;2100;035;241+4+133+133+0+1+1+0+132;22+110
6;09;2100;036;195+3+70+70+0+1+1+0+69;12+57
6;09;2100;037;318+4+131+131+0+2+2+5+129;24+105
6;09;2100;038;269+4+110+110+1+0+1+2+109;16+93
6;09;2100;039;117+2+63+63+0+0+0+0+63;10+53
6;09;2100;040;340+4+142+142+0+0+0+0+142;26+116
6;09;2100;041;78+4+25+25+0+0+0+0+25;15+10
6;09;2100;042;51+3+32+32+0+0+0+0+32;2+30
6;09;2100;043;372+4+124+124+0+0+0+0+124;55+69
6;09;2100;044;232+6+113+113+0+0+0+0+113;28+85
6;09;2100;045;249+4+115+115+0+0+0+0+115;30+85
6;09;2100;046;439+3+141+141+0+0+0+0+141;49+92
6;09;2100;047;445+6+144+144+0+1+1+0+143;38+105
6;09;2100;048;159+0+41+41+0+0+0+0+41;30+11
6;09;2100;049;244+3+113+113+0+0+0+0+113;38+75
6;09;2100;050;124+4+42+42+0+0+0+0+42;28+14
6;09;2100;051;338+0+150+150+0+0+0+0+150;62+88
6;09;2100;052;173+3+114+114+0+0+0+0+114;80+34
6;09;2100;053;126+2+56+56+0+0+0+0+56;38+18
6;09;2100;054;145+0+71+71+0+0+0+0+71;56+15
6;09;2100;055;146+5+81+81+0+1+1+5+80;35+45
6;09;3500;001;328+4+113+113+0+1+1+0+112;40+72
6;09;3500;002;698+2+137+137+0+2+2+0+135;30+105
6;09;3500;003;180+2+84+84+1+0+1+0+83;11+72
6;09;3500;004;206+2+103+103+0+0+1+0+102;18+84
6;09;3500;005;309+2+77+77+0+0+0+0+77;28+49
6;09;3500;006;232+3+81+81+0+0+0+0+81;19+62
6;09;3500;007;274+2+53+53+0+0+0+4+53;19+34
6;09;3500;008;247+2+62+62+0+0+0+0+62;24+38
6;09;3500;009;225+2+80+80+0+0+0+0+80;16+64
6;09;3500;010;231+3+150+150+0+0+0+0+150;19+131
6;09;3500;011;466+2+333+333+0+0+0+6+333;27+306
6;09;3500;012;353+4+124+124+0+0+0+0+124;53+71
6;09;3500;013;354+2+154+154+0+0+0+0+154;21+133
6;09;3500;014;208+3+85+85+0+0+0+0+85;17+68
6;09;3500;015;184+2+68+68+0+1+1+4+67;26+41
6;09;3500;016;154+4+130+130+0+4+4+11+126;15+111
6;09;3500;017;434+3+183+183+0+0+0+0+183;77+106
6;09;3500;018;224+6+105+105+1+0+1+2+104;40+64
6;09;3500;019;573+4+193+193+0+0+0+3+193;77+116
6;09;3500;020;622+3+226+226+0+0+0+0+226;80+146
6;09;3500;021;724+3+318+318+0+0+0+0+318;85+233
6;09;3500;022;354+3+143+143+0+0+0+0+143;56+87
6;09;3500;023;210+1+103+103+0+1+1+2+102;25+77
6;09;3500;024;129+0+69+69+0+0+0+0+69;22+47
6;09;3500;025;250+0+91+91+0+0+0+0+91;14+77
6;09;3500;026;99+3+70+70+0+0+0+0+70;18+52
6;09;3500;027;433+1+173+173+2+0+2+0+171;30+141
6;09;3500;028;170+3+100+100+0+0+0+0+100;13+87
6;09;3500;029;117+1+114+114+0+0+0+0+114;33+81
[END]

[AGGR]
09;6;   ;2+427+427+149048+1094+61461+61461+120+132+253+792+61208;18385+42823
[END]
