[INFO]
10;К╛▒▓ендил;301
[END]

[IZB]
10;6;   ;;18.11.2001;2;2;305
[END]

[NM]
1004;001;▒. Бабино;02049;00
1004;002;▒. Бабин▒ка ░ека;02052;00
1004;003;▒. Бла▓о;04371;00
1004;004;г░. Бобов дол;04501;00
1004;005;▒. Голема Ф│╖а;15446;00
1004;006;▒. Голем В║░бовник;15457;00
1004;007;▒. Големо ▒ело;15535;00
1004;008;▒. Го░на Козни╢а;16242;00
1004;009;▒. Доли▒▓ово;21974;00
1004;010;▒. Ко░кина;38635;00
1004;012;▒. Мала Ф│╖а;46262;00
1004;013;▒. Мали В║░бовник;46317;00
1004;014;▒. Мало ▒ело;46824;00
1004;015;▒. Мламолово;48711;00
1004;016;▒. Ново▒ел┐не;52297;00
1004;017;▒. Пан╖а░ево;55364;00
1004;018;▒. Ша▓░ово;83082;00
1005;001;▒. Бадино;02172;00
1005;002;▒. Блажиево;04314;00
1005;003;г░. Бобо╕ево;04532;00
1005;004;▒. Ви▒ока могила;11232;00
1005;005;▒. В│ково;12351;00
1005;006;▒. Доб░ово;21565;00
1005;007;▒. Каменик;35804;00
1005;008;▒. Ск░ино;66888;00
1005;009;▒. Сла▓ино;67252;00
1005;010;▒. Сопово;68062;00
1005;011;▒. У▒ойка;75174;00
1005;012;▒. Циклово;78495;00
1027;001;▒. Ба░аково;02748;00
1027;002;▒. Бо░ове╢;05565;00
1027;003;▒. Б│░аново;07065;00
1027;004;▒. Д░агодан;23323;00
1027;005;г░. Ко╖е░иново;39116;00
1027;006;▒. К░│мово;39997;00
1027;007;▒. М│░▒алево;49360;00
1027;008;м. О░еви╢а;;00
1027;009;▒. По░оминово;57830;00
1027;010;▒. С▓об;69261;00
1027;011;▒. Ф░оло╕;76180;00
1027;012;▒. Ц║░ви╣е;78625;00
1029;001;▒. Баг░ен╢и;02138;00
1029;002;▒. Бе░▒ин;03962;00
1029;003;▒. Бла▓е╢;04323;00
1029;004;▒. Бобе╕ино;04491;00
1029;005;▒. Бого▒лов;04796;00
1029;006;▒. Б│ново;07048;00
1029;007;▒. В░а▓╢а;48355;00
1029;008;▒. Ги░╖ев╢и;14917;00
1029;009;▒. Го░анов╢и;16026;00
1029;010;▒. Го░на Б░е▒▓ни╢а;16141;00
1029;011;▒. Го░на Г░а╣и╢а;16198;00
1029;012;▒. Го░но Уйно;16995;00
1029;013;▒. Г░амаждано;17680;00
1029;015;▒. Г░ани╢а;17751;00
1029;016;▒. Г│░банов╢и;18112;00
1029;017;▒. Г║░бино;18318;00
1029;018;▒. Г║░л┐но;18352;00
1029;020;▒. Г╛е╕ево;18455;00
1029;021;▒. Дво░и╣е;20208;00
1029;022;▒. Дождеви╢а;21782;00
1029;023;▒. Долна Г░а╣и╢а;22071;00
1029;024;▒. Долно ▒ело;22811;00
1029;026;▒. Долно Уйно;22862;00
1029;027;▒. Д░агови╣и╢а;23282;00
1029;028;▒. Жабок░║▓;29026;00
1029;029;▒. Же░авино;29266;00
1029;030;▒. Жилен╢и;29386;00
1029;031;▒. Иванов╢и;32144;00
1029;033;▒. Камени╖ка Скакави╢а;35835;00
1029;034;▒. Ка▓░и╣е;36659;00
1029;035;▒. Кон┐во;38432;00
1029;036;▒. Копилов╢и;38474;00
1029;039;▒. Коп░ива;38515;00
1029;040;▒. К│▓│ге░╢и;40765;00
1029;041;г░. К╛▒▓ендил;41112;00
1029;043;▒. К║░╕алево;40991;00
1029;044;▒. Лелин╢и;43267;00
1029;045;▒. Ли▒е╢;43815;00
1029;046;▒. Лозно;44183;00
1029;047;▒. Ломни╢а;44255;00
1029;048;▒. Маза░а╖ево;46108;00
1029;049;▒. Николи╖ев╢и;52400;00
1029;050;▒. Нови ╖и┤лик;52026;00
1029;052;▒. Ново ▒ело;52194;00
1029;053;▒. Пипе░ков ╖и┤лик;56378;00
1029;054;▒. Поле▓ин╢и;57188;00
1029;056;▒. Пол▒ка Скакави╢а;57319;00
1029;057;▒. П░еколни╢а;58129;00
1029;058;▒. Радлов╢и;61457;00
1029;059;▒. Ранен╢и;62181;00
1029;060;▒. Раждави╢а;63536;00
1029;061;▒. Режин╢и;62428;00
1029;062;▒. Р║▒ово;63608;00
1029;063;▒. Савой▒ки;65047;00
1029;065;▒. Сажданик;65142;00
1029;067;▒. Ск░ин┐но;66891;00
1029;068;▒. Слоко╣и╢а;67461;00
1029;069;▒. Совол┐но;67790;00
1029;070;▒. С▓ен▒ко;69167;00
1029;071;▒. Тавали╖ево;72045;00
1029;072;▒. Т║░новлак;73691;00
1029;073;▒. Т║░▒ино;73750;00
1029;074;▒. Це░ови╢а;78447;00
1029;075;▒. Ц░е╕н╝ово;78543;00
1029;076;▒. Ц║░вен┐но;78611;00
1029;077;▒. Че░вена ┐б║лка;78598;00
1029;078;▒. Ч│дин╢и;81606;00
1029;079;▒. Шипо╖ано;83257;00
1029;080;▒. Ши╕ков╢и;83354;00
1029;081;▒. Яб║лково;87062;00
1029;082;▒. Ле▒ка;43373;00
1029;083;▒. Ц║░вендол;78608;00
1031;001;▒. Вак▒ево;10050;00
1031;002;▒. Ве▓░ен;10817;00
1031;003;▒. Дл║╡╖ево Сабл┐░;21292;00
1031;004;▒. Долна Козни╢а;22112;00
1031;005;▒. Д░│мо╡а░;23827;00
1031;006;▒. Е░еми┐;27574;00
1031;007;▒. Зг│░ово;30613;00
1031;008;▒. Или┐;32696;00
1031;009;▒. Кад░ови╢а;35119;00
1031;010;▒. Лил┐╖;43709;00
1031;011;▒. М║░водол;49566;00
1031;012;▒. Неве▒▓ино;51216;00
1031;013;▒. Неделкова Г░а╣и╢а;51336;00
1031;014;▒. Па▒▓│╡;55542;00
1031;015;▒. Пела▓иково;55734;00
1031;016;▒. Раково;62058;00
1031;017;▒. Ра╕ка Г░а╣и╢а;62284;00
1031;018;▒. Смоли╖ано;67619;00
1031;019;▒. С▓░адалово;69571;00
1031;020;▒. Ти╕аново;72494;00
1031;021;▒. Ц║░ва░и╢а;78584;00
1031;023;▒. Че▓и░╢и;81284;00
1038;001;▒. Падала;55083;00
1038;002;▒. Па▒▓░а;55539;00
1038;003;г░. Рила;62671;00
1038;004;Рил▒ки мана▒▓и░;62685;00
1038;005;▒. Смо╖ево;67698;00
1041;001;▒. Ов╖а░╢и;53254;00
1041;002;▒. Ре▒илово;62520;00
1041;003;г░. Сапа░ева бан┐;65365;00
1041;004;▒. Сапа░ево;65379;00
1048;001;▒. Баланово;02350;00
1048;002;▒. Би▒▓░и╢а;04220;00
1048;003;▒. Бла▓ино;04354;00
1048;004;▒. Г░амаде;17659;00
1048;005;▒. Дел┐н;20612;00
1048;006;▒. Дже░ман;20763;00
1048;007;г░. Д│пни╢а;68789;00
1048;008;▒. Д┐ково;24791;00
1048;009;▒. К░айни дол;39325;00
1048;010;▒. К░айни╢и;39339;00
1048;011;▒. К░еменик;39640;00
1048;012;▒. Пала▓ово;55230;00
1048;013;▒. Пипе░ево;56349;00
1048;014;▒. Само░аново;65245;00
1048;015;▒. Тополни╢а;72758;00
1048;016;▒. Че░вен б░ег;80491;00
1048;017;▒. Я╡иново;87727;00
1050;003;▒. Габ░е╕ев╢и;14101;00
1050;004;▒. Го░ни Ко░▓ен;16554;00
1050;006;▒. Доб░и дол;21422;00
1050;007;▒. Долни Ко░▓ен;22410;00
1050;008;▒. Долно Кобиле;22650;00
1050;010;▒. Злого╕;31200;00
1050;011;▒. Ки▒ели╢а;36960;00
1050;012;▒. Ко▒ово;38786;00
1050;013;▒. Ме▓о╡и┐;47929;00
1050;015;▒. С░едо░ек;68535;00
1050;016;▒. С│╕и╢а;70411;00
1050;017;▒. Т░екл┐но;73047;00
1050;018;▒. У╕и;75232;00
1050;019;▒. Че╕л┐н╢и;81325;00
[END]

[SEC]
10;0400;001;6;004
10;0400;002;6;004
10;0400;003;6;004
10;0400;004;6;004
10;0400;005;6;004
10;0400;006;6;004
10;0400;007;6;004
10;0400;008;6;004
10;0400;009;6;015
10;0400;010;6;014
10;0400;011;6;007
10;0400;012;6;009
10;0400;013;6;002
10;0400;014;6;001
10;0400;015;6;005
10;0400;016;6;012
10;0400;017;6;010
10;0400;018;6;010
10;0400;019;6;008
10;0400;020;6;016
10;0400;021;6;018
10;0400;022;6;017
10;0400;023;6;013
10;0400;024;6;006
10;0400;025;6;003
10;0400;026;6;004
10;0500;001;6;003
10;0500;002;6;003
10;0500;003;6;003
10;0500;004;6;009
10;0500;005;6;011
10;0500;006;6;002
10;0500;007;6;010
10;0500;008;6;004+012
10;0500;009;6;005
10;0500;010;6;006
10;0500;011;6;008
10;0500;012;6;007
10;0500;013;6;001
10;2700;001;6;005
10;2700;002;6;005
10;2700;003;6;005
10;2700;004;6;005
10;2700;005;6;001
10;2700;006;6;010
10;2700;007;6;010
10;2700;008;6;009
10;2700;009;6;007
10;2700;010;6;006
10;2700;011;6;003
10;2700;012;6;002
10;2700;013;6;004
10;2700;014;6;012
10;2700;015;6;008
10;2700;016;6;011
10;2900;001;6;041
10;2900;002;6;041
10;2900;003;6;041
10;2900;004;6;041
10;2900;005;6;041
10;2900;006;6;041
10;2900;007;6;041
10;2900;008;6;041
10;2900;009;6;041
10;2900;010;6;041
10;2900;011;6;041
10;2900;012;6;041
10;2900;013;6;041
10;2900;014;6;041
10;2900;015;6;041
10;2900;016;6;041
10;2900;017;6;041
10;2900;018;6;041
10;2900;019;6;041
10;2900;020;6;041
10;2900;021;6;041
10;2900;022;6;041
10;2900;023;6;041
10;2900;024;6;041
10;2900;025;6;041
10;2900;026;6;041
10;2900;027;6;041
10;2900;028;6;041
10;2900;029;6;041
10;2900;030;6;041
10;2900;031;6;041
10;2900;032;6;041
10;2900;033;6;041
10;2900;034;6;041
10;2900;035;6;041
10;2900;036;6;041
10;2900;037;6;041
10;2900;038;6;041
10;2900;039;6;041
10;2900;040;6;041
10;2900;041;6;041
10;2900;042;6;041
10;2900;043;6;041
10;2900;044;6;041
10;2900;045;6;041
10;2900;046;6;041
10;2900;047;6;041
10;2900;048;6;041
10;2900;049;6;041
10;2900;050;6;041
10;2900;051;6;041
10;2900;052;6;041
10;2900;053;6;041
10;2900;054;6;041
10;2900;055;6;041
10;2900;056;6;041
10;2900;057;6;041
10;2900;058;6;041
10;2900;059;6;041
10;2900;060;6;041
10;2900;061;6;041
10;2900;062;6;041
10;2900;063;6;041
10;2900;064;6;020
10;2900;065;6;033
10;2900;066;6;057
10;2900;067;6;059
10;2900;068;6;024+082+083
10;2900;069;6;004+029+039+075
10;2900;070;6;040+016
10;2900;071;6;074
10;2900;072;6;062
10;2900;073;6;018
10;2900;074;6;007
10;2900;075;6;010
10;2900;076;6;030
10;2900;077;6;030
10;2900;078;6;013
10;2900;079;6;005
10;2900;080;6;063+065
10;2900;081;6;077
10;2900;082;6;052
10;2900;083;6;068
10;2900;084;6;068
10;2900;085;6;015
10;2900;086;6;044+073
10;2900;087;6;002
10;2900;088;6;050
10;2900;089;6;072
10;2900;090;6;001
10;2900;091;6;053
10;2900;092;6;053
10;2900;093;6;008
10;2900;094;6;028
10;2900;095;6;081
10;2900;096;6;081
10;2900;097;6;021
10;2900;098;6;035
10;2900;099;6;076
10;2900;100;6;006
10;2900;101;6;011
10;2900;102;6;023
10;2900;103;6;071
10;2900;104;6;034
10;2900;105;6;049
10;2900;106;6;067
10;2900;107;6;036
10;2900;108;6;079
10;2900;109;6;080
10;2900;110;6;060+017
10;2900;111;6;046
10;2900;112;6;003+022+045
10;2900;113;6;058
10;2900;114;6;047+031+043+061+078
10;2900;115;6;048
10;2900;116;6;069
10;2900;117;6;070
10;2900;118;6;027
10;2900;119;6;009
10;2900;120;6;026
10;2900;121;6;012
10;2900;122;6;054
10;2900;123;6;056
10;2900;125;6;041
10;2900;126;6;041
10;3100;001;6;001
10;3100;002;6;002
10;3100;003;6;003
10;3100;004;6;004
10;3100;005;6;005
10;3100;006;6;006
10;3100;007;6;007
10;3100;008;6;008
10;3100;009;6;009
10;3100;010;6;010
10;3100;011;6;011
10;3100;012;6;012
10;3100;013;6;013
10;3100;014;6;014
10;3100;015;6;015
10;3100;016;6;016
10;3100;017;6;017
10;3100;018;6;018
10;3100;019;6;019
10;3100;020;6;020
10;3100;021;6;023
10;3100;022;6;021
10;3800;001;6;003
10;3800;002;6;003
10;3800;003;6;003
10;3800;004;6;003
10;3800;005;6;005
10;3800;006;6;002
10;3800;007;6;001
10;3800;008;6;004
10;4100;001;6;004
10;4100;002;6;004
10;4100;003;6;003
10;4100;004;6;003
10;4100;005;6;003
10;4100;006;6;003
10;4100;007;6;001
10;4100;008;6;002
10;4100;009;6;002
10;4800;001;6;007
10;4800;002;6;007
10;4800;003;6;007
10;4800;004;6;007
10;4800;005;6;007
10;4800;006;6;007
10;4800;007;6;007
10;4800;008;6;007
10;4800;009;6;007
10;4800;010;6;007
10;4800;011;6;007
10;4800;012;6;007
10;4800;013;6;007
10;4800;014;6;007
10;4800;015;6;007
10;4800;016;6;007
10;4800;017;6;007
10;4800;018;6;007
10;4800;019;6;007
10;4800;020;6;007
10;4800;021;6;007
10;4800;022;6;007
10;4800;023;6;007
10;4800;024;6;007
10;4800;025;6;007
10;4800;026;6;007
10;4800;027;6;007
10;4800;028;6;007
10;4800;029;6;007
10;4800;030;6;007
10;4800;031;6;007
10;4800;032;6;007
10;4800;033;6;007
10;4800;034;6;007
10;4800;035;6;007
10;4800;036;6;007
10;4800;037;6;007
10;4800;038;6;007
10;4800;039;6;007
10;4800;040;6;007
10;4800;041;6;007
10;4800;042;6;007
10;4800;043;6;007
10;4800;044;6;007
10;4800;045;6;007
10;4800;046;6;007
10;4800;047;6;007
10;4800;048;6;002
10;4800;049;6;002
10;4800;050;6;006
10;4800;051;6;006
10;4800;052;6;009
10;4800;053;6;014
10;4800;054;6;014
10;4800;055;6;013
10;4800;056;6;003
10;4800;057;6;017
10;4800;058;6;017
10;4800;059;6;017
10;4800;060;6;001
10;4800;061;6;012
10;4800;062;6;004
10;4800;063;6;008
10;4800;064;6;011
10;4800;065;6;005
10;4800;066;6;015
10;4800;067;6;016
10;4800;068;6;016
10;4800;069;6;010
10;4800;070;6;010
10;4800;071;6;010
10;4800;072;6;007
10;5000;001;6;017
10;5000;002;6;003
10;5000;003;6;012
10;5000;004;6;018
10;5000;005;6;015
10;5000;006;6;019
10;5000;007;6;004
10;5000;008;6;013
10;5000;009;6;011
10;5000;010;6;008
10;5000;011;6;010
10;5000;012;6;006
10;5000;013;6;016
10;5000;014;6;007
[END]

[MAJ]
10;6;   ;02;;;Пе▓║░ С▓е┤анов С▓о┐нов и Нели Пе▓░ова К│╢кова;, ;ПСС+НПК;34131;0;1
10;6;   ;05;;;Гео░ги Седе┤╖ов П║░ванов и Ангел Иванов Ма░ин;, ;ГСП+АИМ;46826;1;2
[END]

[PROP]
[END]

[LISTI]
[END]

[PROT]
6;10;0400;001;691+2+266+266+0+0+0+5+266;91+175
6;10;0400;002;621+1+227+227+0+0+0+6+227;73+154
6;10;0400;003;786+4+308+308+0+0+0+0+308;122+186
6;10;0400;004;714+5+276+276+0+2+2+10+274;96+178
6;10;0400;005;779+5+359+359+0+0+0+15+359;163+196
6;10;0400;006;770+3+357+357+1+1+2+355+355;119+236
6;10;0400;007;475+2+289+289+0+0+0+0+289;95+194
6;10;0400;008;747+1+418+418+2+0+2+26+416;125+291
6;10;0400;009;803+0+459+459+0+1+1+36+458;127+331
6;10;0400;010;322+3+235+235+0+0+0+15+235;83+152
6;10;0400;011;527+4+290+290+3+0+3+11+287;124+163
6;10;0400;012;325+2+227+227+0+1+1+8+226;67+159
6;10;0400;013;123+2+76+76+0+0+0+3+76;24+52
6;10;0400;014;263+5+203+203+0+2+2+5+201;100+101
6;10;0400;015;148+6+124+124+0+1+1+15+123;47+76
6;10;0400;016;208+2+148+148+0+0+0+15+148;45+103
6;10;0400;017;136+4+98+98+0+0+0+0+98;18+80
6;10;0400;018;159+7+120+120+1+0+1+6+119;36+83
6;10;0400;019;240+10+184+184+2+0+2+0+182;50+132
6;10;0400;020;111+2+81+81+0+0+0+7+81;12+69
6;10;0400;021;177+4+112+112+0+0+0+13+112;41+71
6;10;0400;022;77+1+56+56+0+0+0+5+56;15+41
6;10;0400;023;147+2+130+130+1+0+1+5+129;25+104
6;10;0400;024;235+3+159+159+0+0+0+14+159;41+118
6;10;0400;025;110+4+96+96+0+0+0+0+96;30+66
6;10;0400;026;75+0+66+66+1+0+1+0+65;41+24
6;10;0500;001;496+1+285+285+0+0+0+0+285;111+174
6;10;0500;002;435+2+281+281+0+0+0+0+281;89+192
6;10;0500;003;354+0+188+188+1+0+1+10+187;67+120
6;10;0500;004;530+1+288+288+0+0+0+37+288;132+156
6;10;0500;005;421+0+225+225+1+0+1+0+224;74+150
6;10;0500;006;456+3+276+276+0+0+0+0+276;125+151
6;10;0500;007;50+2+40+40+1+0+1+3+39;15+24
6;10;0500;008;60+5+52+52+0+0+0+0+52;32+20
6;10;0500;009;101+3+81+81+0+0+0+3+81;22+59
6;10;0500;010;80+3+51+51+0+0+0+7+51;23+28
6;10;0500;011;94+3+67+67+1+0+1+10+66;36+30
6;10;0500;012;29+5+21+21+1+0+1+0+20;7+13
6;10;0500;013;52+6+46+46+0+0+0+0+46;11+35
6;10;2700;001;413+1+250+250+0+2+2+0+248;93+155
6;10;2700;002;587+7+379+379+1+3+4+26+375;112+263
6;10;2700;003;537+4+361+361+1+2+3+22+358;139+219
6;10;2700;004;480+3+281+281+2+1+3+14+278;79+199
6;10;2700;005;397+2+227+227+1+0+1+0+226;76+150
6;10;2700;006;322+4+175+175+0+0+0+0+175;69+106
6;10;2700;007;386+1+228+228+1+0+1+0+227;40+187
6;10;2700;008;407+2+274+274+1+0+1+5+273;97+176
6;10;2700;009;500+5+353+353+3+1+4+24+349;134+215
6;10;2700;010;81+4+68+68+0+0+0+6+68;36+32
6;10;2700;011;217+5+174+174+0+0+0+0+174;61+113
6;10;2700;012;128+4+93+93+1+0+1+0+92;20+72
6;10;2700;013;130+1+111+111+0+1+1+12+110;49+61
6;10;2700;014;61+4+30+30+0+1+1+0+29;16+13
6;10;2700;015;56+8+40+40+0+0+0+0+40;15+25
6;10;2700;016;169+4+127+127+0+0+0+15+127;79+48
6;10;2900;001;521+1+304+304+0+0+0+0+304;106+198
6;10;2900;002;854+0+508+508+0+1+1+20+507;183+324
6;10;2900;003;674+3+402+402+0+0+0+16+402;161+241
6;10;2900;004;726+0+366+366+0+0+0+28+366;155+211
6;10;2900;005;830+1+475+475+0+0+0+0+475;177+298
6;10;2900;006;625+0+397+397+0+0+0+15+397;172+225
6;10;2900;007;675+0+413+413+0+0+0+50+413;139+274
6;10;2900;008;629+9+371+371+1+2+3+0+368;140+228
6;10;2900;009;895+4+502+502+0+0+0+49+502;204+298
6;10;2900;010;684+1+438+438+0+0+0+0+438;245+193
6;10;2900;011;679+6+400+400+1+1+2+0+398;188+210
6;10;2900;012;645+0+382+382+0+0+0+25+382;166+216
6;10;2900;013;871+1+496+496+0+1+1+31+495;213+282
6;10;2900;014;809+0+427+427+1+0+1+28+426;167+259
6;10;2900;015;992+0+505+505+0+0+0+0+505;192+313
6;10;2900;016;907+0+484+484+0+0+0+0+484;183+301
6;10;2900;017;815+0+423+423+0+0+0+0+423;177+246
6;10;2900;018;497+5+324+324+0+0+0+10+324;179+145
6;10;2900;019;450+0+255+255+2+2+4+15+251;146+105
6;10;2900;020;694+0+377+377+0+0+0+14+377;188+189
6;10;2900;021;815+0+446+446+1+0+1+0+445;241+204
6;10;2900;022;577+20+364+364+0+0+0+0+364;212+152
6;10;2900;023;804+0+449+449+1+0+1+14+448;234+214
6;10;2900;024;899+2+526+526+2+1+3+0+523;272+251
6;10;2900;025;805+0+462+462+0+0+0+26+462;232+230
6;10;2900;026;713+0+399+399+0+0+0+24+399;203+196
6;10;2900;027;751+5+455+455+2+1+3+25+452;226+226
6;10;2900;028;818+0+474+474+0+0+0+34+474;216+258
6;10;2900;029;766+1+392+392+0+0+0+28+392;228+164
6;10;2900;030;667+0+410+410+0+0+0+5+410;214+196
6;10;2900;031;798+0+460+460+1+0+1+0+459;270+189
6;10;2900;032;733+1+416+416+0+0+0+3+416;208+208
6;10;2900;033;877+2+523+523+0+0+0+45+523;320+203
6;10;2900;034;616+2+382+382+1+0+1+19+381;173+208
6;10;2900;035;677+5+413+413+2+0+2+0+411;224+187
6;10;2900;036;619+2+395+395+0+0+0+0+395;211+184
6;10;2900;037;713+0+438+438+0+0+0+0+438;208+230
6;10;2900;038;871+0+531+531+1+1+2+62+529;287+242
6;10;2900;039;846+5+463+463+0+0+0+0+463;216+247
6;10;2900;040;686+4+399+399+0+1+1+22+398;182+216
6;10;2900;041;777+0+429+429+0+0+0+0+429;201+228
6;10;2900;042;824+1+456+456+2+1+3+26+453;214+239
6;10;2900;043;558+0+349+349+0+0+0+0+349;188+161
6;10;2900;044;837+0+493+493+0+0+0+49+493;219+274
6;10;2900;045;857+0+520+520+1+0+1+17+519;213+306
6;10;2900;046;597+0+320+320+0+1+1+0+319;136+183
6;10;2900;047;657+0+357+357+0+0+0+21+357;117+240
6;10;2900;048;844+0+417+417+0+0+0+23+417;166+251
6;10;2900;049;637+0+334+334+2+0+2+18+332;144+188
6;10;2900;050;646+0+334+334+0+0+0+18+334;125+209
6;10;2900;051;899+0+470+470+0+0+0+5+470;209+261
6;10;2900;052;720+1+367+367+0+0+0+0+367;171+196
6;10;2900;053;869+0+493+493+0+2+2+25+491;172+319
6;10;2900;054;822+0+449+449+0+0+0+5+449;211+238
6;10;2900;055;644+1+325+325+0+0+0+8+325;115+210
6;10;2900;056;628+0+384+384+1+0+1+16+383;158+225
6;10;2900;057;600+0+357+357+0+1+1+9+356;143+213
6;10;2900;058;684+0+221+221+0+0+0+0+221;77+144
6;10;2900;059;726+0+330+330+1+1+2+16+328;116+212
6;10;2900;060;558+11+252+252+1+0+1+0+251;42+209
6;10;2900;061;703+11+298+298+0+0+1+0+297;108+189
6;10;2900;062;659+0+345+345+0+2+2+0+343;162+181
6;10;2900;063;750+10+338+338+0+0+0+0+338;188+150
6;10;2900;064;342+1+244+244+1+1+2+19+242;62+180
6;10;2900;065;126+0+93+93+0+0+0+7+93;23+70
6;10;2900;066;142+6+57+57+0+1+1+0+56;10+46
6;10;2900;067;186+6+107+107+0+1+1+6+106;28+78
6;10;2900;068;147+4+86+86+0+0+0+0+86;18+68
6;10;2900;069;93+4+56+56+0+0+0+0+56;11+45
6;10;2900;070;25+6+23+23+0+0+0+0+23;2+21
6;10;2900;071;55+6+47+47+0+0+0+0+47;26+21
6;10;2900;072;68+6+45+45+0+0+0+0+45;8+37
6;10;2900;073;164+3+117+117+1+1+2+4+115;28+87
6;10;2900;074;233+1+124+124+0+0+0+4+124;46+78
6;10;2900;075;84+5+64+64+1+0+1+1+63;16+47
6;10;2900;076;568+3+349+349+0+0+0+0+349;143+206
6;10;2900;077;527+1+328+328+1+0+1+26+327;125+202
6;10;2900;078;317+2+205+205+0+0+0+10+205;75+130
6;10;2900;079;382+3+243+243+3+0+3+0+240;132+108
6;10;2900;080;39+3+10+10+0+0+0+0+10;5+5
6;10;2900;081;29+4+17+17+0+0+0+0+17;7+10
6;10;2900;082;60+8+37+37+0+0+0+0+37;15+22
6;10;2900;083;755+0+483+483+0+0+0+10+483;239+244
6;10;2900;084;751+0+394+394+0+0+0+31+394;204+190
6;10;2900;085;575+1+352+352+1+1+2+0+350;144+206
6;10;2900;086;65+8+56+56+0+1+1+0+55;19+36
6;10;2900;087;132+3+135+135+0+0+0+14+135;56+79
6;10;2900;088;178+6+113+113+0+0+0+8+113;49+64
6;10;2900;089;126+4+102+102+0+0+0+7+102;67+35
6;10;2900;090;667+8+464+464+0+0+0+0+464;134+330
6;10;2900;091;424+3+265+265+0+0+0+0+265;82+183
6;10;2900;092;459+2+302+302+0+1+1+0+301;95+206
6;10;2900;093;133+3+96+96+1+0+1+10+95;26+69
6;10;2900;094;648+2+420+420+1+1+2+21+418;181+237
6;10;2900;095;453+2+277+277+0+0+0+0+277;79+198
6;10;2900;096;434+2+246+246+0+2+2+0+244;66+178
6;10;2900;097;138+3+88+88+0+0+0+0+88;26+62
6;10;2900;098;801+4+515+515+1+2+3+59+512;188+324
6;10;2900;099;79+4+55+55+0+0+0+0+55;23+32
6;10;2900;100;42+4+35+35+0+0+0+0+35;10+25
6;10;2900;101;422+0+274+274+2+0+2+0+272;91+181
6;10;2900;102;140+4+96+96+0+0+0+6+96;31+65
6;10;2900;103;351+3+236+236+0+0+0+6+236;80+156
6;10;2900;104;145+11+130+130+1+0+1+9+129;46+83
6;10;2900;105;385+6+239+239+0+0+0+6+239;99+140
6;10;2900;106;194+6+127+127+1+1+2+7+125;48+77
6;10;2900;107;634+0+383+383+0+0+0+21+383;106+277
6;10;2900;108;140+4+106+106+0+0+0+6+106;31+75
6;10;2900;109;552+3+373+373+0+0+0+27+373;139+234
6;10;2900;110;307+9+233+233+1+0+1+16+232;53+179
6;10;2900;111;765+2+491+491+2+0+2+18+489;167+322
6;10;2900;112;58+7+49+49+0+0+0+0+49;13+36
6;10;2900;113;128+4+105+105+0+0+0+6+105;25+80
6;10;2900;114;98+12+69+69+0+0+0+0+69;9+60
6;10;2900;115;94+2+73+73+0+0+0+0+73;8+65
6;10;2900;116;672+8+413+413+0+1+1+19+412;145+267
6;10;2900;117;210+5+160+160+0+0+0+0+160;54+106
6;10;2900;118;514+11+346+346+0+0+0+27+346;69+277
6;10;2900;119;153+3+111+111+3+0+3+0+108;28+80
6;10;2900;120;54+3+38+38+0+0+0+0+38;14+24
6;10;2900;121;23+9+18+18+0+0+0+0+18;2+16
6;10;2900;122;37+6+26+26+0+0+0+1+26;7+19
6;10;2900;123;79+2+51+51+0+0+0+0+51;8+43
6;10;2900;125;99+2+62+62+0+0+0+6+62;35+27
6;10;2900;126;138+24+122+122+0+0+0+0+122;58+64
6;10;3100;001;640+1+394+394+0+1+1+24+393;114+279
6;10;3100;002;37+4+34+34+1+3+4+4+30;7+23
6;10;3100;003;37+1+25+25+0+0+0+0+25;2+23
6;10;3100;004;72+6+54+54+1+0+1+0+53;10+43
6;10;3100;005;229+8+177+177+0+1+1+12+176;55+121
6;10;3100;006;273+8+177+177+0+0+0+16+177;60+117
6;10;3100;007;123+7+93+93+0+0+0+6+93;42+51
6;10;3100;008;105+5+92+92+0+0+0+0+92;33+59
6;10;3100;009;94+9+85+85+0+1+1+0+84;12+72
6;10;3100;010;149+18+124+124+0+0+0+0+124;28+96
6;10;3100;011;65+5+56+56+0+0+0+0+56;10+46
6;10;3100;012;585+4+369+369+1+2+3+15+366;139+227
6;10;3100;013;137+4+103+103+1+0+1+7+102;38+64
6;10;3100;014;77+4+63+63+0+0+0+0+63;15+48
6;10;3100;015;186+0+124+124+2+0+2+15+122;42+80
6;10;3100;016;65+4+48+48+0+0+0+4+48;14+34
6;10;3100;017;194+2+150+150+2+0+2+10+148;48+100
6;10;3100;018;44+1+17+17+0+0+0+1+17;5+12
6;10;3100;019;86+1+54+54+0+0+0+0+54;26+28
6;10;3100;020;121+4+83+83+0+0+0+0+83;18+65
6;10;3100;021;236+1+167+167+0+0+0+17+167;66+101
6;10;3100;022;122+7+91+91+1+0+1+7+90;21+69
6;10;3800;001;684+2+335+335+4+0+4+29+331;98+233
6;10;3800;002;550+0+320+320+0+0+0+0+320;119+201
6;10;3800;003;740+0+390+390+0+0+0+0+390;160+230
6;10;3800;004;591+0+357+357+1+0+1+6+356;126+230
6;10;3800;005;309+4+209+209+1+0+1+27+208;71+137
6;10;3800;006;196+2+123+123+0+0+0+0+123;32+91
6;10;3800;007;46+5+40+40+0+0+0+0+40;10+30
6;10;3800;008;55+5+18+18+0+0+0+0+18;12+6
6;10;4100;001;556+0+283+283+1+0+1+16+282;119+163
6;10;4100;002;819+0+501+501+1+0+1+0+500;226+274
6;10;4100;003;866+0+487+487+0+0+0+44+487;199+288
6;10;4100;004;968+3+586+586+0+0+0+53+586;288+298
6;10;4100;005;995+2+611+611+1+1+2+31+609;290+319
6;10;4100;006;880+0+503+503+0+0+0+27+503;267+236
6;10;4100;007;1019+0+634+634+2+1+3+41+631;282+349
6;10;4100;008;663+0+318+318+0+0+0+41+318;143+175
6;10;4100;009;515+0+247+247+0+0+0+0+247;132+115
6;10;4800;001;847+2+481+481+0+2+2+0+479;251+228
6;10;4800;002;790+0+411+411+0+0+0+3+411;192+219
6;10;4800;003;980+0+483+483+0+1+1+0+482;217+265
6;10;4800;004;658+2+355+355+0+0+0+0+355;155+200
6;10;4800;005;603+0+296+296+0+0+0+5+296;152+144
6;10;4800;006;727+0+340+340+0+0+0+15+340;167+173
6;10;4800;007;521+5+324+324+0+0+0+0+324;180+144
6;10;4800;008;533+2+332+332+2+0+2+0+330;170+160
6;10;4800;009;463+0+291+291+1+1+2+17+289;170+119
6;10;4800;010;777+0+439+439+1+3+4+0+435;216+219
6;10;4800;011;823+0+497+497+2+0+2+26+495;248+247
6;10;4800;012;575+1+354+354+1+1+2+30+352;170+182
6;10;4800;013;734+0+376+376+0+0+0+0+376;214+162
6;10;4800;014;462+0+293+293+0+0+0+19+293;123+170
6;10;4800;015;760+0+405+405+0+0+0+17+405;198+207
6;10;4800;016;734+0+380+380+1+1+2+21+378;157+221
6;10;4800;017;783+0+426+426+0+0+0+0+426;158+268
6;10;4800;018;764+0+423+423+3+0+3+0+420;195+225
6;10;4800;019;666+0+391+391+0+2+2+10+389;204+185
6;10;4800;020;1002+0+536+536+1+0+1+47+535;261+274
6;10;4800;021;664+6+342+342+1+0+1+9+341;185+156
6;10;4800;022;905+0+456+456+3+0+3+0+453;219+234
6;10;4800;023;946+0+393+393+0+0+0+10+393;163+230
6;10;4800;024;1044+4+431+431+0+0+0+21+431;212+219
6;10;4800;025;984+0+442+442+0+1+1+0+441;214+227
6;10;4800;026;800+0+328+328+1+0+1+17+327;167+160
6;10;4800;027;581+0+316+316+0+0+0+0+316;155+161
6;10;4800;028;732+0+409+409+2+0+2+0+407;181+226
6;10;4800;029;677+0+326+326+1+0+1+19+325;171+154
6;10;4800;030;818+2+402+402+2+1+3+29+399;160+239
6;10;4800;031;814+1+477+477+0+0+0+0+477;241+236
6;10;4800;032;650+0+320+320+2+0+2+0+318;144+174
6;10;4800;033;718+0+388+388+1+0+1+0+387;205+182
6;10;4800;034;973+0+455+455+0+0+0+0+455;206+249
6;10;4800;035;719+9+352+352+0+0+0+0+352;125+227
6;10;4800;036;755+0+395+395+1+0+1+0+394;208+186
6;10;4800;037;537+0+286+286+3+0+3+0+283;127+156
6;10;4800;038;800+0+490+490+0+1+1+29+489;205+284
6;10;4800;039;892+1+499+499+0+0+0+22+499;254+245
6;10;4800;040;836+2+446+446+2+0+2+0+444;232+212
6;10;4800;041;796+0+433+433+0+0+0+10+433;218+215
6;10;4800;042;881+0+452+452+0+0+0+9+452;242+210
6;10;4800;043;566+1+314+314+0+0+0+0+314;164+150
6;10;4800;044;659+0+374+374+0+0+0+0+374;164+210
6;10;4800;045;718+0+351+351+3+0+3+0+348;166+182
6;10;4800;046;864+0+376+376+0+0+0+0+376;185+191
6;10;4800;047;922+0+477+477+0+2+2+0+475;251+224
6;10;4800;048;609+0+265+265+1+0+1+19+264;126+138
6;10;4800;049;898+2+475+475+1+0+1+47+474;159+315
6;10;4800;050;557+0+318+318+0+3+3+0+315;135+180
6;10;4800;051;619+1+346+346+1+0+1+0+345;149+196
6;10;4800;052;62+5+53+53+0+0+0+0+53;32+21
6;10;4800;053;665+0+342+342+0+1+1+24+341;104+237
6;10;4800;054;780+0+440+440+0+1+1+32+439;119+320
6;10;4800;055;164+0+95+95+0+0+0+8+95;26+69
6;10;4800;056;167+14+115+115+0+0+0+0+115;47+68
6;10;4800;057;640+2+355+355+3+0+3+0+352;135+217
6;10;4800;058;583+0+313+313+0+0+0+0+313;121+192
6;10;4800;059;637+0+367+367+0+0+0+0+367;173+194
6;10;4800;060;501+8+334+334+1+0+1+40+333;126+207
6;10;4800;061;215+2+157+157+0+1+1+19+156;96+60
6;10;4800;062;65+0+51+51+0+0+0+10+51;16+35
6;10;4800;063;366+5+265+265+0+0+0+0+265;87+178
6;10;4800;064;54+2+47+47+0+0+0+0+47;4+43
6;10;4800;065;105+1+79+79+0+0+0+0+79;33+46
6;10;4800;066;211+1+165+165+0+0+0+13+165;55+110
6;10;4800;067;298+1+299+299+0+0+0+5+299;147+152
6;10;4800;068;566+0+282+282+0+0+0+0+282;137+145
6;10;4800;069;648+3+397+397+1+0+1+7+396;160+236
6;10;4800;070;658+2+385+385+1+0+1+0+384;169+215
6;10;4800;071;488+0+299+299+0+1+1+0+298;123+175
6;10;4800;072;61+0+40+40+0+0+0+2+40;6+34
6;10;5000;001;291+8+208+208+0+0+0+18+208;47+161
6;10;5000;002;41+16+51+51+0+0+0+2+51;4+47
6;10;5000;003;43+6+40+40+0+0+0+0+40;9+31
6;10;5000;004;50+2+34+34+0+0+0+1+34;12+22
6;10;5000;005;91+8+73+73+0+0+0+3+73;21+52
6;10;5000;006;52+2+42+42+0+0+0+0+42;2+40
6;10;5000;007;42+3+27+27+0+0+0+0+27;6+21
6;10;5000;008;29+3+21+21+0+0+0+1+21;0+21
6;10;5000;009;25+2+20+20+0+0+0+0+20;1+19
6;10;5000;010;29+4+21+21+0+0+0+0+21;2+19
6;10;5000;011;75+2+49+49+0+0+0+4+49;18+31
6;10;5000;012;67+0+43+43+0+0+0+3+43;13+30
6;10;5000;013;55+4+37+37+0+0+0+0+37;8+29
6;10;5000;014;25+3+22+22+0+0+0+0+22;6+16
[END]

[AGGR]
10;6;   ;2+305+305+141770+846+81178+81178+135+85+221+3147+80957;34131+46826
[END]
