[INFO]
11;Лове╖;301
[END]

[IZB]
11;6;   ;;18.11.2001;2;2;287
[END]

[NM]
1102;001;г░. Ап░ил╢и;52218;00
1102;003;▒. Вел╖ево;10567;00
1102;004;▒. Д░а╕кова пол┐на;23621;00
1102;005;▒. Скандало▓о;66771;00
1117;001;▒. Го░▒ко Сливово;17244;00
1117;002;▒. К░│╕│на;40261;00
1117;003;▒. К║░па╖ево;40943;00
1117;004;г░. Ле▓ни╢а;43476;00
1118;001;▒. Аблани╢а;00028;00
1118;002;▒. Алек▒анд░ово;00299;00
1118;003;▒. Ба╡ови╢а;02935;00
1118;004;▒. Б░е▒▓ово;06536;00
1118;005;▒. Б║лга░ене;07260;00
1118;006;▒. Владин┐;11452;00
1118;007;▒. Го░ан;16002;00
1118;008;▒. Го░но Павликени;16883;00
1118;009;▒. Го▒▓ин┐;17378;00
1118;010;▒. Деве▓аки;20420;00
1118;011;▒. Дой░ен╢и;21823;00
1118;012;▒. Д░енов;23666;00
1118;013;▒. Д║б░ава;24373;00
1118;014;м. Изво░╖е;32500;00
1118;015;▒. Йоглав;34093;00
1118;016;▒. Каза╖ево;35198;00
1118;017;▒. К║к░ина;40837;00
1118;018;▒. Ле╕ни╢а;43579;00
1118;019;▒. Ли▒е╢;43829;00
1118;020;г░. Лове╖;43952;00
1118;021;▒. Малиново;46396;00
1118;022;▒. П░елом;58150;00
1118;023;▒. П░е▒┐ка;58308;00
1118;024;▒. Рад╛вене;69523;00
1118;025;▒. Скобелево;66799;00
1118;026;▒. Слав┐ни;67060;00
1118;027;▒. Сла▓ина;67218;00
1118;028;▒. Сливек;67324;00
1118;029;▒. Смо╖ан;67670;00
1118;030;▒. Соколово;67948;00
1118;031;▒. С▓е┤аново;69225;00
1118;033;▒. Тепава;72254;00
1118;034;▒. Ума░ев╢и;75112;00
1118;035;▒. Хлевене;77311;00
1118;036;▒. Чавда░╢и;80039;00
1119;001;▒. Бежаново;03143;00
1119;002;▒. Белен╢и;03373;00
1119;003;▒. Де░ман╢и;20688;00
1119;004;▒. Д║бен;24236;00
1119;005;▒. Ка░л│ково;36511;00
1119;006;г░. Л│кови▓;44327;00
1119;007;▒. Пе▓░евене;56099;00
1119;008;▒. Пе╣е░на;56318;00
1119;009;▒. Р│м┐н╢ево;63327;00
1119;010;▒. Тодо░и╖ене;72552;00
1119;011;▒. То░о▒;43058;00
1119;012;▒. Ъглен;85010;00
1133;003;▒. Бабин╢и;07884;00
1133;004;▒. Б║лга░▒ки изво░;07357;00
1133;005;▒. Ва▒ил╝ово;10272;00
1133;006;▒. Гала▓а;14386;00
1133;007;▒. Глогово;15148;00
1133;008;▒. Гложене;15165;00
1133;009;▒. Гол┐м изво░;15758;00
1133;013;▒. Г░аде╕ни╢а;17419;00
1133;014;▒. Див╖ово▓о;20996;00
1133;020;▒. Малка Жел┐зна;46437;00
1133;023;▒. Риба░и╢а;62579;00
1133;024;г░. Те▓евен;72343;00
1133;026;▒. Че░ни Ви▓;80902;00
1133;027;м. А▒ен;00686;00
1134;002;▒. Балабан▒ко;02302;00
1134;003;▒. Балкане╢;02448;00
1134;004;▒. Бели О▒║м;03486;00
1134;005;▒. Бели╕;03558;00
1134;006;▒. Бо░има;05445;00
1134;007;▒. В░абево;12108;00
1134;009;▒. Гол┐ма Жел┐зна;15703;00
1134;010;▒. Го░но Т░апе;16986;00
1134;011;▒. Г│мо╣ник;18109;00
1134;012;▒. Дебнево;20300;00
1134;013;▒. Доб░одан;21590;00
1134;015;▒. Д║лбок дол;24476;00
1134;016;▒. Калей╢а;35290;00
1134;019;▒. Ломе╢;44241;00
1134;020;▒. О░е╕ак;53707;00
1134;021;▒. Па▓░е╕ко;55587;00
1134;023;▒. С▓а░о ▒ело;70500;00
1134;024;▒. Те░зий▒ко;72309;00
1134;025;г░. Т░о┐н;73198;00
1134;026;▒. Че░ни О▒║м;80981;00
1134;027;▒. Чи┤лик;81476;00
1134;028;▒. Шипково;83212;00
1136;001;▒. Голе╢;15552;00
1136;002;▒. Д░агана;23060;00
1136;003;▒. Каленик;35331;00
1136;004;▒. Ка▓│не╢;36662;00
1136;005;▒. Ки░╖ево;36943;00
1136;006;▒. Ле▒ид░ен;43325;00
1136;007;▒. Мик░е;48060;00
1136;008;▒. О░л┐не;53967;00
1136;009;▒. Слав╣и╢а;67057;00
1136;011;▒. Сопо▓;68076;00
1136;012;г░. Уг║░╖ин;75054;00
1138;001;▒. Ба▓│л╢и;02909;00
1138;002;▒. Б░е▒▓ни╢а;06450;00
1138;003;▒. Гол┐ма Б░е▒▓ни╢а;15655;00
1138;004;▒. Доб░ев╢и;21381;00
1138;005;▒. Д║б░ава▓а;24390;00
1138;006;▒. Зла▓на Панега;31098;00
1138;007;▒. Мал║к изво░;46886;00
1138;009;▒. О░е╕ене;53730;00
1138;012;г░. Яблани╢а;87014;00
[END]

[SEC]
11;0200;001;6;001
11;0200;002;6;001
11;0200;003;6;001
11;0200;004;6;001
11;0200;005;6;005
11;0200;006;6;003
11;0200;007;6;004
11;1700;001;6;004
11;1700;002;6;004
11;1700;003;6;004
11;1700;004;6;004
11;1700;005;6;004
11;1700;006;6;001
11;1700;007;6;001
11;1700;008;6;002
11;1700;009;6;003
11;1800;001;6;020
11;1800;002;6;020
11;1800;003;6;020
11;1800;004;6;020
11;1800;005;6;020
11;1800;006;6;020
11;1800;007;6;020
11;1800;008;6;020
11;1800;009;6;020
11;1800;010;6;020
11;1800;011;6;020
11;1800;012;6;020
11;1800;013;6;020
11;1800;014;6;020
11;1800;015;6;020
11;1800;016;6;020
11;1800;017;6;020
11;1800;018;6;020
11;1800;019;6;020
11;1800;020;6;020
11;1800;021;6;020
11;1800;022;6;020
11;1800;023;6;020
11;1800;024;6;020
11;1800;025;6;020
11;1800;026;6;020
11;1800;027;6;020
11;1800;028;6;020
11;1800;029;6;020
11;1800;030;6;020
11;1800;031;6;020
11;1800;032;6;020
11;1800;033;6;020
11;1800;034;6;020
11;1800;035;6;020
11;1800;036;6;020
11;1800;037;6;025
11;1800;038;6;027
11;1800;039;6;027
11;1800;040;6;007
11;1800;041;6;034
11;1800;042;6;003
11;1800;043;6;003
11;1800;044;6;019
11;1800;045;6;019
11;1800;046;6;026
11;1800;047;6;026
11;1800;048;6;024
11;1800;049;6;024
11;1800;050;6;017
11;1800;051;6;004
11;1800;052;6;021
11;1800;053;6;021
11;1800;054;6;005
11;1800;055;6;031
11;1800;056;6;013
11;1800;057;6;022
11;1800;058;6;016
11;1800;059;6;008
11;1800;060;6;028
11;1800;061;6;018
11;1800;062;6;001
11;1800;063;6;035
11;1800;064;6;023
11;1800;065;6;029
11;1800;066;6;009
11;1800;067;6;020
11;1800;068;6;020
11;1800;069;6;020
11;1800;070;6;020
11;1800;071;6;002
11;1800;072;6;002
11;1800;073;6;002
11;1800;074;6;006
11;1800;075;6;012
11;1800;076;6;011
11;1800;077;6;011
11;1800;078;6;010
11;1800;079;6;036
11;1800;080;6;015
11;1800;081;6;033
11;1800;082;6;020
11;1800;083;6;020
11;1800;084;6;020
11;1800;085;6;020
11;1800;086;6;020
11;1800;087;6;020
11;1800;088;6;020
11;1800;089;6;020
11;1800;090;6;020
11;1800;091;6;020
11;1800;092;6;020
11;1800;093;6;020
11;1800;094;6;020
11;1800;095;6;020
11;1800;096;6;020
11;1800;097;6;030
11;1800;098;6;014
11;1800;099;6;020
11;1800;100;6;020
11;1800;101;6;020
11;1800;102;6;020
11;1800;103;6;020
11;1800;104;6;028
11;1800;105;6;020
11;1900;001;6;006
11;1900;002;6;006
11;1900;003;6;006
11;1900;004;6;006
11;1900;005;6;006
11;1900;006;6;006
11;1900;007;6;006
11;1900;008;6;006
11;1900;009;6;006
11;1900;010;6;006
11;1900;011;6;005
11;1900;012;6;002
11;1900;013;6;009
11;1900;015;6;007
11;1900;016;6;010
11;1900;018;6;004
11;1900;019;6;008
11;1900;020;6;011
11;1900;021;6;011
11;1900;022;6;003
11;1900;023;6;003
11;1900;024;6;003
11;1900;025;6;012
11;1900;027;6;001
11;1900;028;6;001
11;3300;001;6;003
11;3300;002;6;004
11;3300;003;6;004
11;3300;004;6;005
11;3300;005;6;006
11;3300;006;6;006
11;3300;007;6;006
11;3300;008;6;007
11;3300;009;6;007
11;3300;010;6;008
11;3300;011;6;008
11;3300;012;6;008+027
11;3300;013;6;009
11;3300;014;6;009
11;3300;015;6;009
11;3300;016;6;013
11;3300;017;6;013
11;3300;018;6;014
11;3300;019;6;020
11;3300;020;6;023
11;3300;021;6;023
11;3300;022;6;023
11;3300;023;6;024
11;3300;024;6;024
11;3300;025;6;024
11;3300;026;6;024
11;3300;027;6;024
11;3300;028;6;024
11;3300;029;6;024
11;3300;030;6;024
11;3300;031;6;024
11;3300;032;6;024
11;3300;033;6;024
11;3300;034;6;024
11;3300;035;6;024
11;3300;036;6;024
11;3300;037;6;024
11;3300;038;6;026
11;3300;039;6;026
11;3300;040;6;026
11;3300;041;6;024
11;3400;001;6;025
11;3400;002;6;025
11;3400;003;6;025
11;3400;004;6;025
11;3400;005;6;025
11;3400;006;6;025
11;3400;007;6;025
11;3400;008;6;025
11;3400;009;6;025
11;3400;010;6;025
11;3400;011;6;025
11;3400;012;6;025
11;3400;013;6;025
11;3400;014;6;025
11;3400;015;6;025
11;3400;016;6;025
11;3400;017;6;025
11;3400;018;6;025
11;3400;019;6;025
11;3400;020;6;025
11;3400;021;6;025
11;3400;022;6;025
11;3400;023;6;025
11;3400;024;6;025
11;3400;025;6;025
11;3400;026;6;025
11;3400;027;6;025
11;3400;028;6;025
11;3400;029;6;025
11;3400;030;6;025
11;3400;032;6;003
11;3400;033;6;016
11;3400;034;6;016
11;3400;035;6;010
11;3400;037;6;002
11;3400;038;6;005
11;3400;039;6;027
11;3400;040;6;027
11;3400;041;6;024
11;3400;042;6;024
11;3400;043;6;004
11;3400;044;6;004
11;3400;045;6;004
11;3400;046;6;028
11;3400;047;6;028
11;3400;048;6;028
11;3400;050;6;020
11;3400;051;6;020
11;3400;052;6;026
11;3400;053;6;026
11;3400;054;6;021
11;3400;055;6;012
11;3400;056;6;012
11;3400;058;6;011
11;3400;059;6;007
11;3400;060;6;007
11;3400;061;6;013
11;3400;062;6;015
11;3400;063;6;019
11;3400;064;6;006
11;3400;065;6;006
11;3400;066;6;023
11;3400;067;6;009
11;3400;068;6;009
11;3400;069;6;025
11;3400;070;6;025
11;3400;071;6;025
11;3400;072;6;025
11;3400;073;6;025
11;3400;074;6;025
11;3400;075;6;025
11;3400;076;6;025
11;3600;001;6;012
11;3600;002;6;012
11;3600;003;6;012
11;3600;004;6;002
11;3600;005;6;004
11;3600;006;6;003
11;3600;007;6;008
11;3600;008;6;006
11;3600;009;6;006
11;3600;010;6;005
11;3600;011;6;009
11;3600;012;6;011
11;3600;013;6;007
11;3600;014;6;001
11;3800;001;6;012
11;3800;002;6;012
11;3800;003;6;012
11;3800;004;6;012
11;3800;005;6;012
11;3800;006;6;012
11;3800;007;6;001
11;3800;008;6;002
11;3800;009;6;003
11;3800;010;6;004
11;3800;011;6;005
11;3800;012;6;006
11;3800;013;6;007
11;3800;014;6;009
[END]

[MAJ]
11;6;   ;02;;;Пе▓║░ С▓е┤анов С▓о┐нов и Нели Пе▓░ова К│╢кова;, ;ПСС+НПК;38758;0;1
11;6;   ;05;;;Гео░ги Седе┤╖ов П║░ванов и Ангел Иванов Ма░ин;, ;ГСП+АИМ;43899;1;2
[END]

[PROP]
[END]

[LISTI]
[END]

[PROT]
6;11;0200;001;881+6+579+579+3+0+3+14+576;354+222
6;11;0200;002;757+2+455+455+0+1+1+16+454;190+264
6;11;0200;003;612+0+288+288+0+0+0+5+288;130+158
6;11;0200;004;767+3+474+474+0+0+0+0+474;267+207
6;11;0200;005;84+0+71+71+0+0+0+1+71;32+39
6;11;0200;006;225+2+145+145+1+0+1+12+144;44+100
6;11;0200;007;61+0+42+42+0+0+0+0+42;13+29
6;11;1700;001;653+1+384+384+2+1+3+0+381;149+232
6;11;1700;002;621+1+340+340+0+0+0+8+340;170+170
6;11;1700;003;541+2+294+294+0+3+3+0+291;138+153
6;11;1700;004;744+0+255+255+0+0+0+11+255;68+187
6;11;1700;005;732+1+320+320+0+0+0+0+320;66+254
6;11;1700;006;413+6+245+245+1+0+1+0+244;93+151
6;11;1700;007;379+5+230+230+0+0+0+0+230;104+126
6;11;1700;008;357+0+240+240+0+0+0+5+240;72+168
6;11;1700;009;118+1+79+79+1+0+1+1+78;36+42
6;11;1800;001;781+15+335+335+2+1+3+17+332;166+166
6;11;1800;002;831+0+482+482+0+1+1+7+481;248+233
6;11;1800;003;686+0+429+429+0+0+0+18+429;254+175
6;11;1800;004;757+0+404+404+2+0+2+14+402;200+202
6;11;1800;005;672+3+331+331+0+1+1+9+330;171+159
6;11;1800;006;967+1+546+546+0+0+0+12+546;269+277
6;11;1800;007;669+0+353+353+1+1+2+9+351;180+171
6;11;1800;008;745+0+371+371+1+0+1+13+370;202+168
6;11;1800;009;567+0+316+316+2+0+2+7+314;164+150
6;11;1800;010;520+4+270+270+0+0+0+0+270;135+135
6;11;1800;011;614+2+298+298+0+0+0+4+298;159+139
6;11;1800;012;674+0+286+286+0+0+0+2+286;151+135
6;11;1800;013;882+0+429+429+0+0+0+4+429;209+220
6;11;1800;014;717+0+366+366+1+0+1+8+365;201+164
6;11;1800;015;879+0+447+447+0+0+0+4+447;218+229
6;11;1800;016;779+0+448+448+0+0+0+0+448;260+188
6;11;1800;017;638+0+355+355+0+1+1+17+354;169+185
6;11;1800;018;687+0+403+403+1+2+3+12+400;169+231
6;11;1800;019;783+0+376+376+0+0+0+11+376;180+196
6;11;1800;020;892+0+451+451+1+1+2+0+449;238+211
6;11;1800;021;683+15+378+378+0+0+0+11+378;210+168
6;11;1800;022;639+0+346+346+2+1+3+0+343;173+170
6;11;1800;023;587+0+297+297+0+0+0+7+297;186+111
6;11;1800;024;723+0+367+367+1+0+1+0+366;191+175
6;11;1800;025;715+0+335+335+0+2+2+14+333;175+158
6;11;1800;026;940+1+527+527+2+1+3+0+524;265+259
6;11;1800;027;562+0+333+333+2+0+2+0+331;137+194
6;11;1800;028;671+0+360+360+0+0+0+0+360;197+163
6;11;1800;029;757+0+379+379+0+1+1+10+378;190+188
6;11;1800;030;367+0+124+124+0+0+0+0+124;62+62
6;11;1800;031;657+2+302+302+1+0+1+1+301;137+164
6;11;1800;032;740+0+446+446+0+0+0+0+446;248+198
6;11;1800;033;652+0+303+303+2+1+3+0+300;146+154
6;11;1800;034;457+0+222+222+2+1+3+10+219;95+124
6;11;1800;035;795+0+440+440+0+0+0+0+440;235+205
6;11;1800;036;658+0+376+376+0+0+0+12+376;203+173
6;11;1800;037;254+2+176+176+0+1+1+0+175;79+96
6;11;1800;038;513+2+290+290+0+0+0+0+290;68+222
6;11;1800;039;321+1+221+221+0+0+0+1+221;75+146
6;11;1800;040;348+2+251+251+0+2+2+8+249;62+187
6;11;1800;041;385+1+278+278+0+1+1+10+277;131+146
6;11;1800;042;394+1+267+267+1+0+1+0+266;119+147
6;11;1800;043;534+2+314+314+2+0+2+0+312;130+182
6;11;1800;044;515+9+359+359+2+0+2+0+357;139+218
6;11;1800;045;284+1+196+196+0+0+0+0+196;74+122
6;11;1800;046;369+2+274+274+0+1+1+14+273;104+169
6;11;1800;047;353+0+209+209+0+0+0+13+209;98+111
6;11;1800;048;446+8+333+333+0+0+0+17+333;112+221
6;11;1800;049;322+8+237+237+0+2+2+5+235;74+161
6;11;1800;050;324+4+247+247+0+0+0+0+247;39+208
6;11;1800;051;223+8+181+181+2+0+2+0+179;35+144
6;11;1800;052;418+2+265+265+0+2+2+0+263;168+95
6;11;1800;053;414+2+246+246+2+0+2+0+244;129+115
6;11;1800;054;204+5+168+168+1+0+1+7+167;47+120
6;11;1800;055;138+2+104+104+0+0+0+0+104;36+68
6;11;1800;056;40+7+39+39+1+2+3+2+36;6+30
6;11;1800;057;125+1+92+92+1+0+1+0+91;43+48
6;11;1800;058;245+4+172+172+1+0+1+7+171;61+110
6;11;1800;059;311+1+236+236+2+0+2+22+234;44+190
6;11;1800;060;121+2+65+65+0+0+0+1+65;35+30
6;11;1800;061;187+10+154+154+0+1+1+0+153;52+101
6;11;1800;062;157+7+121+121+0+0+0+0+121;49+72
6;11;1800;063;229+5+234+234+3+0+3+9+231;87+144
6;11;1800;064;320+2+160+160+0+0+0+3+160;49+111
6;11;1800;065;266+4+202+202+0+0+0+6+202;63+139
6;11;1800;066;181+4+147+147+2+0+2+5+145;28+117
6;11;1800;067;774+0+329+329+0+0+0+5+329;191+138
6;11;1800;068;744+11+348+348+0+1+1+8+347;179+168
6;11;1800;069;558+0+229+229+0+0+0+0+229;119+110
6;11;1800;070;830+0+382+382+0+0+0+9+382;199+183
6;11;1800;071;359+3+181+181+0+0+0+0+181;78+103
6;11;1800;072;774+4+332+332+0+1+1+0+331;83+248
6;11;1800;073;593+3+291+291+0+1+1+6+290;79+211
6;11;1800;074;418+10+299+299+0+0+0+10+299;115+184
6;11;1800;075;411+1+285+285+1+0+1+11+284;73+211
6;11;1800;076;510+6+324+324+0+0+0+0+324;96+228
6;11;1800;077;564+3+362+362+0+0+0+0+362;101+261
6;11;1800;078;292+3+170+170+0+0+0+17+170;41+129
6;11;1800;079;385+6+247+247+0+1+1+12+246;105+141
6;11;1800;080;352+7+231+231+0+0+0+7+231;78+153
6;11;1800;081;120+5+98+98+0+0+0+5+98;40+58
6;11;1800;082;759+0+352+352+0+0+0+2+352;167+185
6;11;1800;083;826+0+383+383+0+0+0+8+383;209+174
6;11;1800;084;648+0+298+298+0+0+0+11+298;135+163
6;11;1800;085;912+0+453+453+3+0+3+0+450;228+222
6;11;1800;086;668+0+290+290+0+0+0+8+290;160+130
6;11;1800;087;628+1+371+371+0+0+0+0+371;204+167
6;11;1800;088;542+0+295+295+1+0+1+4+294;140+154
6;11;1800;089;721+0+388+388+0+0+0+6+388;173+215
6;11;1800;090;524+0+302+302+1+0+1+4+301;166+135
6;11;1800;091;783+0+430+430+1+0+1+0+429;233+196
6;11;1800;092;709+0+392+392+0+0+0+0+392;224+168
6;11;1800;093;866+0+385+385+1+0+1+5+384;209+175
6;11;1800;094;695+0+347+347+1+1+2+4+345;201+144
6;11;1800;095;647+0+325+325+0+0+0+9+325;168+157
6;11;1800;096;575+0+264+264+1+0+1+7+263;153+110
6;11;1800;097;161+1+121+121+0+1+1+6+120;61+59
6;11;1800;098;49+3+41+41+1+0+1+0+40;18+22
6;11;1800;099;463+0+248+248+0+0+0+0+248;104+144
6;11;1800;100;746+3+371+371+0+0+0+7+371;208+163
6;11;1800;101;690+0+337+337+1+1+2+0+335;157+178
6;11;1800;102;62+0+53+53+0+0+0+0+53;29+24
6;11;1800;103;167+0+148+148+2+0+2+0+146;65+81
6;11;1800;104;39+0+22+22+0+0+0+2+22;8+14
6;11;1800;105;29+0+26+26+0+0+0+2+26;13+13
6;11;1900;001;921+0+431+431+1+0+1+0+430;141+289
6;11;1900;002;785+1+422+422+0+0+0+6+422;185+237
6;11;1900;003;890+1+489+489+0+0+0+0+489;219+270
6;11;1900;004;679+0+357+357+0+1+1+15+356;170+186
6;11;1900;005;910+0+499+499+1+1+2+0+497;216+281
6;11;1900;006;873+0+464+464+0+0+0+20+464;240+224
6;11;1900;007;893+2+394+394+0+0+0+0+394;174+220
6;11;1900;008;621+0+240+240+1+1+2+13+238;88+150
6;11;1900;009;916+0+401+401+0+0+0+13+401;194+207
6;11;1900;010;625+0+222+222+0+2+2+0+220;89+131
6;11;1900;011;568+5+364+364+0+0+0+11+364;91+273
6;11;1900;012;404+6+222+222+1+0+1+6+221;76+145
6;11;1900;013;688+8+407+407+1+2+3+26+404;74+330
6;11;1900;015;476+3+298+298+1+3+4+16+294;105+189
6;11;1900;016;494+6+314+314+0+0+0+0+314;117+197
6;11;1900;018;222+5+154+154+0+0+0+0+154;52+102
6;11;1900;019;183+4+140+140+0+0+0+0+140;61+79
6;11;1900;020;783+5+459+459+1+2+3+0+456;175+281
6;11;1900;021;790+1+466+466+0+1+1+27+465;165+300
6;11;1900;022;704+9+414+414+0+0+0+2+414;127+287
6;11;1900;023;570+5+332+332+0+1+1+27+331;85+246
6;11;1900;024;834+1+359+359+0+0+0+17+359;118+241
6;11;1900;025;903+0+526+526+0+0+0+0+526;200+326
6;11;1900;027;765+8+411+411+1+0+1+17+410;157+253
6;11;1900;028;404+4+239+239+0+0+0+10+239;80+159
6;11;3300;001;233+2+159+159+0+0+0+0+159;79+80
6;11;3300;002;446+0+286+286+1+1+2+7+284;165+119
6;11;3300;003;603+0+390+390+1+0+1+0+389;202+187
6;11;3300;004;274+1+159+159+1+0+1+3+158;36+122
6;11;3300;005;732+0+499+499+0+2+2+0+497;255+242
6;11;3300;006;634+0+426+426+1+0+1+0+425;204+221
6;11;3300;007;513+0+371+371+0+0+0+9+371;216+155
6;11;3300;008;577+1+357+357+0+0+0+0+357;176+181
6;11;3300;009;677+0+440+440+0+1+1+4+439;111+328
6;11;3300;010;519+3+353+353+0+0+0+0+353;104+249
6;11;3300;011;510+1+349+349+0+1+1+0+348;89+259
6;11;3300;012;73+2+50+50+0+0+0+0+50;32+18
6;11;3300;013;208+12+154+154+0+1+1+8+153;39+114
6;11;3300;014;172+5+134+134+0+1+1+3+133;40+93
6;11;3300;015;110+1+73+73+0+0+0+0+73;24+49
6;11;3300;016;573+0+393+393+1+0+1+0+392;222+170
6;11;3300;017;856+0+510+510+0+0+0+0+510;159+351
6;11;3300;018;186+1+125+125+0+0+0+0+125;36+89
6;11;3300;019;161+3+129+129+0+0+0+0+129;39+90
6;11;3300;020;647+0+387+387+0+0+0+7+387;138+249
6;11;3300;021;329+3+188+188+0+0+0+1+188;79+109
6;11;3300;022;223+1+138+138+1+0+1+6+137;74+63
6;11;3300;023;770+0+431+431+2+2+4+9+427;217+210
6;11;3300;024;604+0+300+300+0+0+0+0+300;167+133
6;11;3300;025;584+0+264+264+2+1+3+0+261;136+125
6;11;3300;026;830+0+489+489+0+1+1+18+488;290+198
6;11;3300;027;573+0+326+326+0+0+0+9+326;195+131
6;11;3300;028;853+0+512+512+0+0+0+9+512;300+212
6;11;3300;029;776+0+465+465+0+0+0+18+465;254+211
6;11;3300;030;497+0+287+287+0+0+0+3+287;139+148
6;11;3300;031;693+0+427+427+0+3+3+6+424;261+163
6;11;3300;032;779+1+409+409+1+0+1+0+408;246+162
6;11;3300;033;729+0+446+446+2+1+3+9+443;239+204
6;11;3300;034;642+0+409+409+0+1+1+15+408;231+177
6;11;3300;035;428+2+240+240+0+0+0+6+240;112+128
6;11;3300;036;480+0+282+282+0+0+0+4+282;119+163
6;11;3300;037;445+2+225+225+0+0+0+0+225;92+133
6;11;3300;038;346+3+239+239+0+1+1+4+238;113+125
6;11;3300;039;207+3+107+107+1+1+2+0+105;34+71
6;11;3300;040;191+3+133+133+0+0+0+3+133;47+86
6;11;3300;041;39+0+20+20+0+0+0+0+20;4+16
6;11;3400;001;643+0+379+379+0+0+0+0+379;220+159
6;11;3400;002;589+0+320+320+0+0+0+13+320;183+137
6;11;3400;003;621+3+341+341+0+0+0+6+341;235+106
6;11;3400;004;561+0+317+317+1+0+1+0+316;175+141
6;11;3400;005;788+0+449+449+0+0+0+0+449;236+213
6;11;3400;006;545+0+292+292+1+0+1+0+291;181+110
6;11;3400;007;628+6+302+302+0+0+0+0+302;156+146
6;11;3400;008;598+0+367+367+0+0+0+15+367;225+142
6;11;3400;009;340+0+200+200+0+1+1+0+199;115+84
6;11;3400;010;744+0+418+418+3+0+3+0+415;243+172
6;11;3400;011;410+0+233+233+0+0+0+0+233;138+95
6;11;3400;012;692+0+359+359+0+0+0+0+359;240+119
6;11;3400;013;608+1+375+375+0+2+2+0+373;202+171
6;11;3400;014;738+0+441+441+0+0+0+0+441;230+211
6;11;3400;015;826+1+499+499+0+0+0+13+499;342+157
6;11;3400;016;712+1+426+426+1+0+1+14+425;269+156
6;11;3400;017;604+0+341+341+0+0+0+0+341;206+135
6;11;3400;018;813+0+477+477+0+0+0+17+477;277+200
6;11;3400;019;718+0+404+404+2+0+2+18+402;261+141
6;11;3400;020;577+0+349+349+0+0+0+0+349;196+153
6;11;3400;021;867+0+504+504+2+0+2+9+502;299+203
6;11;3400;022;583+0+341+341+0+0+0+3+341;201+140
6;11;3400;023;496+2+271+271+0+0+0+0+271;153+118
6;11;3400;024;864+2+419+419+0+0+0+0+419;256+163
6;11;3400;025;474+2+217+217+1+1+2+5+215;114+101
6;11;3400;026;212+0+130+130+0+0+0+4+130;83+47
6;11;3400;027;158+0+95+95+0+0+0+0+95;37+58
6;11;3400;028;26+0+25+25+0+0+0+0+25;4+21
6;11;3400;029;23+5+9+9+0+0+0+0+9;5+4
6;11;3400;030;699+1+328+328+2+0+2+7+326;202+124
6;11;3400;032;261+1+173+173+0+0+0+0+173;74+99
6;11;3400;033;389+3+269+269+0+0+0+14+269;125+144
6;11;3400;034;231+2+166+166+0+0+0+4+166;99+67
6;11;3400;035;154+13+120+120+0+1+1+0+119;30+89
6;11;3400;037;131+5+97+97+0+0+0+5+97;34+63
6;11;3400;038;198+2+125+125+0+0+0+0+125;43+82
6;11;3400;039;203+1+140+140+0+0+0+0+140;49+91
6;11;3400;040;149+0+79+79+0+0+0+0+79;47+32
6;11;3400;041;162+5+109+109+0+0+0+3+109;58+51
6;11;3400;042;277+2+187+187+1+0+1+0+186;79+107
6;11;3400;043;164+0+123+123+1+1+2+4+121;53+68
6;11;3400;044;240+0+165+165+0+1+1+0+164;93+71
6;11;3400;045;300+0+194+194+0+0+0+0+194;102+92
6;11;3400;046;102+4+79+79+1+0+1+0+78;29+49
6;11;3400;047;272+2+195+195+0+0+0+0+195;67+128
6;11;3400;048;413+0+288+288+3+0+3+0+285;129+156
6;11;3400;050;954+0+528+528+3+0+3+15+525;336+189
6;11;3400;051;965+4+528+528+0+1+1+25+527;336+191
6;11;3400;052;400+0+274+274+0+1+1+7+273;167+106
6;11;3400;053;523+1+267+267+2+0+2+18+265;173+92
6;11;3400;054;84+3+58+58+0+0+0+0+58;28+30
6;11;3400;055;302+0+213+213+1+0+1+7+212;81+131
6;11;3400;056;437+2+272+272+0+1+1+7+271;77+194
6;11;3400;058;231+4+154+154+0+0+0+3+154;91+63
6;11;3400;059;405+5+300+300+1+2+3+14+297;111+186
6;11;3400;060;423+2+339+339+0+0+0+13+339;100+239
6;11;3400;061;276+4+224+224+2+0+2+12+222;103+119
6;11;3400;062;359+3+198+198+0+0+0+4+198;69+129
6;11;3400;063;300+1+202+202+1+0+1+4+201;92+109
6;11;3400;064;332+0+217+217+0+0+0+0+217;89+128
6;11;3400;065;545+1+342+342+3+0+3+0+339;182+157
6;11;3400;066;280+4+204+204+0+0+0+0+204;100+104
6;11;3400;067;303+5+225+225+0+0+0+10+225;106+119
6;11;3400;068;428+4+303+303+0+0+0+6+303;104+199
6;11;3400;069;548+0+303+303+0+0+0+0+303;209+94
6;11;3400;070;514+0+250+250+0+0+0+0+250;177+73
6;11;3400;071;792+0+428+428+0+0+0+0+428;267+161
6;11;3400;072;564+2+305+305+0+0+0+0+305;164+141
6;11;3400;073;687+0+356+356+0+0+0+0+356;214+142
6;11;3400;074;655+1+366+366+0+1+1+3+365;208+157
6;11;3400;075;545+1+272+272+0+0+0+7+272;195+77
6;11;3400;076;462+4+242+242+3+0+3+1+239;145+94
6;11;3600;001;1014+4+543+543+1+3+4+27+539;197+342
6;11;3600;002;843+3+542+542+1+2+3+24+539;159+380
6;11;3600;003;589+1+359+359+1+1+2+22+357;120+237
6;11;3600;004;310+6+239+239+2+0+2+13+237;75+162
6;11;3600;005;439+2+270+270+0+1+1+22+269;102+167
6;11;3600;006;199+1+159+159+1+0+1+5+158;73+85
6;11;3600;007;125+4+108+108+0+0+0+0+108;42+66
6;11;3600;008;615+2+399+399+1+0+1+0+398;153+245
6;11;3600;009;658+4+416+416+1+1+2+0+414;134+280
6;11;3600;010;989+1+554+554+0+1+1+19+553;217+336
6;11;3600;011;204+1+155+155+1+1+2+5+153;67+86
6;11;3600;012;239+5+151+151+2+0+2+14+149;64+85
6;11;3600;013;341+5+206+206+2+1+3+7+203;78+125
6;11;3600;014;297+1+217+217+0+2+2+11+215;112+103
6;11;3800;001;756+2+421+421+0+0+0+7+421;231+190
6;11;3800;002;659+3+405+405+0+1+1+11+404;242+162
6;11;3800;003;773+2+509+509+0+1+1+8+508;205+303
6;11;3800;004;159+5+102+102+1+0+1+4+101;38+63
6;11;3800;005;23+15+29+29+0+0+0+0+29;13+16
6;11;3800;006;90+2+52+52+0+0+0+0+52;24+28
6;11;3800;007;209+2+139+139+1+1+2+3+137;50+87
6;11;3800;008;639+2+428+428+0+0+0+9+428;120+308
6;11;3800;009;190+8+142+142+1+0+1+10+141;59+82
6;11;3800;010;491+3+334+334+1+1+2+15+332;106+226
6;11;3800;011;82+0+52+52+0+0+0+1+52;16+36
6;11;3800;012;647+2+336+336+0+1+1+7+335;138+197
6;11;3800;013;254+2+166+166+1+0+1+0+165;52+113
6;11;3800;014;236+6+195+195+1+0+1+5+194;73+121
[END]

[AGGR]
11;6;   ;2+287+287+144632+585+82900+82900+141+102+243+1557+82657;38758+43899
[END]
