[INFO]
12;Мон▓ана;301
[END]

[IZB]
12;6;   ;;18.11.2001;2;2;289
[END]

[NM]
1202;001;▒. Бал╛ви╢а;02542;00
1202;002;г░. Бе░кови╢а;03928;00
1202;003;▒. Би▒▓░или╢а;04203;00
1202;004;▒. Бокилов╢и;05253;00
1202;005;▒. Бо░ов╢и;05654;00
1202;006;▒. Б║░зи┐;07510;00
1202;007;▒. Гагани╢а;14297;00
1202;008;▒. Зам┤и░ово;30301;00
1202;009;▒. Кома░ево;38131;00
1202;010;▒. Ко▒▓ен╢и;38933;00
1202;011;▒. Ко▓енов╢и;39044;00
1202;012;▒. Ле▒кове╢;43414;00
1202;013;▒. Мезд░е┐;47723;00
1202;014;▒. Пе▒о╖ни╢а;55930;00
1202;015;▒. П║░ли╖ево;59118;00
1202;017;▒. Ра╕ови╢а;62311;00
1202;019;▒. Сла▓ина;67221;00
1202;020;▒. Цве▓кова ба░а;78286;00
1202;021;▒. Че░е╕ови╢а;80635;00
1202;022;▒. Ягодово;87237;00
1204;001;▒. Бели б░ег;03383;00
1204;002;▒. Бели б░од;03397;00
1204;003;г░. Бой╖инов╢и;05236;00
1204;004;▒. Владими░ово;11418;00
1204;005;▒. Г░ом╕ин;17943;00
1204;006;▒. Е░ден;27557;00
1204;007;▒. Кобил┐к;37424;00
1204;008;▒. Ле╡╖ево;43517;00
1204;009;▒. Мадан;46036;00
1204;010;▒. М║░╖ево;49607;00
1204;011;▒. О╡░ид;54496;00
1204;012;▒. Пали л│ла;55258;00
1204;013;▒. По░▓и▓ов╢и;57844;00
1207;001;г░. Б░│▒а░╢и;06570;00
1207;002;▒. Б│кове╢;06971;00
1207;003;▒. Ва▒илов╢и;10255;00
1207;004;▒. Донд│ково;22945;00
1207;005;▒. Д║бова ма╡ала;24298;00
1207;006;▒. Ки▒елево;36957;00
1207;007;▒. Кн┐жева ма╡ала;37397;00
1207;008;▒. К░ива ба░а;39743;00
1207;010;▒. Одо░ов╢и;53401;00
1207;011;▒. Сми░нен▒ки;67564;00
1211;001;▒. Бо▓ево;05852;00
1211;002;▒. Б║зове╢;07209;00
1211;003;г░. В║л╖ед░║м;12543;00
1211;004;▒. Го░ни Циб║░;16639;00
1211;005;▒. Долни Циб║░;22530;00
1211;006;▒. Зла▓и┐;31053;00
1211;007;▒. Игна▓ово;32295;00
1211;008;▒. Мок░е╕;48859;00
1211;009;▒. Разг░ад;61707;00
1211;010;▒. Сеп▓емв░ий╢и;16184;00
1211;011;▒. Че░ни в░║╡;80933;00
1212;001;г░. В║░╕е╢;12961;00
1212;002;▒. Го░на бела ░е╖ка;16119;00
1212;003;▒. Го░но Ози░ово;16866;00
1212;004;▒. Долна бела ░е╖ка;22019;00
1212;005;▒. Долно Ози░ово;22747;00
1212;006;▒. Д░агани╢а;23073;00
1212;008;▒. Спан╖ев╢и;68179;00
1212;009;▒. С▓о┐ново;69537;00
1212;010;▒. Че░ка▒ки;80683;00
1214;001;▒. Видли╢а;10999;00
1214;002;▒. Гав░ил Геново;14283;00
1214;003;▒. Гео░ги Дам┐ново;14773;00
1214;004;▒. Главанов╢и;14965;00
1214;005;▒. Говежда;15299;00
1214;006;▒. Го░но Це░овене;17018;00
1214;007;▒. Дива Сла▓ина;20941;00
1214;008;▒. Д║лги Дел;24534;00
1214;009;▒. Елови╢а;27348;00
1214;010;▒. Камена Рик▒а;35871;00
1214;011;▒. Копилов╢и;38488;00
1214;012;▒. Мел┐не;47771;00
1214;013;▒. Помеждин;57474;00
1214;014;▒. Чеми╕;80368;00
1224;001;▒. Доб░и дол;21436;00
1224;002;▒. Долно Линево;22695;00
1224;003;▒. Зам┤и░;30291;00
1224;004;▒. Кова╖и╢а;37544;00
1224;005;г░. Лом;44238;00
1224;006;▒. О░▒о┐;53970;00
1224;007;▒. Слива▓а;67310;00
1224;008;▒. С▓алий▒ка ма╡ала;68672;00
1224;009;▒. С▓анево;68758;00
1224;010;▒. Т░айково;72940;00
1226;001;▒. А▒па░│╡ово;00792;00
1226;002;▒. Медкове╢;47593;00
1226;003;▒. Пи╕│░ка;56544;00
1226;004;▒. Ра▒ово;62222;00
1226;005;▒. Сливовик;67386;00
1229;001;▒. Бездени╢а;03201;00
1229;002;▒. Бело▓ин╢и;03722;00
1229;003;▒. Долно Бело▓ин╢и;03736;00
1229;004;▒. Благово;04251;00
1229;005;▒. Вини╣е;11137;00
1229;006;▒. Ви░ове;11171;00
1229;007;▒. Войни╢и;11939;00
1229;008;▒. Габ░овни╢а;14180;00
1229;009;▒. Го░на Ве░ени╢а;16153;00
1229;010;▒. Док▓о░ Йо▒и┤ово;21840;00
1229;011;▒. Долна Ве░ени╢а;22040;00
1229;012;▒. Долна Рик▒а;22250;00
1229;013;▒. Кли▒│░и╢а;37304;00
1229;014;▒. К░ап╖ене;39503;00
1229;015;▒. Липен;43730;00
1229;016;г░. Мон▓ана;48489;00
1229;017;▒. Николово;51665;00
1229;018;▒. Славо▓ин;67043;00
1229;019;▒. Смол┐нов╢и;67667;00
1229;020;▒. С▓│бел;70024;00
1229;021;▒. С▓│дено Б│╖е;70113;00
1229;022;▒. С│ме░;70233;00
1229;023;▒. Т░и┤оново;73167;00
1236;001;▒. Белимел;03469;00
1236;002;▒. Го░на Кова╖и╢а;16239;00
1236;003;▒. Го░на Л│ка;16300;00
1236;004;▒. Железна;29115;00
1236;005;▒. Ма░▓иново;47353;00
1236;006;▒. Ми▓░ов╢и;48475;00
1236;007;▒. П░евала;58116;00
1236;008;▒. Равна;61090;00
1236;009;▒. Чел╛▒▓ни╢а;80354;00
1236;010;г░. Чип░ов╢и;81390;00
1238;001;▒. Долно Це░овене;22873;00
1238;002;▒. Д║лгодел╢и;24551;00
1238;003;▒. Комо╣и╢а;38159;00
1238;004;▒. Якимово;87299;00
[END]

[SEC]
12;0200;001;6;002
12;0200;002;6;002
12;0200;003;6;002
12;0200;004;6;002
12;0200;005;6;002
12;0200;006;6;002
12;0200;007;6;002
12;0200;008;6;002
12;0200;009;6;002
12;0200;010;6;002
12;0200;011;6;002
12;0200;012;6;002
12;0200;013;6;002
12;0200;014;6;002
12;0200;015;6;002
12;0200;016;6;002
12;0200;017;6;002
12;0200;018;6;002
12;0200;019;6;002
12;0200;020;6;002
12;0200;021;6;002
12;0200;022;6;013
12;0200;023;6;004
12;0200;024;6;010
12;0200;025;6;009
12;0200;026;6;014
12;0200;027;6;001
12;0200;028;6;007
12;0200;029;6;003
12;0200;031;6;011
12;0200;032;6;012
12;0200;033;6;021
12;0200;034;6;015
12;0200;035;6;022
12;0200;036;6;006
12;0200;037;6;006
12;0200;038;6;020
12;0200;039;6;019
12;0200;040;6;008+017
12;0200;041;6;008
12;0200;043;6;005
12;0400;001;6;003
12;0400;002;6;003
12;0400;003;6;003
12;0400;004;6;004
12;0400;005;6;004
12;0400;006;6;010
12;0400;007;6;009
12;0400;008;6;006
12;0400;009;6;011
12;0400;010;6;013
12;0400;011;6;001
12;0400;012;6;012
12;0400;013;6;002
12;0400;014;6;008
12;0400;015;6;008
12;0400;016;6;008
12;0400;017;6;005
12;0400;018;6;007
12;0400;019;6;004
12;0700;001;6;001
12;0700;002;6;001
12;0700;003;6;011
12;0700;004;6;005
12;0700;005;6;006
12;0700;006;6;007
12;0700;007;6;008
12;0700;008;6;008
12;0700;009;6;003
12;0700;010;6;003
12;0700;011;6;004
12;0700;012;6;002
12;0700;013;6;010
12;1100;001;6;003
12;1100;002;6;003
12;1100;003;6;003
12;1100;004;6;003
12;1100;005;6;003
12;1100;007;6;011
12;1100;008;6;010
12;1100;009;6;010
12;1100;010;6;002
12;1100;011;6;008
12;1100;012;6;008
12;1100;013;6;001
12;1100;014;6;009
12;1100;015;6;009
12;1100;016;6;006
12;1100;017;6;006
12;1100;018;6;007
12;1100;019;6;005
12;1100;020;6;005
12;1100;021;6;004
12;1200;001;6;001
12;1200;002;6;001
12;1200;003;6;001
12;1200;004;6;001
12;1200;005;6;001
12;1200;006;6;001
12;1200;007;6;001
12;1200;008;6;001
12;1200;009;6;008
12;1200;010;6;004
12;1200;011;6;002
12;1200;012;6;005
12;1200;013;6;003
12;1200;014;6;009
12;1200;015;6;010
12;1200;016;6;006
12;1400;001;6;001
12;1400;002;6;006
12;1400;003;6;002
12;1400;004;6;003
12;1400;005;6;004
12;1400;006;6;005
12;1400;007;6;007
12;1400;008;6;008
12;1400;009;6;009
12;1400;010;6;010
12;1400;011;6;011
12;1400;012;6;011
12;1400;013;6;012
12;1400;014;6;013
12;1400;015;6;014
12;2400;001;6;005
12;2400;002;6;005
12;2400;003;6;005
12;2400;004;6;005
12;2400;005;6;005
12;2400;006;6;005
12;2400;007;6;005
12;2400;008;6;005
12;2400;009;6;005
12;2400;010;6;005
12;2400;011;6;005
12;2400;012;6;005
12;2400;013;6;005
12;2400;014;6;005
12;2400;015;6;005
12;2400;016;6;005
12;2400;017;6;005
12;2400;018;6;005
12;2400;019;6;005
12;2400;020;6;005
12;2400;021;6;005
12;2400;022;6;005
12;2400;023;6;005
12;2400;024;6;005
12;2400;025;6;005
12;2400;026;6;005
12;2400;027;6;005
12;2400;028;6;005
12;2400;029;6;005
12;2400;030;6;005
12;2400;031;6;005
12;2400;032;6;005
12;2400;033;6;005
12;2400;034;6;005
12;2400;035;6;002
12;2400;036;6;003
12;2400;037;6;003
12;2400;038;6;010
12;2400;039;6;010
12;2400;040;6;008
12;2400;041;6;008
12;2400;042;6;007
12;2400;043;6;001
12;2400;044;6;006
12;2400;045;6;004
12;2400;046;6;004
12;2400;047;6;009
12;2400;048;6;005
12;2400;049;6;006
12;2400;050;6;005
12;2400;051;6;005
12;2400;052;6;005
12;2600;001;6;005
12;2600;002;6;003
12;2600;003;6;002
12;2600;004;6;002
12;2600;005;6;002
12;2600;006;6;002
12;2600;007;6;001
12;2600;008;6;004
12;2600;009;6;004
12;2900;001;6;016
12;2900;002;6;016
12;2900;003;6;016
12;2900;005;6;016
12;2900;006;6;016
12;2900;007;6;016
12;2900;009;6;016
12;2900;010;6;016
12;2900;011;6;016
12;2900;012;6;016
12;2900;013;6;016
12;2900;014;6;016
12;2900;016;6;016
12;2900;017;6;016
12;2900;019;6;016
12;2900;021;6;016
12;2900;022;6;016
12;2900;024;6;016
12;2900;027;6;016
12;2900;028;6;016
12;2900;029;6;016
12;2900;030;6;016
12;2900;032;6;016
12;2900;033;6;016
12;2900;034;6;016
12;2900;035;6;016
12;2900;036;6;016
12;2900;037;6;016
12;2900;038;6;016
12;2900;039;6;016
12;2900;040;6;016
12;2900;041;6;016
12;2900;042;6;016
12;2900;043;6;016
12;2900;044;6;016
12;2900;045;6;016
12;2900;046;6;016
12;2900;047;6;016
12;2900;049;6;016
12;2900;051;6;016
12;2900;052;6;016
12;2900;054;6;016
12;2900;055;6;016
12;2900;056;6;016
12;2900;057;6;016
12;2900;058;6;016
12;2900;059;6;016
12;2900;060;6;016
12;2900;062;6;016
12;2900;063;6;016
12;2900;064;6;016
12;2900;065;6;016
12;2900;066;6;016
12;2900;067;6;016
12;2900;068;6;011
12;2900;069;6;009
12;2900;070;6;009
12;2900;071;6;005
12;2900;072;6;019
12;2900;073;6;019
12;2900;074;6;002
12;2900;075;6;013
12;2900;076;6;012
12;2900;077;6;018
12;2900;078;6;010
12;2900;079;6;007
12;2900;080;6;021
12;2900;081;6;006
12;2900;082;6;001
12;2900;083;6;008
12;2900;084;6;008
12;2900;085;6;003
12;2900;086;6;017
12;2900;087;6;014
12;2900;088;6;020
12;2900;090;6;015
12;2900;091;6;022
12;2900;092;6;023
12;2900;093;6;004
12;2900;094;6;016
12;2900;096;6;016
12;2900;097;6;016
12;2900;098;6;016
12;3600;001;6;010
12;3600;002;6;010
12;3600;003;6;010
12;3600;004;6;005
12;3600;005;6;004
12;3600;006;6;007
12;3600;007;6;003
12;3600;008;6;006
12;3600;009;6;001
12;3600;010;6;009
12;3600;011;6;002
12;3600;012;6;008
12;3800;001;6;004
12;3800;002;6;004
12;3800;003;6;004
12;3800;004;6;004
12;3800;005;6;002
12;3800;006;6;002
12;3800;007;6;001
12;3800;008;6;003
12;3800;009;6;003
[END]

[MAJ]
12;6;   ;02;;;Пе▓║░ С▓е┤анов С▓о┐нов и Нели Пе▓░ова К│╢кова;, ;ПСС+НПК;32404;0;1
12;6;   ;05;;;Гео░ги Седе┤╖ов П║░ванов и Ангел Иванов Ма░ин;, ;ГСП+АИМ;57983;1;2
[END]

[PROP]
[END]

[LISTI]
[END]

[PROT]
6;12;0200;001;328+0+193+193+1+1+2+2+191;88+103
6;12;0200;002;758+0+367+367+1+0+1+0+366;150+216
6;12;0200;003;805+0+334+334+0+0+0+0+334;151+183
6;12;0200;004;647+1+355+355+0+0+0+17+355;139+216
6;12;0200;005;647+2+364+364+0+1+1+0+363;172+191
6;12;0200;006;722+0+432+432+1+0+1+11+431;192+239
6;12;0200;007;641+0+362+362+1+1+2+16+360;132+228
6;12;0200;008;771+0+392+392+0+0+0+0+392;141+251
6;12;0200;009;603+4+348+348+0+0+0+10+348;138+210
6;12;0200;010;523+0+263+263+0+1+1+8+262;118+144
6;12;0200;011;766+0+442+442+0+0+0+22+442;174+268
6;12;0200;012;745+2+430+430+0+0+0+12+430;160+270
6;12;0200;013;602+1+356+356+0+1+1+0+355;127+228
6;12;0200;014;581+0+326+326+0+0+0+0+326;148+178
6;12;0200;015;717+0+333+333+0+0+0+0+333;123+210
6;12;0200;016;840+3+449+449+1+0+1+3+448;186+262
6;12;0200;017;680+0+245+245+1+1+2+4+243;87+156
6;12;0200;018;766+0+212+212+0+0+0+0+212;42+170
6;12;0200;019;800+0+183+183+0+0+0+8+183;31+152
6;12;0200;020;200+0+80+80+0+0+0+6+80;29+51
6;12;0200;021;27+0+20+20+0+0+0+0+20;3+17
6;12;0200;022;274+2+182+182+0+1+1+10+181;89+92
6;12;0200;023;156+2+129+129+3+0+3+0+126;41+85
6;12;0200;024;110+2+78+78+0+0+0+0+78;20+58
6;12;0200;025;98+1+70+70+0+0+0+0+70;20+50
6;12;0200;026;56+1+47+47+0+0+0+47+47;23+24
6;12;0200;027;75+1+66+66+0+0+0+0+66;14+52
6;12;0200;028;412+3+279+279+2+0+2+22+277;81+196
6;12;0200;029;172+0+118+118+1+0+1+0+117;27+90
6;12;0200;031;174+2+126+126+1+1+2+1+124;47+77
6;12;0200;032;103+2+77+77+1+0+1+0+76;23+53
6;12;0200;033;98+0+81+81+0+0+0+0+81;25+56
6;12;0200;034;114+0+85+85+0+0+0+8+85;15+70
6;12;0200;035;231+1+151+151+0+0+0+0+151;33+118
6;12;0200;036;735+1+387+387+1+3+4+19+383;145+238
6;12;0200;037;792+0+397+397+1+1+2+28+395;148+247
6;12;0200;038;29+2+23+23+0+0+0+0+23;5+18
6;12;0200;039;352+2+259+259+1+0+1+0+258;84+174
6;12;0200;040;698+3+463+463+2+0+2+0+461;120+341
6;12;0200;041;760+4+473+473+0+0+0+0+473;99+374
6;12;0200;043;640+3+415+415+0+0+0+25+415;164+251
6;12;0400;001;796+3+538+538+0+0+0+28+538;162+376
6;12;0400;002;621+2+378+378+1+1+2+7+376;101+275
6;12;0400;003;252+0+170+170+1+2+3+6+167;42+125
6;12;0400;004;586+2+376+376+1+0+1+10+375;73+302
6;12;0400;005;636+4+439+439+2+0+2+18+437;80+357
6;12;0400;006;885+0+545+545+2+0+2+24+543;127+416
6;12;0400;007;862+7+633+633+0+3+3+27+630;148+482
6;12;0400;008;553+2+359+359+0+0+0+28+359;61+298
6;12;0400;009;439+4+315+315+0+1+1+15+314;56+258
6;12;0400;010;339+0+207+207+0+0+0+4+207;49+158
6;12;0400;011;141+1+115+115+1+0+1+0+114;17+97
6;12;0400;012;86+1+66+66+0+0+0+1+66;22+44
6;12;0400;013;331+2+265+265+0+0+0+9+265;94+171
6;12;0400;014;620+0+388+388+0+0+0+7+388;87+301
6;12;0400;015;629+3+377+377+0+0+0+24+377;56+321
6;12;0400;016;637+4+416+416+0+0+0+11+416;140+276
6;12;0400;017;905+3+624+624+2+0+2+0+622;181+441
6;12;0400;018;373+1+263+263+0+0+0+7+263;67+196
6;12;0400;019;49+2+38+38+0+0+0+2+38;13+25
6;12;0700;001;804+0+471+471+0+0+0+25+471;105+366
6;12;0700;002;585+2+383+383+0+0+0+10+383;79+304
6;12;0700;003;603+7+439+439+0+2+2+22+437;83+354
6;12;0700;004;105+6+77+77+1+0+1+0+76;21+55
6;12;0700;005;258+3+209+209+3+0+3+0+206;101+105
6;12;0700;006;150+2+106+106+0+0+0+3+106;25+81
6;12;0700;007;586+2+405+405+1+2+3+11+402;90+312
6;12;0700;008;451+0+278+278+0+1+1+0+277;46+231
6;12;0700;009;606+4+353+353+0+2+2+0+351;104+247
6;12;0700;010;713+0+451+451+1+0+1+0+450;88+362
6;12;0700;011;465+2+335+335+0+0+0+10+335;95+240
6;12;0700;012;252+3+177+177+1+0+1+12+176;52+124
6;12;0700;013;30+4+31+31+0+0+0+0+31;3+28
6;12;1100;001;744+1+423+423+0+0+0+32+423;184+239
6;12;1100;002;768+5+493+493+0+0+0+32+493;225+268
6;12;1100;003;710+1+402+402+0+0+0+18+402;169+233
6;12;1100;004;858+0+490+490+0+0+0+23+490;129+361
6;12;1100;005;975+3+577+577+0+0+0+25+577;222+355
6;12;1100;007;508+3+378+378+2+1+3+21+375;94+281
6;12;1100;008;673+1+434+434+0+0+0+19+434;83+351
6;12;1100;009;501+1+342+342+0+0+0+16+342;102+240
6;12;1100;010;231+3+172+172+0+0+0+16+172;65+107
6;12;1100;011;541+7+282+282+1+1+2+17+280;85+195
6;12;1100;012;389+2+239+239+0+1+1+9+238;62+176
6;12;1100;013;94+3+70+70+0+0+0+0+70;9+61
6;12;1100;014;402+10+287+287+1+2+3+0+284;62+222
6;12;1100;015;484+3+334+334+0+0+0+15+334;82+252
6;12;1100;016;575+1+357+357+0+0+0+0+357;74+283
6;12;1100;017;520+4+310+310+0+0+0+20+310;74+236
6;12;1100;018;304+2+187+187+0+0+0+4+187;43+144
6;12;1100;019;651+1+468+468+0+0+0+0+468;257+211
6;12;1100;020;442+2+322+322+0+0+0+0+322;176+146
6;12;1100;021;205+1+206+206+0+0+0+14+206;33+173
6;12;1200;001;771+0+441+441+2+0+2+24+439;187+252
6;12;1200;002;784+1+455+455+0+1+1+25+454;82+372
6;12;1200;003;656+5+408+408+2+1+3+17+405;176+229
6;12;1200;004;920+1+545+545+0+2+2+38+543;251+292
6;12;1200;005;792+2+482+482+0+0+0+28+482;158+324
6;12;1200;006;620+0+369+369+2+1+3+7+366;156+210
6;12;1200;007;523+0+328+328+1+0+1+0+327;118+209
6;12;1200;008;592+0+370+370+1+0+1+17+369;142+227
6;12;1200;009;405+2+236+236+0+0+0+16+236;77+159
6;12;1200;010;134+2+114+114+0+0+0+0+114;31+83
6;12;1200;011;92+6+82+82+2+1+3+1+79;25+54
6;12;1200;012;446+1+282+282+0+0+0+0+282;80+202
6;12;1200;013;429+0+283+283+1+2+3+21+280;60+220
6;12;1200;014;91+3+70+70+0+0+0+0+70;17+53
6;12;1200;015;362+1+232+232+1+1+2+17+230;74+156
6;12;1200;016;324+2+207+207+0+1+1+0+206;62+144
6;12;1400;001;123+6+89+89+0+0+0+0+89;17+72
6;12;1400;002;453+5+360+360+5+1+6+18+354;87+267
6;12;1400;003;283+5+199+199+0+2+2+11+197;55+142
6;12;1400;004;477+1+333+333+0+2+2+14+331;100+231
6;12;1400;005;106+2+87+87+0+0+0+0+87;13+74
6;12;1400;006;542+2+376+376+1+0+1+19+375;80+295
6;12;1400;007;162+1+129+129+0+1+1+3+128;36+92
6;12;1400;008;252+0+177+177+4+0+4+10+173;35+138
6;12;1400;009;80+2+57+57+0+1+1+1+56;31+25
6;12;1400;010;182+0+143+143+3+0+3+0+140;50+90
6;12;1400;011;318+1+205+205+2+0+2+0+203;60+143
6;12;1400;012;407+0+291+291+0+0+0+0+291;84+207
6;12;1400;013;210+1+162+162+0+0+0+0+162;50+112
6;12;1400;014;25+0+22+22+1+0+1+0+21;5+16
6;12;1400;015;122+2+94+94+0+1+1+4+93;37+56
6;12;2400;001;786+1+393+393+0+0+0+26+393;160+233
6;12;2400;002;784+0+415+415+0+0+0+0+415;184+231
6;12;2400;003;739+0+383+383+2+0+2+0+381;158+223
6;12;2400;004;467+0+230+230+0+0+0+7+230;99+131
6;12;2400;005;562+0+301+301+0+0+0+17+301;126+175
6;12;2400;006;573+3+254+254+1+0+1+0+253;92+161
6;12;2400;007;718+13+331+331+0+2+2+6+329;125+204
6;12;2400;008;743+1+415+415+0+0+0+0+415;192+223
6;12;2400;009;648+0+365+365+0+0+0+0+365;127+238
6;12;2400;010;660+0+336+336+0+0+0+0+336;156+180
6;12;2400;011;824+1+438+438+0+1+1+27+437;205+232
6;12;2400;012;362+0+362+362+0+0+0+0+362;165+197
6;12;2400;013;549+2+309+309+0+0+0+0+309;147+162
6;12;2400;014;739+0+399+399+0+0+0+23+399;155+244
6;12;2400;015;847+1+402+402+1+0+1+0+401;177+224
6;12;2400;016;780+0+398+398+0+1+1+14+397;149+248
6;12;2400;017;658+0+255+255+0+1+1+0+254;140+114
6;12;2400;018;668+0+268+268+0+1+1+15+267;114+153
6;12;2400;019;599+1+293+293+3+1+4+5+289;113+176
6;12;2400;020;755+2+345+345+2+0+2+14+343;112+231
6;12;2400;021;649+0+321+321+0+0+0+0+321;121+200
6;12;2400;022;605+0+337+337+0+0+0+12+337;141+196
6;12;2400;023;1014+0+499+499+4+0+4+0+495;213+282
6;12;2400;024;718+0+367+367+0+0+0+0+367;118+249
6;12;2400;025;674+0+290+290+0+0+0+22+290;94+196
6;12;2400;026;593+1+244+244+0+0+0+0+244;92+152
6;12;2400;027;770+2+339+339+0+0+0+27+339;149+190
6;12;2400;028;539+0+245+245+0+0+0+0+245;100+145
6;12;2400;029;578+2+323+323+1+0+1+0+322;141+181
6;12;2400;030;677+0+354+354+0+0+0+0+354;183+171
6;12;2400;031;712+1+305+305+0+0+0+0+305;163+142
6;12;2400;032;574+2+277+277+0+0+0+0+277;168+109
6;12;2400;033;447+1+287+287+1+0+1+0+286;199+87
6;12;2400;034;403+3+236+236+0+1+1+0+235;63+172
6;12;2400;035;289+4+202+202+0+2+2+0+200;83+117
6;12;2400;036;611+2+385+385+1+0+1+19+384;117+267
6;12;2400;037;435+3+251+251+0+0+0+0+251;79+172
6;12;2400;038;422+2+264+264+0+0+0+11+264;116+148
6;12;2400;039;613+1+368+368+1+0+1+0+367;118+249
6;12;2400;040;770+1+493+493+0+0+0+0+493;141+352
6;12;2400;041;568+2+316+316+0+0+0+0+316;86+230
6;12;2400;042;240+1+151+151+0+1+1+4+150;42+108
6;12;2400;043;275+6+179+179+0+0+0+15+179;75+104
6;12;2400;044;132+5+91+91+0+0+0+0+91;36+55
6;12;2400;045;714+3+432+432+0+1+1+0+431;118+313
6;12;2400;046;524+3+301+301+0+0+0+13+301;122+179
6;12;2400;047;444+6+261+261+0+0+0+0+261;42+219
6;12;2400;048;57+0+31+31+0+0+0+0+31;9+22
6;12;2400;049;45+2+26+26+0+0+0+0+26;17+9
6;12;2400;050;478+2+304+304+0+0+0+14+304;177+127
6;12;2400;051;804+0+344+344+0+0+0+0+344;143+201
6;12;2400;052;513+2+305+305+0+0+0+7+305;116+189
6;12;2600;001;516+0+366+366+0+0+0+20+366;156+210
6;12;2600;002;189+3+148+148+0+0+0+0+148;50+98
6;12;2600;003;429+1+280+280+0+0+0+0+280;112+168
6;12;2600;004;406+0+252+252+1+0+1+0+251;91+160
6;12;2600;005;431+4+299+299+0+0+0+5+299;74+225
6;12;2600;006;823+1+574+574+0+1+1+15+573;161+412
6;12;2600;007;580+0+439+439+0+0+0+0+439;112+327
6;12;2600;008;643+3+441+441+0+0+0+33+441;147+294
6;12;2600;009;675+3+475+475+0+0+0+0+475;137+338
6;12;2900;001;691+0+392+392+3+1+4+15+388;201+187
6;12;2900;002;694+0+432+432+3+2+5+2+427;188+239
6;12;2900;003;884+0+515+515+3+1+4+16+511;223+288
6;12;2900;005;919+0+541+541+0+1+1+26+540;253+287
6;12;2900;006;752+0+462+462+0+2+2+20+460;181+279
6;12;2900;007;878+0+490+490+0+3+3+0+487;203+284
6;12;2900;009;992+1+561+561+1+1+2+25+559;243+316
6;12;2900;010;698+0+367+367+0+1+1+16+366;165+201
6;12;2900;011;984+1+455+455+0+3+3+11+452;171+281
6;12;2900;012;649+1+350+350+0+0+0+7+350;162+188
6;12;2900;013;809+0+454+454+2+1+3+0+451;178+273
6;12;2900;014;847+0+513+513+0+0+0+27+513;209+304
6;12;2900;016;766+0+395+395+0+0+0+11+395;159+236
6;12;2900;017;548+1+282+282+1+2+3+0+279;105+174
6;12;2900;019;914+2+449+449+0+1+1+21+448;191+257
6;12;2900;021;815+0+390+390+1+0+1+0+389;153+236
6;12;2900;022;877+0+472+472+2+0+2+20+470;162+308
6;12;2900;024;999+0+474+474+0+0+0+17+474;179+295
6;12;2900;027;520+0+244+244+0+0+0+7+244;88+156
6;12;2900;028;721+0+322+322+0+1+1+7+321;147+174
6;12;2900;029;627+8+362+362+2+0+2+0+360;153+207
6;12;2900;030;686+0+367+367+0+0+0+5+367;138+229
6;12;2900;032;670+2+341+341+0+1+1+5+340;162+178
6;12;2900;033;785+0+355+355+0+0+0+13+355;142+213
6;12;2900;034;992+0+460+460+0+0+0+0+460;152+308
6;12;2900;035;478+1+479+479+1+0+1+0+478;225+253
6;12;2900;036;882+0+410+410+0+2+2+0+408;141+267
6;12;2900;037;841+0+411+411+0+2+2+0+409;179+230
6;12;2900;038;754+0+368+368+1+0+1+17+367;123+244
6;12;2900;039;986+0+403+403+0+1+1+14+402;172+230
6;12;2900;040;669+0+320+320+0+0+0+0+320;157+163
6;12;2900;041;984+0+477+477+0+0+0+0+477;205+272
6;12;2900;042;922+2+451+451+0+0+0+0+451;192+259
6;12;2900;043;806+1+373+373+0+0+0+5+373;141+232
6;12;2900;044;739+0+310+310+0+1+1+12+309;150+159
6;12;2900;045;832+1+438+438+0+0+0+11+438;164+274
6;12;2900;046;699+0+397+397+1+0+1+12+396;180+216
6;12;2900;047;935+0+543+543+1+1+2+28+541;237+304
6;12;2900;049;847+0+483+483+0+0+0+14+483;176+307
6;12;2900;051;806+4+484+484+0+0+0+0+484;193+291
6;12;2900;052;647+2+358+358+0+0+0+0+358;135+223
6;12;2900;054;556+0+320+320+0+2+2+17+318;142+176
6;12;2900;055;646+0+382+382+0+0+0+0+382;172+210
6;12;2900;056;653+0+327+327+0+2+2+13+325;118+207
6;12;2900;057;840+6+474+474+0+0+0+0+474;329+145
6;12;2900;058;628+2+339+339+3+2+5+7+334;140+194
6;12;2900;059;622+0+329+329+1+0+1+7+328;126+202
6;12;2900;060;855+7+470+470+0+0+0+0+470;183+287
6;12;2900;062;824+0+435+435+0+0+0+0+435;194+241
6;12;2900;063;851+0+430+430+0+0+0+17+430;184+246
6;12;2900;064;608+0+340+340+0+0+0+0+340;167+173
6;12;2900;065;713+0+424+424+1+0+1+0+423;173+250
6;12;2900;066;829+0+451+451+0+1+1+0+450;170+280
6;12;2900;067;728+0+359+359+1+0+1+26+358;98+260
6;12;2900;068;222+3+164+164+0+0+0+0+164;53+111
6;12;2900;069;195+7+162+162+0+1+1+8+161;57+104
6;12;2900;070;31+0+25+25+0+0+0+2+25;5+20
6;12;2900;071;285+1+212+212+0+0+0+0+212;100+112
6;12;2900;072;577+2+402+402+2+1+3+14+399;136+263
6;12;2900;073;653+3+406+406+0+1+1+29+405;140+265
6;12;2900;074;575+2+385+385+1+0+1+0+384;77+307
6;12;2900;075;208+1+171+171+0+0+0+0+171;78+93
6;12;2900;076;239+8+204+204+2+1+3+0+201;65+136
6;12;2900;077;635+3+406+406+0+3+3+13+403;154+249
6;12;2900;078;654+11+467+467+1+5+6+25+461;135+326
6;12;2900;079;91+0+70+70+0+0+0+4+70;38+32
6;12;2900;080;410+4+258+258+0+0+0+22+258;72+186
6;12;2900;081;355+2+272+272+0+0+0+0+272;119+153
6;12;2900;082;324+4+256+256+0+0+0+256+256;107+149
6;12;2900;083;495+5+298+298+0+0+0+9+298;74+224
6;12;2900;084;535+8+373+373+1+1+2+23+371;87+284
6;12;2900;085;441+4+441+441+1+0+1+0+440;133+307
6;12;2900;086;419+3+321+321+0+0+0+25+321;104+217
6;12;2900;087;345+0+258+258+1+0+1+23+257;86+171
6;12;2900;088;731+14+556+556+0+2+2+0+554;184+370
6;12;2900;090;459+3+330+330+0+0+0+0+330;92+238
6;12;2900;091;295+2+216+216+2+0+2+17+214;48+166
6;12;2900;092;181+1+154+154+0+0+0+0+154;59+95
6;12;2900;093;564+2+352+352+0+1+1+0+351;123+228
6;12;2900;094;679+0+343+343+0+0+0+12+343;153+190
6;12;2900;096;580+0+281+281+5+0+5+8+276;145+131
6;12;2900;097;42+0+37+37+0+0+0+0+37;10+27
6;12;2900;098;39+1+34+34+0+0+0+0+34;12+22
6;12;3600;001;729+1+440+440+0+2+2+32+438;210+228
6;12;3600;002;797+1+457+457+2+1+3+19+454;234+220
6;12;3600;003;696+1+439+439+6+5+11+22+428;205+223
6;12;3600;004;379+0+248+248+0+0+0+15+248;122+126
6;12;3600;005;389+0+271+271+0+0+0+0+271;98+173
6;12;3600;006;612+1+409+409+3+0+3+20+406;78+328
6;12;3600;007;274+0+199+199+0+0+0+12+199;41+158
6;12;3600;008;143+1+90+90+0+0+0+2+90;29+61
6;12;3600;009;306+3+199+199+0+2+2+0+197;53+144
6;12;3600;010;91+4+80+80+0+0+0+0+80;36+44
6;12;3600;011;172+2+130+130+0+0+0+0+130;31+99
6;12;3600;012;81+1+67+67+0+0+0+3+67;11+56
6;12;3800;001;433+6+316+316+1+0+1+22+315;93+222
6;12;3800;002;439+3+295+295+1+1+2+10+293;123+170
6;12;3800;003;601+6+417+417+1+1+2+16+415;120+295
6;12;3800;004;526+1+362+362+2+1+3+18+359;129+230
6;12;3800;005;537+1+379+379+1+0+1+15+378;72+306
6;12;3800;006;427+1+274+274+0+0+0+21+274;80+194
6;12;3800;007;713+7+454+454+0+0+0+19+454;116+338
6;12;3800;008;562+0+385+385+0+0+0+12+385;97+288
6;12;3800;009;507+4+353+353+0+2+2+17+351;100+251
[END]

[AGGR]
12;6;   ;2+289+289+154464+506+90662+90662+147+128+275+2779+90387;32404+57983
[END]
