[INFO]
13;Паза░джик;301
[END]

[IZB]
13;6;   ;;18.11.2001;2;2;414
[END]

[NM]
1303;001;г░. Ба▓ак;02837;00
1303;002;▒. Нова ма╡ала;51874;00
1303;003;▒. Фо▓иново;76162;00
1304;001;▒. Аканджиево;00165;00
1304;002;г░. Белово;03592;00
1304;003;▒. Габ░ови╢а;14163;00
1304;004;▒. Гол┐мо Белово;15802;00
1304;005;▒. Д║б░ави▓е;24414;00
1304;007;▒. Мененк╝ово;47812;00
1304;008;▒. Момина кли▒│░а;48903;00
1304;009;▒. Се▒▓░имо;66319;00
1306;001;г░. Б░а╢игово;06207;00
1306;002;▒. Б┐га;07586;00
1306;003;▒. Ж░еби╖ко;29522;00
1306;004;▒. И▒пе░и╡ово;32888;00
1306;005;▒. Коза░▒ко;37705;00
1306;006;▒. Равного░;61220;00
1306;007;▒. Розово;62973;00
1308;001;▒. Аблани╢а;00881;00
1308;002;▒. Би░ково;07836;00
1308;003;▒. Бозево;07853;00
1308;004;▒. Б│▓░ево;07867;00
1308;005;г░. Велинг░ад;10450;00
1308;007;▒. В░анен╢и;12989;00
1308;008;▒. Г░а╕ево;17823;00
1308;010;▒. Го░но Д║бево;18527;00
1308;011;▒. Д░агиново;23234;00
1308;014;▒. К░║▒▓ава;41136;00
1308;015;▒. Медени пол┐ни;47559;00
1308;016;▒. Па╕ово;55631;00
1308;017;▒. Поби▓ кам║к;59224;00
1308;018;▒. Ро╡лево;63687;00
1308;019;▒. Све▓а Пе▓ка;65534;00
1308;020;▒. Аленда░ово;83421;00
1308;022;▒. С║░ни╢а;70648;00
1308;024;▒. Цве▓ино;78272;00
1308;025;▒. Чолаково;81863;00
1308;026;▒. Юндола;86115;00
1314;001;▒. Бо░име╖ково;05459;00
1314;002;▒. Динка▓а;21172;00
1314;003;▒. Кал│ге░ово;35571;00
1314;004;▒. Ле▒и╖ово;43369;00
1314;005;▒. Памидово;55275;00
1314;006;▒. Це░ово;78478;00
1314;007;▒. Щ║░ково;84067;00
1319;001;▒. Алеко Кон▒▓ан▓иново;00254;00
1319;002;▒. Ап░ил╢и;00571;00
1319;003;▒. Б░а▓ани╢а;06149;00
1319;004;▒. Вели╖ково;10505;00
1319;005;▒. Гелеменово;14619;00
1319;006;▒. Главини╢а;15028;00
1319;007;▒. Говеда░е;15271;00
1319;008;▒. Деб░а╣и╢а;20362;00
1319;009;▒. Доб░овни╢а;21556;00
1319;010;▒. Д░аго░;23457;00
1319;011;▒. Зв║ни╖ево;30572;00
1319;012;▒. Ивайло;32010;00
1319;013;▒. К░али Ма░ко;39428;00
1319;014;▒. Л┐╡ово;44879;00
1319;015;▒. Мало Кона░е;46749;00
1319;016;▒. Ми░┐н╢и;48444;00
1319;017;▒. Мок░и╣е;48876;00
1319;018;▒. Ов╖епол╢и;53285;00
1319;019;▒. Огн┐ново;53335;00
1319;020;г░. Паза░джик;55155;00
1319;021;▒. Па▓алени╢а;55556;00
1319;022;▒. Пи╣игово;56561;00
1319;023;▒. Ро▒ен;63032;00
1319;024;▒. Са░а┐;65437;00
1319;025;▒. Сбо░;65468;00
1319;026;▒. Сини▓ево;66559;00
1319;027;▒. Тополи дол;72713;00
1319;028;▒. Хаджиево;77061;00
1319;029;▒. Ца░ А▒ен;78056;00
1319;030;▒. Ц░║н╖а;78570;00
1319;031;▒. Че░ного░ово;81089;00
1319;032;▒. Юна╢и▓е;86074;00
1320;001;▒. Бан┐;02717;00
1320;002;▒. Б║▓а;07572;00
1320;003;▒. Лев▒ки;22681;00
1320;004;▒. Ел╕и╢а;27406;00
1320;005;▒. Обо░и╣е;53103;00
1320;006;г░. Панаг╛░и╣е;55302;00
1320;007;▒. Поиб░ене;57128;00
1320;008;▒. Попин╢и;57580;00
1320;009;▒. Панаг╛░▒ки колони;59375;00
1320;011;▒. С░еб░иново;68271;00
1321;001;▒. Капи▓ан Дими▓░иево;36124;00
1321;002;г░. Пе╣е░а;56277;00
1321;003;▒. Радилово;61371;00
1324;001;▒. До░ково;23008;00
1324;002;▒. Ко▒▓андово;38844;00
1324;003;г░. Раки▓ово;62004;00
1329;002;▒. Бо╕│л┐;05949;00
1329;003;▒. Ва░ва░а;10104;00
1329;004;▒. Ве▓░ен;10820;00
1329;005;▒. Ве▓░ен дол;10851;00
1329;006;▒. Виног░аде╢;11154;00
1329;007;▒. Го░но В║░╕ило;16732;00
1329;009;▒. Злок│╖ене;31214;00
1329;010;▒. Ка░аб│на░;36172;00
1329;011;▒. Кова╖ево;37491;00
1329;012;▒. Лозен;44053;00
1329;013;▒. Сем╖иново;66202;00
1329;014;г░. Сеп▓емв░и;66264;00
1329;015;▒. Симеонове╢;66439;00
1329;016;▒. Славови╢а;67009;00
1332;001;▒. Бла▓ни╢а;04368;00
1332;002;▒. Д╛лево;24726;00
1332;003;▒. Свобода;65807;00
1332;004;▒. Смиле╢;67516;00
1332;005;г░. С▓░ел╖а;69835;00
[END]

[SEC]
13;0300;001;6;001
13;0300;002;6;001
13;0300;003;6;001
13;0300;004;6;001
13;0300;005;6;001
13;0300;006;6;001
13;0300;008;6;002
13;0300;009;6;002
13;0300;010;6;002
13;0300;011;6;003
13;0400;001;6;002
13;0400;002;6;002
13;0400;003;6;002
13;0400;004;6;002
13;0400;005;6;002
13;0400;006;6;004
13;0400;007;6;007
13;0400;008;6;007
13;0400;009;6;005
13;0400;010;6;008
13;0400;011;6;008
13;0400;012;6;009
13;0400;013;6;009
13;0400;014;6;003
13;0400;015;6;002
13;0400;016;6;001
13;0600;001;6;001
13;0600;002;6;001
13;0600;003;6;001
13;0600;004;6;001
13;0600;005;6;001
13;0600;006;6;006
13;0600;007;6;006
13;0600;008;6;007
13;0600;009;6;002
13;0600;010;6;002
13;0600;011;6;004
13;0600;012;6;004
13;0600;013;6;005
13;0600;014;6;005
13;0600;016;6;003
13;0800;001;6;005
13;0800;002;6;005
13;0800;003;6;005
13;0800;004;6;005
13;0800;005;6;005
13;0800;006;6;005
13;0800;007;6;005
13;0800;008;6;005
13;0800;009;6;005
13;0800;010;6;005
13;0800;011;6;005
13;0800;012;6;005
13;0800;013;6;005
13;0800;014;6;005
13;0800;015;6;005
13;0800;016;6;005
13;0800;017;6;005
13;0800;018;6;005
13;0800;019;6;005
13;0800;020;6;005
13;0800;021;6;005
13;0800;022;6;005
13;0800;023;6;005
13;0800;024;6;005
13;0800;025;6;005
13;0800;026;6;005
13;0800;036;6;011
13;0800;037;6;011
13;0800;038;6;011
13;0800;039;6;011
13;0800;041;6;008
13;0800;042;6;008
13;0800;043;6;019
13;0800;044;6;019
13;0800;045;6;019+020
13;0800;046;6;016
13;0800;047;6;018
13;0800;048;6;004
13;0800;049;6;010
13;0800;050;6;007
13;0800;051;6;002
13;0800;052;6;025
13;0800;053;6;024
13;0800;054;6;026
13;0800;055;6;001
13;0800;056;6;014
13;0800;058;6;003
13;0800;059;6;022
13;0800;060;6;022
13;0800;061;6;022
13;0800;062;6;022
13;0800;064;6;017
13;0800;065;6;015
13;1400;001;6;004
13;1400;002;6;004
13;1400;003;6;001
13;1400;004;6;002
13;1400;005;6;003
13;1400;006;6;003
13;1400;007;6;003
13;1400;008;6;005
13;1400;009;6;006
13;1400;010;6;006
13;1400;011;6;007
13;1400;012;6;007
13;1900;001;6;020
13;1900;002;6;020
13;1900;003;6;020
13;1900;004;6;020
13;1900;005;6;020
13;1900;006;6;020
13;1900;007;6;020
13;1900;008;6;020
13;1900;009;6;020
13;1900;010;6;020
13;1900;011;6;020
13;1900;012;6;020
13;1900;013;6;020
13;1900;014;6;020
13;1900;015;6;020
13;1900;016;6;020
13;1900;017;6;020
13;1900;018;6;020
13;1900;019;6;020
13;1900;020;6;020
13;1900;021;6;020
13;1900;022;6;020
13;1900;023;6;020
13;1900;024;6;020
13;1900;025;6;020
13;1900;026;6;020
13;1900;027;6;020
13;1900;028;6;020
13;1900;029;6;020
13;1900;030;6;020
13;1900;031;6;020
13;1900;032;6;020
13;1900;033;6;020
13;1900;034;6;020
13;1900;035;6;020
13;1900;036;6;020
13;1900;037;6;020
13;1900;038;6;020
13;1900;039;6;020
13;1900;040;6;020
13;1900;041;6;020
13;1900;042;6;020
13;1900;043;6;020
13;1900;044;6;020
13;1900;045;6;020
13;1900;046;6;020
13;1900;047;6;020
13;1900;048;6;020
13;1900;049;6;020
13;1900;050;6;020
13;1900;051;6;020
13;1900;052;6;020
13;1900;053;6;020
13;1900;054;6;020
13;1900;055;6;020
13;1900;056;6;020
13;1900;057;6;020
13;1900;058;6;020
13;1900;059;6;020
13;1900;060;6;020
13;1900;061;6;020
13;1900;062;6;020
13;1900;063;6;020
13;1900;064;6;020
13;1900;065;6;020
13;1900;066;6;020
13;1900;067;6;020
13;1900;068;6;020
13;1900;069;6;020
13;1900;070;6;020
13;1900;071;6;020
13;1900;072;6;020
13;1900;073;6;020
13;1900;074;6;020
13;1900;075;6;020
13;1900;076;6;020
13;1900;077;6;020
13;1900;078;6;020
13;1900;079;6;020
13;1900;080;6;020
13;1900;081;6;020
13;1900;082;6;020
13;1900;083;6;020
13;1900;084;6;020
13;1900;085;6;020
13;1900;086;6;020
13;1900;087;6;020
13;1900;088;6;020
13;1900;089;6;020
13;1900;090;6;020
13;1900;091;6;020
13;1900;092;6;020
13;1900;093;6;020
13;1900;094;6;020
13;1900;095;6;020
13;1900;096;6;021
13;1900;097;6;020
13;1900;098;6;020
13;1900;099;6;020
13;1900;100;6;020
13;1900;101;6;020
13;1900;102;6;020
13;1900;103;6;020
13;1900;104;6;020
13;1900;105;6;020
13;1900;106;6;020
13;1900;107;6;020
13;1900;108;6;020
13;1900;109;6;020
13;1900;110;6;020
13;1900;111;6;020
13;1900;151;6;001
13;1900;152;6;001
13;1900;153;6;001
13;1900;154;6;002
13;1900;155;6;003
13;1900;156;6;003
13;1900;157;6;004
13;1900;158;6;004
13;1900;159;6;005
13;1900;160;6;006
13;1900;161;6;006
13;1900;162;6;006
13;1900;163;6;007
13;1900;164;6;007
13;1900;165;6;008
13;1900;166;6;008
13;1900;167;6;009
13;1900;168;6;009
13;1900;169;6;010
13;1900;170;6;011
13;1900;171;6;011
13;1900;172;6;011
13;1900;173;6;012
13;1900;174;6;012
13;1900;175;6;012
13;1900;176;6;012
13;1900;177;6;014
13;1900;178;6;015
13;1900;179;6;015
13;1900;180;6;015
13;1900;181;6;015
13;1900;182;6;015
13;1900;183;6;015
13;1900;184;6;016
13;1900;185;6;017
13;1900;186;6;017
13;1900;187;6;017
13;1900;188;6;019
13;1900;189;6;019
13;1900;190;6;019
13;1900;191;6;021
13;1900;192;6;021
13;1900;193;6;021
13;1900;194;6;024
13;1900;195;6;024
13;1900;196;6;025
13;1900;197;6;026
13;1900;198;6;026
13;1900;199;6;026
13;1900;200;6;028
13;1900;201;6;028
13;1900;202;6;030
13;1900;203;6;030
13;1900;204;6;032
13;1900;205;6;032
13;1900;206;6;031
13;1900;207;6;031
13;1900;208;6;031
13;1900;209;6;018
13;1900;210;6;018
13;1900;211;6;027
13;1900;212;6;023
13;1900;213;6;029
13;1900;214;6;022
13;1900;215;6;022
13;1900;216;6;013
13;1900;217;6;010
13;1900;218;6;015
13;1900;219;6;003
13;1900;220;6;015
13;1900;221;6;001
13;2000;001;6;006
13;2000;002;6;006
13;2000;003;6;006
13;2000;004;6;006
13;2000;005;6;006
13;2000;006;6;006
13;2000;007;6;006
13;2000;008;6;006
13;2000;009;6;006
13;2000;010;6;006
13;2000;011;6;006
13;2000;012;6;006
13;2000;013;6;006
13;2000;014;6;006
13;2000;015;6;006
13;2000;016;6;006
13;2000;017;6;006
13;2000;018;6;006
13;2000;019;6;006
13;2000;020;6;006
13;2000;021;6;006
13;2000;022;6;006
13;2000;023;6;006
13;2000;025;6;001
13;2000;026;6;002
13;2000;027;6;002
13;2000;028;6;004
13;2000;030;6;003
13;2000;031;6;005
13;2000;032;6;005
13;2000;034;6;009
13;2000;035;6;011
13;2000;036;6;007
13;2000;037;6;008
13;2000;038;6;008
13;2000;039;6;008
13;2100;001;6;002
13;2100;002;6;002
13;2100;003;6;002
13;2100;004;6;002
13;2100;005;6;002
13;2100;006;6;002
13;2100;007;6;002
13;2100;008;6;002
13;2100;009;6;002
13;2100;010;6;002
13;2100;011;6;002
13;2100;012;6;002
13;2100;013;6;002
13;2100;014;6;002
13;2100;015;6;002
13;2100;016;6;002
13;2100;017;6;002
13;2100;018;6;002
13;2100;019;6;002
13;2100;020;6;002
13;2100;021;6;002
13;2100;022;6;002
13;2100;023;6;002
13;2100;024;6;002
13;2100;026;6;003
13;2100;027;6;003
13;2100;028;6;001
13;2400;001;6;003
13;2400;002;6;003
13;2400;003;6;003
13;2400;004;6;003
13;2400;005;6;003
13;2400;006;6;003
13;2400;007;6;003
13;2400;008;6;003
13;2400;009;6;002
13;2400;010;6;002
13;2400;011;6;002
13;2400;012;6;002
13;2400;013;6;001
13;2400;014;6;001
13;2400;015;6;001
13;2900;001;6;014
13;2900;002;6;014
13;2900;003;6;014
13;2900;004;6;014
13;2900;005;6;014
13;2900;006;6;014
13;2900;007;6;014
13;2900;008;6;014
13;2900;009;6;014
13;2900;011;6;002
13;2900;012;6;002
13;2900;013;6;003
13;2900;014;6;003
13;2900;015;6;003
13;2900;016;6;005
13;2900;017;6;005
13;2900;018;6;004
13;2900;019;6;004
13;2900;020;6;004
13;2900;021;6;004
13;2900;022;6;004
13;2900;023;6;004
13;2900;024;6;006
13;2900;025;6;006
13;2900;026;6;006
13;2900;027;6;007
13;2900;028;6;009
13;2900;029;6;011
13;2900;030;6;011
13;2900;031;6;011
13;2900;032;6;010
13;2900;033;6;010
13;2900;034;6;010
13;2900;035;6;012
13;2900;037;6;013
13;2900;038;6;013
13;2900;039;6;013
13;2900;040;6;015
13;2900;042;6;016
13;3200;001;6;005
13;3200;002;6;005
13;3200;003;6;005
13;3200;004;6;005
13;3200;005;6;005
13;3200;006;6;002
13;3200;007;6;004
13;3200;008;6;003
13;3200;009;6;001
[END]

[MAJ]
13;6;   ;02;;;Пе▓║░ С▓е┤анов С▓о┐нов и Нели Пе▓░ова К│╢кова;, ;ПСС+НПК;63567;0;1
13;6;   ;05;;;Гео░ги Седе┤╖ов П║░ванов и Ангел Иванов Ма░ин;, ;ГСП+АИМ;72505;1;2
[END]

[PROP]
[END]

[LISTI]
[END]

[PROT]
6;13;0300;001;677+2+403+403+1+1+2+25+401;98+303
6;13;0300;002;554+0+372+372+1+1+2+12+370;92+278
6;13;0300;003;774+0+501+501+0+0+0+0+501;160+341
6;13;0300;004;340+0+223+223+0+0+0+9+223;56+167
6;13;0300;005;664+1+379+379+1+0+1+0+378;108+270
6;13;0300;006;472+1+317+317+0+0+0+4+317;73+244
6;13;0300;008;835+0+350+350+0+0+0+0+350;165+185
6;13;0300;009;483+1+172+172+0+1+1+0+171;80+91
6;13;0300;010;433+0+185+185+0+0+0+0+185;86+99
6;13;0300;011;722+1+387+387+0+0+0+0+387;128+259
6;13;0400;001;640+0+375+375+0+0+0+0+375;164+211
6;13;0400;002;637+0+325+325+0+0+0+19+325;156+169
6;13;0400;003;921+0+508+508+1+0+1+24+507;283+224
6;13;0400;004;807+4+417+417+1+0+1+13+416;131+285
6;13;0400;005;615+0+350+350+0+1+1+0+349;178+171
6;13;0400;006;570+0+288+288+1+0+1+18+287;153+134
6;13;0400;007;553+0+276+276+0+0+0+10+276;109+167
6;13;0400;008;396+2+230+230+1+0+1+12+229;73+156
6;13;0400;009;535+0+307+307+1+1+2+20+305;87+218
6;13;0400;010;430+0+264+264+0+0+0+0+264;137+127
6;13;0400;011;610+0+364+364+0+1+1+19+363;181+182
6;13;0400;012;670+0+392+392+0+1+1+28+391;247+144
6;13;0400;013;680+0+373+373+1+0+1+24+372;230+142
6;13;0400;014;505+0+330+330+0+2+2+7+328;105+223
6;13;0400;015;388+0+218+218+0+0+0+218+218;116+102
6;13;0400;016;467+3+293+293+0+0+0+21+293;138+155
6;13;0600;001;943+4+608+608+1+0+1+24+607;281+326
6;13;0600;002;545+10+356+356+1+4+5+12+351;172+179
6;13;0600;003;618+6+387+387+1+1+2+32+385;185+200
6;13;0600;004;930+3+605+605+0+3+3+11+602;264+338
6;13;0600;005;739+4+481+481+0+1+1+35+480;212+268
6;13;0600;006;482+0+323+323+2+1+3+0+320;172+148
6;13;0600;007;438+1+316+316+1+0+1+0+315;177+138
6;13;0600;008;547+7+392+392+2+0+2+44+390;139+251
6;13;0600;009;642+3+421+421+0+0+0+0+421;102+319
6;13;0600;010;638+0+410+410+0+0+0+42+410;155+255
6;13;0600;011;641+3+429+429+1+0+1+35+428;170+258
6;13;0600;012;742+0+409+409+0+1+1+30+408;97+311
6;13;0600;013;510+0+323+323+1+0+1+26+322;146+176
6;13;0600;014;559+0+416+416+1+1+2+39+414;170+244
6;13;0600;016;110+2+78+78+1+0+1+0+77;26+51
6;13;0800;001;1021+0+554+554+0+0+0+16+554;184+370
6;13;0800;002;1005+2+476+476+1+0+1+19+475;141+334
6;13;0800;003;1001+0+553+553+0+1+1+15+552;158+394
6;13;0800;004;1003+0+625+625+0+0+0+13+625;269+356
6;13;0800;005;999+0+612+612+0+1+1+23+611;220+391
6;13;0800;006;1004+1+684+684+0+0+0+0+684;253+431
6;13;0800;007;968+0+651+651+1+0+1+0+650;273+377
6;13;0800;008;950+0+356+356+0+0+0+0+356;73+283
6;13;0800;009;987+3+631+631+1+0+1+0+630;323+307
6;13;0800;010;1022+1+613+613+1+0+1+5+612;319+293
6;13;0800;011;986+0+531+531+0+0+0+0+531;244+287
6;13;0800;012;961+0+517+517+0+0+0+0+517;297+220
6;13;0800;013;992+2+590+590+2+1+3+24+587;350+237
6;13;0800;014;973+1+567+567+0+0+0+19+567;305+262
6;13;0800;015;1061+3+602+602+1+0+1+0+601;270+331
6;13;0800;016;938+0+499+499+0+0+0+0+499;226+273
6;13;0800;017;1019+0+580+580+0+0+0+0+580;214+366
6;13;0800;018;891+0+474+474+0+0+0+0+474;217+257
6;13;0800;019;1124+0+564+564+0+0+0+0+564;244+320
6;13;0800;020;610+0+283+283+0+0+0+0+283;86+197
6;13;0800;021;995+0+573+573+3+0+3+18+570;237+333
6;13;0800;022;812+2+415+415+0+1+1+0+414;225+189
6;13;0800;023;66+1+38+38+0+0+0+0+38;20+18
6;13;0800;024;43+0+13+13+0+0+0+0+13;3+10
6;13;0800;025;80+0+66+66+0+0+0+0+66;25+41
6;13;0800;026;67+0+67+67+0+0+0+0+67;18+49
6;13;0800;036;904+1+400+400+1+0+1+0+399;330+69
6;13;0800;037;774+0+393+393+0+0+0+0+393;339+54
6;13;0800;038;763+0+359+359+0+0+0+0+359;322+37
6;13;0800;039;890+0+440+440+0+0+0+0+440;389+51
6;13;0800;041;739+1+397+397+0+0+0+0+397;272+125
6;13;0800;042;231+1+123+123+0+0+0+0+123;79+44
6;13;0800;043;607+2+307+307+0+0+0+0+307;265+42
6;13;0800;044;888+2+325+325+1+0+1+0+324;272+52
6;13;0800;045;405+2+154+154+0+0+0+0+154;127+27
6;13;0800;046;805+1+377+377+0+0+0+0+377;288+89
6;13;0800;047;315+1+112+112+0+0+0+0+112;69+43
6;13;0800;048;124+3+60+60+0+0+0+0+60;54+6
6;13;0800;049;169+1+59+59+0+0+0+0+59;35+24
6;13;0800;050;156+2+90+90+0+0+0+0+90;19+71
6;13;0800;051;304+0+124+124+0+0+0+0+124;65+59
6;13;0800;052;153+1+49+49+0+0+0+0+49;18+31
6;13;0800;053;149+1+87+87+0+0+0+0+87;17+70
6;13;0800;054;134+3+89+89+0+0+0+0+89;63+26
6;13;0800;055;289+0+114+114+0+0+0+0+114;55+59
6;13;0800;056;884+8+253+253+0+0+0+0+253;151+102
6;13;0800;058;61+1+32+32+0+0+0+0+32;25+7
6;13;0800;059;636+0+241+241+0+0+0+0+241;130+111
6;13;0800;060;856+0+312+312+0+0+0+0+312;226+86
6;13;0800;061;708+0+256+256+0+0+0+0+256;202+54
6;13;0800;062;545+0+205+205+1+0+1+0+204;152+52
6;13;0800;064;408+6+215+215+0+0+0+0+215;133+82
6;13;0800;065;548+1+229+229+0+1+1+5+228;142+86
6;13;1400;001;474+1+341+341+0+0+0+23+341;70+271
6;13;1400;002;419+4+298+298+0+0+0+4+298;44+254
6;13;1400;003;460+0+222+222+1+1+2+28+220;107+113
6;13;1400;004;864+4+484+484+0+0+0+44+484;126+358
6;13;1400;005;390+4+241+241+1+0+1+19+240;69+171
6;13;1400;006;453+1+318+318+1+1+2+26+316;119+197
6;13;1400;007;429+1+284+284+1+0+1+33+283;112+171
6;13;1400;008;378+2+277+277+1+2+3+25+274;106+168
6;13;1400;009;486+0+324+324+1+0+1+28+323;109+214
6;13;1400;010;424+2+304+304+3+0+3+35+301;83+218
6;13;1400;011;356+0+209+209+0+1+1+12+208;66+142
6;13;1400;012;35+0+21+21+0+0+0+2+21;4+17
6;13;1900;001;670+2+374+374+0+0+0+10+374;207+167
6;13;1900;002;744+0+433+433+1+1+2+32+431;250+181
6;13;1900;003;696+0+422+422+1+0+1+15+421;249+172
6;13;1900;004;642+0+415+415+1+0+1+12+414;248+166
6;13;1900;005;721+1+458+458+1+1+2+0+456;246+210
6;13;1900;006;914+0+589+589+1+1+2+31+587;326+261
6;13;1900;007;770+0+469+469+1+1+2+21+467;220+247
6;13;1900;008;776+0+458+458+1+0+1+26+457;264+193
6;13;1900;009;742+0+431+431+0+1+1+12+430;240+190
6;13;1900;010;707+0+431+431+1+0+1+35+430;251+179
6;13;1900;011;820+0+518+518+1+1+2+24+516;243+273
6;13;1900;012;676+0+430+430+0+0+0+5+430;245+185
6;13;1900;013;441+0+250+250+0+0+0+13+250;158+92
6;13;1900;014;708+1+438+438+0+0+0+1+438;170+268
6;13;1900;015;667+0+364+364+0+0+0+15+364;153+211
6;13;1900;016;686+0+362+362+0+1+1+0+361;175+186
6;13;1900;017;639+0+376+376+0+1+1+0+375;135+240
6;13;1900;018;687+0+414+414+0+0+0+17+414;241+173
6;13;1900;019;795+0+446+446+1+2+3+0+443;224+219
6;13;1900;020;715+0+438+438+0+0+0+0+438;251+187
6;13;1900;021;616+0+391+391+0+0+0+0+391;237+154
6;13;1900;022;795+0+489+489+0+0+0+20+489;273+216
6;13;1900;023;545+0+384+384+0+0+0+28+384;163+221
6;13;1900;024;728+0+442+442+1+0+1+0+441;196+245
6;13;1900;025;807+0+483+483+4+0+4+0+479;256+223
6;13;1900;026;844+0+473+473+0+0+0+22+473;240+233
6;13;1900;027;587+4+291+291+1+0+1+16+290;119+171
6;13;1900;028;537+0+256+256+0+0+0+0+256;141+115
6;13;1900;029;790+0+410+410+0+0+0+0+410;198+212
6;13;1900;030;712+0+287+287+0+0+0+6+287;146+141
6;13;1900;031;735+0+423+423+0+0+0+21+423;233+190
6;13;1900;032;641+0+326+326+1+0+1+7+325;176+149
6;13;1900;033;664+1+382+382+1+1+2+18+380;192+188
6;13;1900;034;721+0+419+419+2+1+3+0+416;268+148
6;13;1900;035;762+0+462+462+1+0+1+12+461;301+160
6;13;1900;036;821+0+500+500+0+0+0+0+500;268+232
6;13;1900;037;713+0+438+438+0+0+0+13+438;238+200
6;13;1900;038;631+1+372+372+1+1+2+11+370;202+168
6;13;1900;039;635+2+300+300+1+0+1+9+299;172+127
6;13;1900;040;669+0+374+374+1+0+1+0+373;220+153
6;13;1900;041;660+0+325+325+0+0+0+11+325;170+155
6;13;1900;042;700+0+397+397+0+0+0+4+397;223+174
6;13;1900;043;671+0+258+258+0+0+0+15+258;193+65
6;13;1900;044;356+3+359+359+2+0+2+0+357;223+134
6;13;1900;045;305+0+179+179+1+0+1+7+178;82+96
6;13;1900;046;574+0+310+310+0+1+1+24+309;144+165
6;13;1900;047;725+0+382+382+0+0+0+0+382;226+156
6;13;1900;048;592+3+353+353+0+0+0+0+353;195+158
6;13;1900;049;757+1+378+378+0+0+0+15+378;230+148
6;13;1900;050;598+0+185+185+0+1+1+0+184;148+36
6;13;1900;051;451+0+128+128+0+1+1+0+127;105+22
6;13;1900;052;445+0+89+89+1+0+1+0+88;67+21
6;13;1900;053;462+0+255+255+1+0+1+0+254;130+124
6;13;1900;054;777+0+434+434+0+0+0+0+434;197+237
6;13;1900;055;744+3+412+412+0+0+0+0+412;202+210
6;13;1900;056;742+0+409+409+0+1+1+12+408;171+237
6;13;1900;057;604+0+302+302+0+1+1+0+301;147+154
6;13;1900;058;767+0+383+383+1+0+1+5+382;196+186
6;13;1900;059;674+0+277+277+0+0+0+18+277;144+133
6;13;1900;060;452+0+173+173+0+0+0+10+173;116+57
6;13;1900;061;407+0+130+130+4+0+4+0+126;67+59
6;13;1900;062;721+0+277+277+0+0+0+0+277;178+99
6;13;1900;063;529+2+181+181+0+0+0+0+181;131+50
6;13;1900;064;686+0+351+351+1+0+1+0+350;155+195
6;13;1900;065;611+0+322+322+0+0+0+0+322;137+185
6;13;1900;066;838+0+391+391+1+0+1+0+390;213+177
6;13;1900;067;654+2+325+325+1+0+1+10+324;164+160
6;13;1900;068;669+0+325+325+0+0+0+3+325;158+167
6;13;1900;069;527+0+249+249+0+0+0+9+249;137+112
6;13;1900;070;439+0+250+250+1+0+1+0+249;140+109
6;13;1900;071;741+0+428+428+0+0+0+0+428;260+168
6;13;1900;072;456+0+140+140+0+1+1+9+139;93+46
6;13;1900;073;638+0+210+210+0+0+0+0+210;149+61
6;13;1900;074;509+0+213+213+0+1+1+15+212;133+79
6;13;1900;075;379+0+144+144+0+0+0+0+144;102+42
6;13;1900;076;523+0+295+295+0+1+1+5+294;128+166
6;13;1900;077;502+0+266+266+0+0+0+0+266;94+172
6;13;1900;078;769+0+393+393+0+0+0+10+393;199+194
6;13;1900;079;626+0+305+305+0+0+0+0+305;157+148
6;13;1900;080;702+1+316+316+0+0+0+13+316;159+157
6;13;1900;081;664+0+303+303+0+0+0+0+303;160+143
6;13;1900;082;874+0+432+432+0+0+0+0+432;248+184
6;13;1900;083;779+1+362+362+1+0+1+0+361;189+172
6;13;1900;084;578+0+284+284+0+0+0+0+284;142+142
6;13;1900;085;777+1+335+335+1+0+1+10+334;172+162
6;13;1900;086;698+0+366+366+0+0+0+20+366;180+186
6;13;1900;087;690+0+368+368+0+0+0+0+368;184+184
6;13;1900;088;715+0+326+326+0+0+0+10+326;206+120
6;13;1900;089;604+0+308+308+0+1+1+0+307;187+120
6;13;1900;090;713+0+373+373+0+0+0+10+373;216+157
6;13;1900;091;725+1+395+395+0+0+0+0+395;215+180
6;13;1900;092;649+0+212+212+0+0+0+0+212;130+82
6;13;1900;093;450+0+164+164+0+0+0+0+164;134+30
6;13;1900;094;112+0+25+25+0+0+0+0+25;12+13
6;13;1900;095;121+0+25+25+0+0+0+0+25;3+22
6;13;1900;096;100+1+50+50+0+0+0+0+50;28+22
6;13;1900;097;177+12+122+122+1+0+1+0+121;35+86
6;13;1900;098;66+3+56+56+0+0+0+0+56;24+32
6;13;1900;099;452+0+256+256+0+0+0+0+256;131+125
6;13;1900;100;748+1+401+401+2+0+2+0+399;189+210
6;13;1900;101;603+0+376+376+0+0+0+0+376;133+243
6;13;1900;102;358+0+79+79+1+0+1+6+78;62+16
6;13;1900;103;668+0+380+380+0+0+0+0+380;180+200
6;13;1900;104;663+0+312+312+0+0+0+16+312;161+151
6;13;1900;105;549+0+204+204+1+1+2+0+202;155+47
6;13;1900;106;365+0+147+147+0+0+0+0+147;122+25
6;13;1900;107;423+0+150+150+0+0+0+0+150;103+47
6;13;1900;108;636+0+271+271+0+0+0+4+271;136+135
6;13;1900;109;526+0+285+285+0+0+0+0+285;167+118
6;13;1900;110;607+0+210+210+0+2+2+0+208;152+56
6;13;1900;111;525+3+185+185+0+0+0+0+185;162+23
6;13;1900;151;343+1+149+149+0+0+0+7+149;47+102
6;13;1900;152;773+5+400+400+1+0+1+20+399;146+253
6;13;1900;153;482+0+244+244+0+0+0+21+244;73+171
6;13;1900;154;349+0+211+211+1+0+1+12+210;80+130
6;13;1900;155;617+2+313+313+0+3+3+0+310;132+178
6;13;1900;156;422+0+205+205+0+0+0+10+205;93+112
6;13;1900;157;529+2+380+380+1+0+1+29+379;97+282
6;13;1900;158;484+1+326+326+0+0+0+43+326;95+231
6;13;1900;159;628+0+306+306+0+0+0+13+306;102+204
6;13;1900;160;627+1+353+353+0+0+0+0+353;147+206
6;13;1900;161;622+0+303+303+0+0+0+0+303;95+208
6;13;1900;162;764+0+344+344+1+0+1+0+343;131+212
6;13;1900;163;518+0+297+297+0+0+0+0+297;173+124
6;13;1900;164;670+0+342+342+0+0+0+0+342;179+163
6;13;1900;165;494+0+287+287+0+0+0+0+287;104+183
6;13;1900;166;383+3+230+230+0+1+1+7+229;101+128
6;13;1900;167;534+0+261+261+0+0+0+0+261;111+150
6;13;1900;168;622+7+307+307+0+0+0+0+307;124+183
6;13;1900;169;545+0+326+326+0+0+0+0+326;171+155
6;13;1900;170;695+0+395+395+0+0+0+0+395;196+199
6;13;1900;171;554+1+316+316+0+0+0+0+316;166+150
6;13;1900;172;578+2+277+277+0+0+0+0+277;134+143
6;13;1900;173;699+0+345+345+0+1+1+13+344;157+187
6;13;1900;174;617+0+367+367+1+0+1+0+366;189+177
6;13;1900;175;553+0+306+306+0+1+1+16+305;116+189
6;13;1900;176;647+0+276+276+0+2+2+10+274;183+91
6;13;1900;177;373+0+206+206+1+0+1+0+205;73+132
6;13;1900;178;626+0+347+347+0+2+2+0+345;109+236
6;13;1900;179;447+0+239+239+0+0+0+0+239;113+126
6;13;1900;180;459+2+226+226+0+1+1+0+225;98+127
6;13;1900;181;424+0+216+216+0+0+0+0+216;122+94
6;13;1900;182;424+0+253+253+0+0+0+23+253;132+121
6;13;1900;183;430+0+225+225+0+0+0+12+225;138+87
6;13;1900;184;522+2+303+303+1+0+1+0+302;155+147
6;13;1900;185;522+0+285+285+2+0+2+0+283;118+165
6;13;1900;186;438+2+224+224+0+0+0+0+224;77+147
6;13;1900;187;689+2+326+326+0+0+0+0+326;102+224
6;13;1900;188;736+0+403+403+0+2+2+0+401;206+195
6;13;1900;189;674+0+425+425+1+0+1+28+424;194+230
6;13;1900;190;683+0+358+358+0+0+0+0+358;190+168
6;13;1900;191;460+0+221+221+0+0+0+0+221;103+118
6;13;1900;192;458+0+253+253+0+1+1+0+252;112+140
6;13;1900;193;372+0+160+160+0+1+1+0+159;85+74
6;13;1900;194;540+0+255+255+0+0+0+0+255;62+193
6;13;1900;195;523+0+344+344+0+0+0+0+344;121+223
6;13;1900;196;280+1+191+191+0+0+0+0+191;73+118
6;13;1900;197;660+0+359+359+3+0+3+0+356;158+198
6;13;1900;198;552+0+298+298+4+0+4+0+294;179+115
6;13;1900;199;568+0+285+285+1+0+1+0+284;180+104
6;13;1900;200;563+0+372+372+1+0+1+0+371;184+187
6;13;1900;201;420+2+246+246+0+1+1+0+245;149+96
6;13;1900;202;546+0+345+345+0+0+0+0+345;175+170
6;13;1900;203;568+1+364+364+0+0+0+11+364;180+184
6;13;1900;204;687+1+364+364+2+0+2+0+362;137+225
6;13;1900;205;609+7+310+310+1+0+1+0+309;124+185
6;13;1900;206;721+2+453+453+0+0+0+0+453;185+268
6;13;1900;207;595+1+405+405+0+1+1+0+404;185+219
6;13;1900;208;570+0+381+381+2+0+2+0+379;149+230
6;13;1900;209;631+0+447+447+0+2+2+27+445;188+257
6;13;1900;210;347+3+237+237+0+0+0+20+237;90+147
6;13;1900;211;304+0+216+216+0+0+0+0+216;88+128
6;13;1900;212;578+1+343+343+0+2+2+18+341;132+209
6;13;1900;213;338+0+234+234+0+1+1+21+233;70+163
6;13;1900;214;427+0+225+225+1+1+2+13+223;115+108
6;13;1900;215;593+1+341+341+0+0+0+29+341;100+241
6;13;1900;216;195+0+133+133+0+0+0+9+133;61+72
6;13;1900;217;516+0+243+243+0+0+0+0+243;88+155
6;13;1900;218;504+0+208+208+0+0+0+0+208;110+98
6;13;1900;219;606+1+262+262+0+0+0+0+262;128+134
6;13;1900;220;368+0+193+193+0+1+1+0+192;51+141
6;13;1900;221;404+0+185+185+1+0+1+0+184;49+135
6;13;2000;001;805+0+457+457+0+0+0+24+457;225+232
6;13;2000;002;867+1+434+434+0+0+0+22+434;233+201
6;13;2000;003;792+0+464+464+2+1+3+0+461;188+273
6;13;2000;004;797+0+406+406+2+0+2+18+404;187+217
6;13;2000;005;820+0+461+461+1+2+3+0+458;199+259
6;13;2000;006;868+0+447+447+0+0+0+12+447;186+261
6;13;2000;007;807+0+408+408+0+1+1+23+407;100+307
6;13;2000;008;801+0+493+493+0+0+0+22+493;238+255
6;13;2000;009;804+0+420+420+1+1+2+22+418;165+253
6;13;2000;010;908+0+470+470+1+0+1+19+469;195+274
6;13;2000;011;671+1+417+417+1+0+1+18+416;184+232
6;13;2000;012;652+0+418+418+0+0+0+11+418;193+225
6;13;2000;013;644+0+411+411+1+0+1+13+410;177+233
6;13;2000;014;780+0+442+442+1+0+1+13+441;216+225
6;13;2000;015;756+0+428+428+1+1+2+7+426;151+275
6;13;2000;016;648+0+353+353+0+0+0+0+353;130+223
6;13;2000;017;936+1+442+442+0+2+2+15+440;161+279
6;13;2000;018;810+0+407+407+0+0+0+0+407;164+243
6;13;2000;019;765+0+423+423+0+0+0+16+423;191+232
6;13;2000;020;47+1+39+39+0+0+0+0+39;12+27
6;13;2000;021;582+1+303+303+0+0+0+24+303;102+201
6;13;2000;022;527+0+322+322+1+0+1+16+321;147+174
6;13;2000;023;669+1+301+301+0+0+0+7+301;154+147
6;13;2000;025;845+3+532+532+0+0+0+28+532;163+369
6;13;2000;026;616+2+350+350+0+1+1+21+349;92+257
6;13;2000;027;590+0+352+352+1+0+1+27+351;111+240
6;13;2000;028;866+7+569+569+1+4+5+31+564;129+435
6;13;2000;030;755+5+512+512+1+1+2+25+510;94+416
6;13;2000;031;688+0+328+328+0+0+0+29+328;156+172
6;13;2000;032;664+0+333+333+1+1+2+32+331;149+182
6;13;2000;034;306+4+200+200+0+0+0+6+200;98+102
6;13;2000;035;24+1+14+14+0+0+0+1+14;5+9
6;13;2000;036;570+4+365+365+1+3+4+24+361;84+277
6;13;2000;037;609+0+354+354+0+0+0+0+354;145+209
6;13;2000;038;863+1+464+464+0+0+0+35+464;187+277
6;13;2000;039;565+3+294+294+1+0+1+9+293;106+187
6;13;2100;001;700+7+217+217+0+2+2+0+215;43+172
6;13;2100;002;725+4+188+188+0+1+1+15+187;76+111
6;13;2100;003;534+0+282+282+0+0+0+26+282;151+131
6;13;2100;004;592+0+313+313+0+0+0+18+313;170+143
6;13;2100;005;1004+0+261+261+0+1+1+25+260;101+159
6;13;2100;006;855+0+270+270+0+1+1+35+269;49+220
6;13;2100;007;600+0+283+283+0+0+0+10+283;157+126
6;13;2100;008;719+0+312+312+0+1+1+0+311;215+96
6;13;2100;009;784+0+409+409+0+0+0+0+409;260+149
6;13;2100;010;642+0+376+376+0+0+0+0+376;203+173
6;13;2100;011;689+0+348+348+0+0+0+0+348;177+171
6;13;2100;012;694+2+382+382+1+0+1+0+381;161+220
6;13;2100;013;521+0+253+253+0+1+1+0+252;116+136
6;13;2100;014;658+0+301+301+0+2+2+29+299;140+159
6;13;2100;015;525+0+272+272+0+0+0+24+272;130+142
6;13;2100;016;668+0+387+387+0+0+0+0+387;187+200
6;13;2100;017;545+0+305+305+0+1+1+18+304;157+147
6;13;2100;018;726+2+342+342+1+0+1+0+341;161+180
6;13;2100;019;768+0+350+350+0+0+0+35+350;172+178
6;13;2100;020;856+1+476+476+0+0+0+0+476;182+294
6;13;2100;021;662+0+302+302+0+0+0+0+302;150+152
6;13;2100;022;462+0+209+209+0+0+0+0+209;95+114
6;13;2100;023;885+0+292+292+0+0+0+30+292;93+199
6;13;2100;024;10+0+2+2+0+0+0+0+2;0+2
6;13;2100;026;764+3+452+452+1+2+3+2+449;248+201
6;13;2100;027;634+0+351+351+0+0+0+25+351;179+172
6;13;2100;028;730+0+445+445+0+0+0+0+445;245+200
6;13;2400;001;857+3+477+477+1+1+2+0+475;219+256
6;13;2400;002;824+0+464+464+0+0+0+25+464;185+279
6;13;2400;003;799+0+432+432+0+0+0+0+432;204+228
6;13;2400;004;768+0+418+418+1+2+3+0+415;181+234
6;13;2400;005;528+0+283+283+0+0+0+0+283;119+164
6;13;2400;006;836+0+383+383+0+0+0+0+383;201+182
6;13;2400;007;1017+0+407+407+0+0+0+0+407;45+362
6;13;2400;008;817+0+334+334+6+0+6+0+328;27+301
6;13;2400;009;714+0+294+294+0+1+1+0+293;206+87
6;13;2400;010;741+0+275+275+0+0+0+15+275;196+79
6;13;2400;011;1026+8+406+406+3+1+4+0+402;249+153
6;13;2400;012;735+0+265+265+0+0+0+0+265;120+145
6;13;2400;013;757+1+423+423+1+1+2+0+421;164+257
6;13;2400;014;857+0+412+412+0+0+0+14+412;145+267
6;13;2400;015;736+0+353+353+0+0+0+0+353;198+155
6;13;2900;001;677+2+302+302+0+0+0+0+302;110+192
6;13;2900;002;927+0+495+495+0+1+1+22+494;221+273
6;13;2900;003;769+1+423+423+1+0+1+0+422;242+180
6;13;2900;004;901+0+473+473+1+0+1+0+472;275+197
6;13;2900;005;896+0+547+547+0+1+1+45+546;246+300
6;13;2900;006;954+0+518+518+1+1+2+34+516;251+265
6;13;2900;007;524+0+329+329+0+0+0+27+329;153+176
6;13;2900;008;535+0+344+344+2+2+4+0+340;162+178
6;13;2900;009;1004+1+572+572+0+1+1+34+571;291+280
6;13;2900;011;313+0+196+196+0+0+0+20+196;61+135
6;13;2900;012;441+2+289+289+0+0+0+27+289;113+176
6;13;2900;013;581+1+312+312+0+1+1+9+311;140+171
6;13;2900;014;855+0+498+498+0+0+0+0+498;202+296
6;13;2900;015;446+0+284+284+1+1+2+0+282;125+157
6;13;2900;016;594+0+307+307+0+0+0+18+307;155+152
6;13;2900;017;729+1+442+442+2+3+5+31+437;180+257
6;13;2900;018;854+1+343+343+0+0+0+0+343;101+242
6;13;2900;019;519+0+319+319+0+0+0+0+319;163+156
6;13;2900;020;709+0+379+379+1+0+1+0+378;154+224
6;13;2900;021;309+0+188+188+1+0+1+0+187;99+88
6;13;2900;022;466+0+252+252+0+0+0+0+252;135+117
6;13;2900;023;321+0+182+182+0+0+0+18+182;83+99
6;13;2900;024;525+4+360+360+0+2+2+22+358;100+258
6;13;2900;025;444+0+258+258+1+0+1+10+257;94+163
6;13;2900;026;509+4+355+355+0+2+2+17+353;95+258
6;13;2900;027;71+0+50+50+1+1+2+1+48;19+29
6;13;2900;028;582+1+394+394+1+0+1+15+393;133+260
6;13;2900;029;574+3+324+324+1+0+1+0+323;139+184
6;13;2900;030;679+2+359+359+1+1+2+18+357;257+100
6;13;2900;031;505+2+314+314+2+1+3+0+311;180+131
6;13;2900;032;325+0+231+231+0+1+1+0+230;79+151
6;13;2900;033;375+0+265+265+0+0+0+0+265;124+141
6;13;2900;034;592+2+391+391+2+1+3+0+388;160+228
6;13;2900;035;945+0+531+531+1+0+1+39+530;172+358
6;13;2900;037;406+0+247+247+1+0+1+0+246;104+142
6;13;2900;038;632+0+243+243+0+1+1+0+242;119+123
6;13;2900;039;525+0+326+326+0+0+0+0+326;143+183
6;13;2900;040;835+1+433+433+1+1+2+32+431;186+245
6;13;2900;042;401+0+281+281+0+0+0+22+281;73+208
6;13;3200;001;781+2+467+467+0+0+0+26+467;160+307
6;13;3200;002;989+0+498+498+1+0+1+35+497;193+304
6;13;3200;003;795+5+441+441+2+1+3+43+438;166+272
6;13;3200;004;685+2+395+395+1+0+1+12+394;129+265
6;13;3200;005;672+4+400+400+1+0+1+25+399;154+245
6;13;3200;006;183+16+158+158+0+0+0+27+158;86+72
6;13;3200;007;288+6+215+215+1+0+1+10+214;62+152
6;13;3200;008;258+2+187+187+0+0+0+25+187;63+124
6;13;3200;009;202+6+164+164+0+0+0+7+164;75+89
[END]

[AGGR]
13;6;   ;2+414+414+253901+373+136386+136386+175+139+314+3971+136072;63567+72505
[END]
