[INFO]
14;Пе░ник;301
[END]

[IZB]
14;6;   ;;18.11.2001;2;2;289
[END]

[NM]
1408;001;▒. А░зан;00610;00
1408;002;▒. Баби╢а;02066;00
1408;003;▒. Бани╣е;02614;00
1408;004;▒. Бег│нов╢и;03099;00
1408;006;г░. Б░езник;06286;00
1408;007;▒. Б░езни╕ки изво░;06313;00
1408;009;▒. Велков╢и;10548;00
1408;010;▒. Вид░и╢а;11034;00
1408;011;▒. Гигин╢и;14893;00
1408;013;▒. Го░на Секи░на;16382;00
1408;014;▒. Го░ни Роман╢и;16612;00
1408;015;▒. Г║░ло;18349;00
1408;016;▒. Долна Секи░на;22263;00
1408;018;▒. Д│╕ин╢и;24205;00
1408;019;▒. Завала;30048;00
1408;020;▒. Кон▒ка;41126;00
1408;021;▒. Ко╕а░ево;39150;00
1408;022;▒. К░а▒ава;39517;00
1408;025;▒. Неп░азнен╢и;51490;00
1408;026;▒. Ноев╢и;52324;00
1408;027;▒. Реб░о;62373;00
1408;029;▒. Режан╢и;17796;00
1408;030;▒. Р║жаве╢;63519;00
1408;031;▒. Садовик;65084;00
1408;033;▒. Слаков╢и;67163;00
1408;034;▒. Сопи╢а;68059;00
1408;035;▒. С▓ан╝ов╢и;68833;00
1408;036;▒. Я░о▒лав╢и;87579;00
1419;001;▒. Бе░енде;03887;00
1419;002;▒. Бла▓е╕ни╢а;04340;00
1419;003;▒. В░ан┐ ▒▓ена;12228;00
1419;004;▒. Габ░ов дол;14146;00
1419;005;▒. Го░на В░аб╖а;16167;00
1419;006;▒. Го░на Глогови╢а;16170;00
1419;007;▒. Дивл┐;20972;00
1419;008;▒. Долна В░аб╖а;22054;00
1419;009;▒. Елов дол;27320;00
1419;010;▒. Жабл┐но;29012;00
1419;011;г░. Земен;30778;00
1419;012;▒. Кало▓ин╢и;35482;00
1419;013;▒. М│░ено;49357;00
1419;014;▒. Од░ани╢а;53415;00
1419;015;▒. Падине;55141;00
1419;016;▒. Пе╣е░а;56280;00
1419;017;▒. Ра┐н╢и;62356;00
1419;018;▒. Сми░ов дол;67595;00
1419;019;▒. Чепино;80385;00
1422;001;▒. Ег║лни╢а;27043;00
1422;002;▒. Кали╣а;35434;00
1422;003;▒. Кова╖ев╢и;37513;00
1422;004;▒. Ко▒а╖а;38724;00
1422;005;▒. Лобо╕;43918;00
1422;006;▒. Ракилов╢и;61947;00
1422;007;▒. Све▓л┐;65591;00
1422;009;▒. Си░и╣ник;66648;00
1432;001;г░. Ба▓анов╢и;72223;00
1432;002;кв. Бела вода;;00
1432;003;▒. Богданов дол;04618;00
1432;004;▒. Бо▒нек;05760;00
1432;005;▒. Ви▒к┐░;11209;00
1432;006;▒. Ви▓анов╢и;11288;00
1432;007;▒. Големо Б│╖ино;15504;00
1432;008;▒. Диво▓ино;20986;00
1432;009;▒. Д░аги╖ево;23251;00
1432;010;▒. Зида░╢и;30836;00
1432;011;кв. Калка▒;;00
1432;012;▒. Кладни╢а;37174;00
1432;013;▒. К░алев дол;39387;00
1432;014;▒. Ле▒кове╢;43428;00
1432;015;▒. Л╛лин;44656;00
1432;016;▒. Ме╣и╢а;48037;00
1432;017;г░. Пе░ник;55871;00
1432;018;кв. Пе░ник-Из▓ок;;00
1432;020;▒. Рад│й;61618;00
1432;021;▒. Ра▒ник;62219;00
1432;022;▒. Р│да░╢и;63152;00
1432;024;▒. Сели╣ен дол;66072;00
1432;026;▒. С▓│дена;70038;00
1432;027;кв. Ц║░ква;;00
1432;028;▒. Че░на го░а;81952;00
1432;029;▒. Ч│йпе▓лово;81623;00
1432;030;▒. Я░джилов╢и;87480;00
1436;001;▒. Байкал▒ко;02230;00
1436;003;▒. Бобо░а╢и;04529;00
1436;004;▒. Бо░на░ево;05534;00
1436;005;▒. Владими░;11404;00
1436;006;▒. Го░на Дикан┐;16208;00
1436;007;▒. Г║л║бник;18263;00
1436;008;▒. Дебели Лаг;20256;00
1436;009;▒. Долна Дикан┐;22085;00
1436;010;▒. Долни Ракове╢;22490;00
1436;013;▒. Д░ен;23649;00
1436;014;▒. Д░│ган;24832;00
1436;015;м. Ег░е╢и▓е;;00
1436;016;▒. Жедна;29060;00
1436;018;▒. Жи▓│╕а;29622;00
1436;019;▒. Изво░;32384;00
1436;020;▒. Ка▒илаг;36566;00
1436;021;▒. Кленовик;41232;00
1436;022;▒. Кондо┤░ей;38265;00
1436;023;▒. Копани╢а;38460;00
1436;024;▒. Ко╕а░и▓е;41251;00
1436;025;▒. Негован╢и;51278;00
1436;026;▒. Николаево;51617;00
1436;027;▒. По╢║░нен╢и;57964;00
1436;028;▒. П░ибой;58311;00
1436;029;▒. Радибо╕;61354;00
1436;030;г░. Радоми░;61577;00
1436;031;▒. С▓а░о ▒ело;69064;00
1436;032;▒. С▓е┤аново;69239;00
1436;033;▒. Угл┐░╢и;75023;00
1436;034;▒. Че░вена могила;80488;00
1436;035;▒. Ч│кове╢;81709;00
1451;004;▒. Бо╡ова;05918;00
1451;005;▒. Б│▒ин╢и;07096;00
1451;006;▒. Б│▓░оин╢и;07137;00
1451;007;▒. Велиново;10478;00
1451;009;▒. В░аб╖а;12139;00
1451;010;▒. В│кан;12348;00
1451;011;▒. Главанов╢и;14979;00
1451;012;▒. Глогови╢а;15134;00
1451;013;▒. Го░на Мелна;16331;00
1451;014;▒. Го░о╖ев╢и;17077;00
1451;015;▒. Джин╖ов╢и;20818;00
1451;016;▒. Док╝ов╢и;21854;00
1451;017;▒. Долна Мелна;22201;00
1451;018;▒. Д║лга Л│ка;24517;00
1451;019;▒. Ездими░╢и;27084;00
1451;020;▒. Елови╢а;27351;00
1451;021;▒. Е░│л;27601;00
1451;022;▒. Забел;30017;00
1451;023;▒. Зелениг░ад;30716;00
1451;024;▒. Кожин╢и;37602;00
1451;025;▒. Ко▒▓│░ин╢и;39027;00
1451;027;▒. Лева ░ека;43195;00
1451;029;▒. Ломни╢а;44269;00
1451;030;▒. Л┐лин╢и;44781;00
1451;031;▒. Милк╝ов╢и;48249;00
1451;032;▒. Мило▒лав╢и;48252;00
1451;034;▒. М░амо░;49196;00
1451;035;▒. На▒алев╢и;51130;00
1451;036;▒. Неделково;51343;00
1451;037;▒. Па░ам│н;55453;00
1451;038;▒. Пенк╝ов╢и;55814;00
1451;040;▒. Радово;61501;00
1451;041;▒. Рани л│г;62205;00
1451;043;▒. Сли╕ов╢и;67458;00
1451;044;▒. С▓ай╖ов╢и;68641;00
1451;047;г░. Т░║н;73273;00
1451;048;▒. Т│░оков╢и;73479;00
1451;049;▒. Филипов╢и;76114;00
1451;052;▒. Я░лов╢и;87566;00
[END]

[SEC]
14;0800;001;6;006
14;0800;002;6;006
14;0800;003;6;006
14;0800;004;6;006
14;0800;006;6;002
14;0800;007;6;001
14;0800;008;6;022
14;0800;009;6;014
14;0800;010;6;019
14;0800;011;6;036
14;0800;012;6;010
14;0800;013;6;015
14;0800;014;6;027
14;0800;015;6;007
14;0800;016;6;031
14;0800;017;6;020
14;0800;018;6;029
14;0800;019;6;004
14;0800;020;6;003
14;0800;021;6;035
14;0800;022;6;030
14;0800;023;6;018
14;0800;024;6;016
14;0800;025;6;013
14;0800;026;6;021
14;0800;027;6;011
14;0800;028;6;025
14;0800;029;6;026
14;0800;030;6;009
14;0800;031;6;034
14;0800;032;6;033
14;1900;001;6;011
14;1900;002;6;011
14;1900;003;6;011
14;1900;004;6;002
14;1900;005;6;010
14;1900;006;6;016
14;1900;007;6;003
14;1900;008;6;012
14;1900;009;6;017
14;1900;010;6;007
14;1900;011;6;006
14;1900;012;6;014
14;1900;013;6;008
14;1900;014;6;018
14;1900;015;6;005
14;1900;016;6;013
14;1900;017;6;009
14;1900;018;6;019
14;1900;019;6;015
14;1900;020;6;004
14;1900;021;6;001
14;2200;001;6;004
14;2200;002;6;007
14;2200;003;6;009
14;2200;004;6;003
14;2200;005;6;006
14;2200;006;6;005
14;2200;007;6;002
14;2200;008;6;001
14;3200;001;6;018
14;3200;002;6;018
14;3200;003;6;018
14;3200;004;6;018
14;3200;005;6;018
14;3200;006;6;018
14;3200;007;6;018
14;3200;008;6;018
14;3200;009;6;018
14;3200;010;6;018
14;3200;011;6;018
14;3200;012;6;018
14;3200;013;6;018
14;3200;014;6;018
14;3200;015;6;018
14;3200;016;6;018
14;3200;017;6;018
14;3200;018;6;018
14;3200;019;6;018
14;3200;020;6;018
14;3200;021;6;018
14;3200;022;6;018
14;3200;023;6;018
14;3200;024;6;018
14;3200;025;6;018
14;3200;026;6;018
14;3200;027;6;018
14;3200;028;6;018
14;3200;029;6;018
14;3200;030;6;018
14;3200;031;6;018
14;3200;032;6;018
14;3200;033;6;018
14;3200;034;6;018
14;3200;035;6;007
14;3200;036;6;009
14;3200;037;6;009
14;3200;038;6;009
14;3200;039;6;027
14;3200;040;6;027
14;3200;041;6;027
14;3200;042;6;027
14;3200;043;6;027
14;3200;044;6;027
14;3200;045;6;027
14;3200;046;6;026
14;3200;047;6;026
14;3200;048;6;013
14;3200;049;6;022
14;3200;050;6;012
14;3200;051;6;004
14;3200;052;6;029
14;3200;053;6;017
14;3200;054;6;017
14;3200;055;6;017
14;3200;056;6;017
14;3200;057;6;017
14;3200;058;6;017
14;3200;059;6;017
14;3200;060;6;017
14;3200;061;6;017
14;3200;062;6;017
14;3200;063;6;017
14;3200;064;6;017
14;3200;065;6;017
14;3200;066;6;017
14;3200;067;6;017
14;3200;068;6;017
14;3200;069;6;017
14;3200;070;6;017
14;3200;071;6;017
14;3200;072;6;017
14;3200;073;6;011
14;3200;074;6;017
14;3200;075;6;017
14;3200;076;6;017
14;3200;077;6;017
14;3200;078;6;017
14;3200;079;6;017
14;3200;080;6;017
14;3200;081;6;017
14;3200;082;6;017
14;3200;083;6;017
14;3200;084;6;017
14;3200;085;6;017
14;3200;086;6;017
14;3200;087;6;017
14;3200;088;6;017
14;3200;089;6;017
14;3200;090;6;017
14;3200;091;6;017
14;3200;092;6;017
14;3200;093;6;017
14;3200;094;6;017
14;3200;095;6;017
14;3200;096;6;017
14;3200;097;6;017
14;3200;098;6;017
14;3200;099;6;017
14;3200;100;6;017
14;3200;101;6;017
14;3200;102;6;002
14;3200;103;6;002
14;3200;104;6;017
14;3200;105;6;017
14;3200;106;6;017
14;3200;107;6;017
14;3200;108;6;017
14;3200;109;6;017
14;3200;110;6;017
14;3200;111;6;017
14;3200;112;6;017
14;3200;113;6;017
14;3200;114;6;017
14;3200;115;6;017
14;3200;116;6;017
14;3200;117;6;017
14;3200;118;6;015
14;3200;119;6;008
14;3200;120;6;008
14;3200;121;6;016
14;3200;122;6;006
14;3200;123;6;021
14;3200;124;6;005
14;3200;125;6;020
14;3200;126;6;001
14;3200;127;6;001
14;3200;128;6;001
14;3200;129;6;028
14;3200;130;6;003
14;3200;131;6;030
14;3200;132;6;030
14;3200;133;6;010
14;3200;134;6;014
14;3200;135;6;024
14;3200;138;6;017
14;3600;001;6;030
14;3600;002;6;030
14;3600;003;6;030
14;3600;004;6;030
14;3600;005;6;030
14;3600;006;6;030
14;3600;007;6;030
14;3600;008;6;030
14;3600;009;6;030
14;3600;010;6;030
14;3600;011;6;030
14;3600;012;6;030
14;3600;013;6;030
14;3600;014;6;030
14;3600;015;6;030
14;3600;016;6;030
14;3600;017;6;030
14;3600;018;6;030
14;3600;019;6;013
14;3600;020;6;013
14;3600;021;6;013
14;3600;022;6;009
14;3600;023;6;006
14;3600;024;6;007
14;3600;025;6;014
14;3600;026;6;031
14;3600;027;6;005
14;3600;028;6;035
14;3600;029;6;022
14;3600;030;6;020
14;3600;031;6;016
14;3600;032;6;010
14;3600;033;6;032
14;3600;034;6;015
14;3600;035;6;018
14;3600;036;6;021
14;3600;037;6;019
14;3600;038;6;025
14;3600;039;6;033
14;3600;040;6;001
14;3600;041;6;008
14;3600;042;6;028
14;3600;043;6;024
14;3600;044;6;003
14;3600;045;6;027
14;3600;046;6;023
14;3600;047;6;029
14;3600;048;6;026
14;3600;049;6;004
14;3600;050;6;034
14;3600;051;6;030
14;5100;001;6;047
14;5100;002;6;047
14;5100;003;6;047
14;5100;004;6;047
14;5100;005;6;048
14;5100;006;6;022
14;5100;007;6;023
14;5100;008;6;032
14;5100;009;6;041
14;5100;010;6;043
14;5100;011;6;015
14;5100;012;6;004
14;5100;013;6;011
14;5100;014;6;035
14;5100;015;6;052
14;5100;016;6;040
14;5100;017;6;025
14;5100;018;6;020
14;5100;019;6;044
14;5100;020;6;013
14;5100;021;6;017
14;5100;022;6;018
14;5100;023;6;038
14;5100;024;6;016
14;5100;025;6;027
14;5100;026;6;014
14;5100;027;6;024
14;5100;028;6;021
14;5100;029;6;034
14;5100;030;6;010
14;5100;031;6;005
14;5100;032;6;012
14;5100;033;6;007
14;5100;034;6;031
14;5100;035;6;030
14;5100;036;6;036
14;5100;037;6;037
14;5100;038;6;049
14;5100;039;6;006
14;5100;040;6;009
14;5100;041;6;019
14;5100;042;6;029
[END]

[MAJ]
14;6;   ;02;;;Пе▓║░ С▓е┤анов С▓о┐нов и Нели Пе▓░ова К│╢кова;, ;ПСС+НПК;26365;0;1
14;6;   ;05;;;Гео░ги Седе┤╖ов П║░ванов и Ангел Иванов Ма░ин;, ;ГСП+АИМ;47844;1;2
[END]

[PROP]
[END]

[LISTI]
[END]

[PROT]
6;14;0800;001;1008+4+637+637+1+0+1+13+636;126+510
6;14;0800;002;925+4+591+591+3+0+3+19+588;198+390
6;14;0800;003;896+5+605+605+0+0+0+18+605;198+407
6;14;0800;004;723+2+499+499+2+1+3+4+496;137+359
6;14;0800;006;37+7+35+35+0+0+0+0+35;7+28
6;14;0800;007;42+9+33+33+0+0+0+0+33;10+23
6;14;0800;008;58+4+47+47+0+0+0+0+47;9+38
6;14;0800;009;28+14+38+38+0+0+0+0+38;12+26
6;14;0800;010;36+6+26+26+0+0+0+0+26;13+13
6;14;0800;011;30+7+29+29+0+0+0+0+29;5+24
6;14;0800;012;38+6+36+36+0+1+1+0+35;19+16
6;14;0800;013;79+16+77+77+1+0+1+2+76;15+61
6;14;0800;014;73+4+61+61+0+0+0+0+61;17+44
6;14;0800;015;72+6+59+59+0+0+0+1+59;27+32
6;14;0800;016;166+5+137+137+0+0+0+0+137;58+79
6;14;0800;017;117+4+85+85+0+0+0+1+85;27+58
6;14;0800;018;114+6+97+97+2+1+3+0+94;21+73
6;14;0800;019;156+6+133+133+1+1+2+4+131;52+79
6;14;0800;020;94+4+66+66+0+0+0+2+66;29+37
6;14;0800;021;86+2+70+70+0+0+0+0+70;24+46
6;14;0800;022;38+4+38+38+1+0+1+37+37;12+25
6;14;0800;023;28+6+30+30+0+0+0+0+30;6+24
6;14;0800;024;225+11+173+173+0+0+0+0+173;36+137
6;14;0800;025;28+6+25+25+0+0+0+0+25;8+17
6;14;0800;026;362+4+296+296+0+0+0+11+296;63+233
6;14;0800;027;196+3+152+152+0+0+0+7+152;43+109
6;14;0800;028;66+4+44+44+0+0+0+0+44;9+35
6;14;0800;029;627+3+424+424+0+0+0+15+424;168+256
6;14;0800;030;233+4+183+183+0+0+0+0+183;32+151
6;14;0800;031;120+4+89+89+0+0+0+2+89;32+57
6;14;0800;032;280+4+183+183+1+0+1+10+182;53+129
6;14;1900;001;529+2+345+345+1+0+1+0+344;124+220
6;14;1900;002;740+0+461+461+0+0+0+14+461;193+268
6;14;1900;003;651+0+418+418+2+0+2+11+416;149+267
6;14;1900;004;128+4+90+90+0+1+1+2+89;39+50
6;14;1900;005;180+5+114+114+1+0+1+7+113;36+77
6;14;1900;006;174+6+130+130+1+0+1+5+129;65+64
6;14;1900;007;69+2+48+48+0+0+0+1+48;25+23
6;14;1900;008;79+4+59+59+1+0+1+4+58;32+26
6;14;1900;009;29+4+25+25+0+0+0+0+25;9+16
6;14;1900;010;235+10+173+173+0+0+0+4+173;45+128
6;14;1900;011;53+3+44+44+0+0+0+1+44;26+18
6;14;1900;012;30+7+19+19+0+0+0+0+19;6+13
6;14;1900;013;33+1+25+25+0+0+0+0+25;14+11
6;14;1900;014;20+6+19+19+0+0+0+0+19;6+13
6;14;1900;015;76+1+54+54+0+0+0+0+54;20+34
6;14;1900;016;115+2+83+83+1+1+2+0+81;21+60
6;14;1900;017;173+4+119+119+0+0+0+14+119;32+87
6;14;1900;018;55+7+56+56+0+0+0+0+56;12+44
6;14;1900;019;22+3+20+20+0+0+0+0+20;5+15
6;14;1900;020;77+7+74+74+1+0+1+5+73;15+58
6;14;1900;021;52+3+46+46+0+0+0+5+46;19+27
6;14;2200;001;138+12+128+128+0+0+0+4+128;40+88
6;14;2200;002;148+1+119+119+1+0+1+3+118;16+102
6;14;2200;003;304+9+234+234+1+1+2+11+232;54+178
6;14;2200;004;297+10+230+230+2+0+2+8+228;84+144
6;14;2200;005;91+1+72+72+0+0+0+3+72;31+41
6;14;2200;006;219+9+170+170+0+0+0+5+170;83+87
6;14;2200;007;352+8+281+281+0+0+0+0+281;96+185
6;14;2200;008;247+1+179+179+1+0+1+0+178;47+131
6;14;3200;001;648+4+302+302+0+0+0+0+302;96+206
6;14;3200;002;577+0+258+258+0+0+0+3+258;80+178
6;14;3200;003;940+1+482+482+1+0+1+0+481;193+288
6;14;3200;004;652+1+373+373+0+0+0+0+373;143+230
6;14;3200;005;617+1+295+295+0+0+0+0+295;126+169
6;14;3200;006;591+2+337+337+0+0+0+4+337;110+227
6;14;3200;007;652+0+343+343+0+1+1+10+342;121+221
6;14;3200;008;657+1+353+353+0+0+0+7+353;134+219
6;14;3200;009;817+5+433+433+1+0+1+0+432;161+271
6;14;3200;010;673+2+346+346+0+0+0+1+346;122+224
6;14;3200;011;695+0+367+367+1+0+1+6+366;125+241
6;14;3200;012;612+3+344+344+0+0+0+0+344;121+223
6;14;3200;013;901+0+517+517+1+0+1+0+516;218+298
6;14;3200;014;597+0+341+341+0+1+1+0+340;167+173
6;14;3200;015;684+3+347+347+0+0+0+0+347;139+208
6;14;3200;016;610+0+266+266+0+0+0+5+266;86+180
6;14;3200;017;713+0+371+371+0+0+0+4+371;132+239
6;14;3200;018;1003+1+514+514+0+0+0+17+514;170+344
6;14;3200;019;582+0+395+395+1+0+1+16+394;162+232
6;14;3200;020;661+0+351+351+0+0+0+0+351;138+213
6;14;3200;021;623+1+305+305+0+1+1+0+304;99+205
6;14;3200;022;737+0+321+321+0+0+0+0+321;111+210
6;14;3200;023;750+1+369+369+1+0+1+0+368;117+251
6;14;3200;024;586+1+300+300+0+0+0+5+300;116+184
6;14;3200;025;643+0+274+274+0+0+0+0+274;121+153
6;14;3200;026;771+1+385+385+0+0+0+5+385;171+214
6;14;3200;027;836+0+445+445+1+0+1+0+444;177+267
6;14;3200;028;708+0+339+339+0+1+1+0+338;140+198
6;14;3200;029;514+1+226+226+0+0+0+2+226;82+144
6;14;3200;030;527+0+234+234+0+0+0+0+234;95+139
6;14;3200;031;684+0+330+330+0+0+0+0+330;146+184
6;14;3200;032;661+1+284+284+0+0+0+3+284;135+149
6;14;3200;033;1096+0+520+520+0+0+0+0+520;191+329
6;14;3200;034;983+4+495+495+0+0+0+16+495;202+293
6;14;3200;035;577+0+361+361+1+0+1+11+360;97+263
6;14;3200;036;578+0+325+325+0+0+0+11+325;119+206
6;14;3200;037;474+1+280+280+0+3+3+12+277;90+187
6;14;3200;038;542+0+267+267+1+2+3+7+264;104+160
6;14;3200;039;712+0+364+364+0+0+0+6+364;150+214
6;14;3200;040;775+1+409+409+1+0+1+0+408;144+264
6;14;3200;041;630+2+294+294+0+0+0+0+294;110+184
6;14;3200;042;661+2+341+341+0+0+0+3+341;126+215
6;14;3200;043;720+0+400+400+0+1+1+0+399;134+265
6;14;3200;044;670+0+309+309+1+1+2+3+307;120+187
6;14;3200;045;794+0+425+425+0+2+2+0+423;131+292
6;14;3200;046;971+1+544+544+1+0+1+0+543;251+292
6;14;3200;047;729+1+392+392+0+1+1+5+391;188+203
6;14;3200;048;536+0+331+331+0+0+0+0+331;124+207
6;14;3200;049;834+6+535+535+0+0+0+10+535;252+283
6;14;3200;050;1004+0+622+622+0+0+0+0+622;211+411
6;14;3200;051;156+2+123+123+0+0+0+0+123;47+76
6;14;3200;052;31+1+29+29+0+0+0+0+29;6+23
6;14;3200;053;547+0+302+302+0+0+0+0+302;102+200
6;14;3200;054;685+0+359+359+0+0+0+2+359;140+219
6;14;3200;055;609+0+327+327+0+0+0+0+327;121+206
6;14;3200;056;640+0+339+339+0+0+0+0+339;145+194
6;14;3200;057;643+0+352+352+2+1+3+0+349;115+234
6;14;3200;058;573+1+291+291+0+0+0+0+291;130+161
6;14;3200;059;611+0+298+298+0+0+0+0+298;89+209
6;14;3200;060;615+1+310+310+0+0+0+0+310;111+199
6;14;3200;061;617+1+278+278+0+0+0+0+278;104+174
6;14;3200;062;958+3+542+542+0+1+1+0+541;76+465
6;14;3200;063;590+0+260+260+0+0+0+8+260;31+229
6;14;3200;064;1041+0+553+553+0+0+0+7+553;142+411
6;14;3200;065;740+0+449+449+0+1+1+0+448;170+278
6;14;3200;066;976+1+554+554+1+1+2+0+552;204+348
6;14;3200;067;585+0+319+319+1+0+1+0+318;123+195
6;14;3200;068;922+0+525+525+3+0+3+0+522;179+343
6;14;3200;069;627+2+379+379+2+0+2+0+377;157+220
6;14;3200;070;978+0+565+565+0+0+0+15+565;203+362
6;14;3200;071;993+1+544+544+3+0+3+0+541;191+350
6;14;3200;072;777+1+371+371+0+1+1+4+370;46+324
6;14;3200;073;1057+0+629+629+1+0+1+7+628;246+382
6;14;3200;074;701+0+439+439+0+1+1+0+438;214+224
6;14;3200;075;640+0+384+384+0+0+0+13+384;127+257
6;14;3200;076;1044+1+675+675+3+0+3+0+672;303+369
6;14;3200;077;713+0+434+434+0+1+1+6+433;206+227
6;14;3200;078;677+0+400+400+2+0+2+14+398;177+221
6;14;3200;079;555+0+302+302+0+0+0+6+302;108+194
6;14;3200;080;715+5+464+464+0+0+0+0+464;201+263
6;14;3200;081;727+1+442+442+0+0+0+0+442;211+231
6;14;3200;082;615+0+375+375+0+0+0+0+375;183+192
6;14;3200;083;635+1+407+407+0+0+0+0+407;208+199
6;14;3200;084;1086+2+662+662+0+1+1+0+661;273+388
6;14;3200;085;687+1+393+393+1+0+1+10+392;183+209
6;14;3200;086;613+1+355+355+2+1+3+0+352;152+200
6;14;3200;087;630+0+346+346+0+0+0+0+346;130+216
6;14;3200;088;982+3+540+540+0+0+0+0+540;200+340
6;14;3200;089;567+0+335+335+0+0+0+0+335;164+171
6;14;3200;090;655+2+304+304+0+0+0+4+304;79+225
6;14;3200;091;644+0+319+319+0+0+0+0+319;117+202
6;14;3200;092;1017+7+584+584+1+0+1+2+583;271+312
6;14;3200;093;695+1+362+362+1+0+1+0+361;168+193
6;14;3200;094;854+0+472+472+0+0+0+15+472;171+301
6;14;3200;095;741+1+421+421+1+2+3+0+418;193+225
6;14;3200;096;760+0+450+450+1+0+1+0+449;138+311
6;14;3200;097;559+1+317+317+0+0+0+14+317;138+179
6;14;3200;098;741+1+404+404+1+0+1+0+403;157+246
6;14;3200;099;666+0+344+344+0+0+0+9+344;114+230
6;14;3200;100;603+1+308+308+0+0+0+0+308;109+199
6;14;3200;101;843+0+503+503+0+0+0+0+503;167+336
6;14;3200;102;553+2+299+299+0+0+0+0+299;113+186
6;14;3200;103;615+1+360+360+0+0+0+25+360;152+208
6;14;3200;104;543+0+281+281+0+0+0+0+281;103+178
6;14;3200;105;764+0+383+383+0+0+0+0+383;126+257
6;14;3200;106;761+0+412+412+0+0+0+0+412;144+268
6;14;3200;107;725+0+459+459+1+0+1+3+458;152+306
6;14;3200;108;604+0+354+354+0+0+0+0+354;157+197
6;14;3200;109;667+2+359+359+0+0+0+0+359;113+246
6;14;3200;110;954+5+511+511+0+0+0+0+511;176+335
6;14;3200;111;567+0+313+313+0+0+0+5+313;83+230
6;14;3200;112;830+0+484+484+0+0+0+0+484;176+308
6;14;3200;113;593+0+356+356+2+0+2+0+354;118+236
6;14;3200;114;694+0+423+423+1+0+1+9+422;159+263
6;14;3200;115;886+2+545+545+0+0+0+13+545;155+390
6;14;3200;116;534+1+318+318+0+0+0+5+318;105+213
6;14;3200;117;968+2+592+592+0+0+0+0+592;189+403
6;14;3200;118;857+1+485+485+0+1+1+12+484;189+295
6;14;3200;119;932+0+571+571+0+0+0+0+571;240+331
6;14;3200;120;868+4+516+516+1+0+1+10+515;168+347
6;14;3200;121;869+5+592+592+1+0+1+0+591;201+390
6;14;3200;122;279+3+222+222+0+0+0+0+222;55+167
6;14;3200;123;424+5+288+288+0+0+0+0+288;56+232
6;14;3200;124;107+5+95+95+0+0+0+0+95;20+75
6;14;3200;125;64+11+64+64+0+0+0+0+64;13+51
6;14;3200;126;1049+1+581+581+0+0+0+5+581;177+404
6;14;3200;127;633+1+380+380+1+2+3+13+377;149+228
6;14;3200;128;534+3+295+295+0+0+0+0+295;96+199
6;14;3200;129;327+2+212+212+0+0+0+9+212;46+166
6;14;3200;130;553+1+300+300+0+0+0+11+300;114+186
6;14;3200;131;509+0+330+330+0+0+0+0+330;120+210
6;14;3200;132;579+3+390+390+1+0+1+0+389;120+269
6;14;3200;133;103+1+69+69+0+0+0+0+69;25+44
6;14;3200;134;118+5+95+95+1+1+2+9+93;28+65
6;14;3200;135;148+1+111+111+0+0+0+0+111;22+89
6;14;3200;138;41+2+43+43+0+0+0+0+43;10+33
6;14;3600;001;633+1+332+332+0+0+0+0+332;137+195
6;14;3600;002;904+0+384+384+0+0+0+10+384;179+205
6;14;3600;003;857+3+357+357+0+0+0+0+357;160+197
6;14;3600;004;702+0+393+393+1+1+2+7+391;170+221
6;14;3600;005;616+1+353+353+0+0+0+7+353;148+205
6;14;3600;006;772+0+431+431+0+1+1+10+430;150+280
6;14;3600;007;946+0+492+492+0+1+1+15+491;179+312
6;14;3600;008;670+2+375+375+0+0+0+13+375;146+229
6;14;3600;009;652+0+298+298+0+0+0+0+298;103+195
6;14;3600;010;696+0+305+305+0+0+0+3+305;145+160
6;14;3600;011;560+0+315+315+1+0+1+8+314;108+206
6;14;3600;012;695+2+364+364+0+1+1+0+363;123+240
6;14;3600;013;749+0+392+392+2+1+3+0+389;122+267
6;14;3600;014;728+0+307+307+0+1+1+3+306;81+225
6;14;3600;015;1060+0+407+407+0+0+0+0+407;158+249
6;14;3600;016;431+0+177+177+0+0+0+1+177;85+92
6;14;3600;017;947+0+409+409+2+0+2+0+407;129+278
6;14;3600;018;679+2+397+397+0+0+0+0+397;133+264
6;14;3600;019;380+6+246+246+1+0+1+0+245;79+166
6;14;3600;020;475+5+315+315+0+0+0+17+315;100+215
6;14;3600;021;280+4+184+184+1+0+1+7+183;41+142
6;14;3600;022;424+9+287+287+0+0+0+5+287;67+220
6;14;3600;023;224+27+186+186+0+0+0+8+186;49+137
6;14;3600;024;327+8+248+248+0+0+0+14+248;100+148
6;14;3600;025;517+10+271+271+1+0+1+8+270;63+207
6;14;3600;026;188+7+135+135+0+0+0+0+135;36+99
6;14;3600;027;221+8+173+173+0+0+0+1+173;38+135
6;14;3600;028;142+10+106+106+0+0+0+1+106;39+67
6;14;3600;029;206+13+171+171+0+0+0+5+171;54+117
6;14;3600;030;71+1+56+56+0+0+0+0+56;21+35
6;14;3600;031;121+6+92+92+0+0+0+1+92;28+64
6;14;3600;032;366+7+265+265+0+0+0+6+265;88+177
6;14;3600;033;437+4+301+301+0+0+0+5+301;87+214
6;14;3600;034;57+1+38+38+0+0+0+0+38;9+29
6;14;3600;035;126+0+86+86+0+0+0+0+86;34+52
6;14;3600;036;261+5+176+176+0+0+0+2+176;67+109
6;14;3600;037;555+5+374+374+0+2+2+7+372;119+253
6;14;3600;038;129+11+113+113+0+0+0+0+113;41+72
6;14;3600;039;98+2+63+63+0+0+0+0+63;25+38
6;14;3600;040;101+3+59+59+0+0+0+1+59;10+49
6;14;3600;041;191+4+152+152+1+0+1+5+151;55+96
6;14;3600;042;257+10+158+158+1+0+1+0+157;39+118
6;14;3600;043;111+4+84+84+0+0+0+1+84;25+59
6;14;3600;044;112+4+92+92+0+0+0+0+92;27+65
6;14;3600;045;105+10+80+80+0+0+0+0+80;21+59
6;14;3600;046;248+3+158+158+0+1+1+4+157;39+118
6;14;3600;047;77+3+57+57+0+0+0+0+57;21+36
6;14;3600;048;64+0+49+49+0+0+0+2+49;25+24
6;14;3600;049;83+4+55+55+0+0+0+0+55;27+28
6;14;3600;050;78+3+57+57+0+0+0+0+57;20+37
6;14;3600;051;75+0+68+68+0+0+0+3+68;16+52
6;14;5100;001;560+0+367+367+1+0+1+1+366;104+262
6;14;5100;002;495+0+316+316+0+0+0+0+316;78+238
6;14;5100;003;612+4+385+385+0+1+1+0+384;96+288
6;14;5100;004;548+1+316+316+4+0+4+5+312;97+215
6;14;5100;005;129+1+99+99+2+0+2+0+97;17+80
6;14;5100;006;36+3+31+31+0+0+0+0+31;16+15
6;14;5100;007;107+2+82+82+0+0+0+0+82;19+63
6;14;5100;008;41+8+34+34+0+0+0+0+34;21+13
6;14;5100;009;51+6+42+42+0+0+0+0+42;11+31
6;14;5100;010;67+13+55+55+0+0+0+0+55;11+44
6;14;5100;011;22+3+25+25+0+0+0+1+25;5+20
6;14;5100;012;43+6+35+35+0+0+0+0+35;7+28
6;14;5100;013;87+2+64+64+0+0+0+0+64;17+47
6;14;5100;014;28+2+20+20+0+0+0+1+20;9+11
6;14;5100;015;65+5+53+53+0+0+0+1+53;20+33
6;14;5100;016;62+9+41+41+0+0+0+0+41;5+36
6;14;5100;017;38+4+31+31+0+1+1+0+30;5+25
6;14;5100;018;39+2+41+41+0+0+0+0+41;5+36
6;14;5100;019;53+5+45+45+0+0+0+0+45;8+37
6;14;5100;020;25+1+16+16+0+0+0+0+16;1+15
6;14;5100;021;52+3+36+36+0+0+0+0+36;7+29
6;14;5100;022;19+4+21+21+0+0+0+0+21;0+21
6;14;5100;023;54+5+38+38+0+0+0+0+38;9+29
6;14;5100;024;46+4+23+23+0+0+0+1+23;3+20
6;14;5100;025;119+5+84+84+0+0+0+0+84;8+76
6;14;5100;026;31+4+29+29+0+0+0+0+29;2+27
6;14;5100;027;59+5+47+47+0+0+0+0+47;4+43
6;14;5100;028;43+10+47+47+0+0+0+0+47;8+39
6;14;5100;029;43+2+34+34+0+0+0+0+34;3+31
6;14;5100;030;30+4+28+28+0+0+0+0+28;4+24
6;14;5100;031;38+2+32+32+0+0+0+0+32;11+21
6;14;5100;032;101+12+75+75+0+0+0+0+75;29+46
6;14;5100;033;48+4+34+34+0+0+0+0+34;7+27
6;14;5100;034;41+4+43+43+1+0+1+0+42;7+35
6;14;5100;035;42+5+41+41+0+0+0+0+41;7+34
6;14;5100;036;66+5+49+49+0+0+0+0+49;14+35
6;14;5100;037;67+1+47+47+0+0+0+0+47;18+29
6;14;5100;038;230+11+178+178+0+0+0+4+178;39+139
6;14;5100;039;39+4+30+30+0+0+0+0+30;9+21
6;14;5100;040;81+2+51+51+0+0+0+1+51;14+37
6;14;5100;041;54+5+46+46+0+0+0+1+46;9+37
6;14;5100;042;94+2+72+72+0+0+0+0+72;17+55
[END]

[AGGR]
14;6;   ;2+289+289+129002+854+74347+74347+91+47+138+886+74209;26365+47844
[END]
