[INFO]
15;Плевен;301
[END]

[IZB]
15;6;   ;;18.11.2001;2;2;401
[END]

[NM]
1503;001;г░. Белене;03366;00
1503;002;▒. Б┐ла вода;07630;00
1503;003;▒. Деков;20537;00
1503;004;▒. К│лина вода;40573;00
1503;005;▒. Пе▓окладен╢и;56085;00
1503;006;▒. Та▓а░и;72117;00
1508;001;▒. Б░е▒▓;06402;00
1508;002;▒. Гиген;14876;00
1508;003;г░. Г│л┐н╢и;18099;00
1508;004;▒. Долни Ви▓;22335;00
1508;005;▒. Д║бован;24308;00
1508;006;▒. Заг░ажден;30199;00
1508;007;▒. И▒к║░;14888;00
1508;008;▒. К░е▓а;39712;00
1508;009;▒. Ленково;43284;00
1508;010;▒. Милкови╢а;48204;00
1508;011;▒. Сомови▓;68045;00
1508;012;▒. Ши┐ково;83394;00
1510;001;▒. Байкал;02227;00
1510;002;▒. Бивола░е;03993;00
1510;003;▒. Бож│░и╢а;05013;00
1510;004;▒. Б░ега░е;06210;00
1510;005;▒. Го░на Ми▓░ополи┐;16345;00
1510;006;▒. Го▒▓ил┐;17364;00
1510;007;г░. Долна Ми▓░ополи┐;22215;00
1510;008;▒. Кома░ево;38145;00
1510;009;▒. К░│╕овене;40195;00
1510;010;▒. О░е╡ови╢а;53655;00
1510;011;▒. Победа;56865;00
1510;012;▒. Подем;57025;00
1510;013;▒. Рибен;62596;00
1510;014;▒. Славови╢а;67012;00
1510;015;▒. С▓аве░╢и;68607;00
1510;016;г░. Т░║▒▓еник;73359;00
1511;001;▒. Б║░ка╖;07524;00
1511;002;▒. Го░ни Д║бник;16537;00
1511;003;▒. Г░адина;17470;00
1511;004;г░. Долни Д║бник;22407;00
1511;005;▒. К░│╕ови╢а;40213;00
1511;006;▒. Пе▓║░ни╢а;56201;00
1511;007;▒. Садове╢;65070;00
1516;001;▒. А▒енов╢и;00761;00
1516;002;▒. А▒па░│╡ово;00802;00
1516;003;▒. Бож│░л│к;05044;00
1516;004;▒. Б║лга░ене;07274;00
1516;005;▒. Ва░ана;10080;00
1516;006;▒. Г░ади╣е;17556;00
1516;007;▒. Изг░ев;32531;00
1516;008;▒. Коза░ Белене;37647;00
1516;009;г░. Лев▒ки;43236;00
1516;010;▒. Мал╖ика;46841;00
1516;011;▒. Обнова;53089;00
1516;012;▒. С▓еже░ово;69153;00
1516;013;▒. Т░║н╖ови╢а;73345;00
1521;001;▒. А▒еново;00744;00
1521;002;▒. Ба╢ова ма╡ала;02957;00
1521;003;▒. В║бел;12365;00
1521;004;▒. Дебово;20314;00
1521;005;▒. Д░ага╕ войвода;23193;00
1521;006;▒. Евлогиево;27019;00
1521;007;▒. Же░нов;29310;00
1521;008;▒. Лози╢а;44152;00
1521;009;▒. Л╛беново;44536;00
1521;010;▒. М│▒елиево;49415;00
1521;011;г░. Никопол;51723;00
1521;012;▒. Нова╖ене;51932;00
1521;013;▒. Санадиново;65320;00
1521;014;▒. Че░кови╢а;80697;00
1523;001;▒. Долни Л│кови▓;22438;00
1523;002;г░. И▒к║░;55782;00
1523;003;▒. Пи▒а░ово;56493;00
1523;004;▒. С▓а░о▒ел╢и;69095;00
1524;001;▒. Беглеж;03068;00
1524;002;▒. Бо╡о▓;05921;00
1524;003;▒. Б░е▒▓ове╢;06495;00
1524;004;▒. Б░║╕л┐ни╢а;06690;00
1524;005;▒. Б│ковл║к;06999;00
1524;006;▒. В║░би╢а;12752;00
1524;007;▒. Го░▓алово;17258;00
1524;008;▒. Г░иви╢а;17854;00
1524;009;▒. Ди▒еви╢а;24935;00
1524;010;▒. Коилов╢и;37856;00
1524;011;▒. К║░▓ожабене;40974;00
1524;012;▒. К║╕ин;41037;00
1524;013;▒. Ла▒ка░;43147;00
1524;014;▒. Ме╖ка;47963;00
1524;015;▒. Николаево;51620;00
1524;016;▒. Опане╢;53583;00
1524;017;▒. Пели╕а▓;55765;00
1524;018;г░. Плевен;56722;00
1524;019;▒. Ради╕ево;61426;00
1524;020;▒. Ралево;62116;00
1524;021;г░. Слав┐ново;67088;00
1524;022;▒. Тодо░ово;72566;00
1524;023;▒. Т│╖ени╢а;73523;00
1524;024;▒. Т║░нене;73674;00
1524;025;▒. Я▒ен;87597;00
1527;001;▒. Бо░и▒лав;05493;00
1527;002;▒. В║л╖и▓░║н;12601;00
1527;003;▒. Згалево;30590;00
1527;004;▒. Камене╢;35780;00
1527;005;▒. Ка▓е░и╢а;36614;00
1527;006;▒. Од║░не;53446;00
1527;007;г░. По░дим;57772;00
1527;008;▒. То▓лебен;72881;00
1537;001;▒. Б░е▒▓е;06433;00
1537;002;▒. Глава;14934;00
1537;003;▒. Го░ник;16540;00
1537;004;▒. Девен╢и;20383;00
1537;005;г░. Койна░е;37863;00
1537;006;▒. Лепи╢а;43311;00
1537;007;▒. Радоми░╢и;61580;00
1537;008;▒. Раки▓а;61950;00
1537;009;▒. Ре▒еле╢;62503;00
1537;010;▒. Р│п╢и;63361;00
1537;011;▒. С│╡а╖е;70281;00
1537;012;▒. Тели╕;72206;00
1537;013;г░. Че░вен б░┐г;80501;00
1537;014;▒. Чомаков╢и;81551;00
1539;001;▒. Б░ени╢а;06375;00
1539;002;▒. Ени╢а;27509;00
1539;003;г░. Кнежа;37376;00
1539;004;▒. Лаза░ово;43044;00
[END]

[SEC]
15;0300;001;6;001
15;0300;002;6;001
15;0300;003;6;001
15;0300;004;6;001
15;0300;005;6;001
15;0300;006;6;001
15;0300;007;6;001
15;0300;008;6;001
15;0300;009;6;003
15;0300;010;6;006
15;0300;011;6;005
15;0300;012;6;004
15;0300;013;6;002
15;0300;014;6;001
15;0300;015;6;001
15;0300;016;6;001
15;0800;001;6;003
15;0800;002;6;003
15;0800;003;6;003
15;0800;004;6;003
15;0800;005;6;003
15;0800;006;6;012
15;0800;007;6;008
15;0800;008;6;009
15;0800;009;6;010
15;0800;010;6;010
15;0800;011;6;010
15;0800;012;6;010
15;0800;013;6;004
15;0800;014;6;011
15;0800;015;6;011
15;0800;016;6;001
15;0800;017;6;001
15;0800;018;6;001
15;0800;019;6;001
15;0800;020;6;002
15;0800;021;6;002
15;0800;022;6;002
15;0800;023;6;002
15;0800;024;6;007
15;0800;025;6;006
15;0800;026;6;005
15;1000;001;6;001
15;1000;002;6;002
15;1000;003;6;003
15;1000;004;6;003
15;1000;005;6;004
15;1000;006;6;004
15;1000;007;6;005
15;1000;008;6;005
15;1000;009;6;005
15;1000;010;6;006
15;1000;011;6;007
15;1000;012;6;007
15;1000;013;6;007
15;1000;014;6;007
15;1000;015;6;007
15;1000;016;6;007
15;1000;017;6;008
15;1000;018;6;008
15;1000;019;6;008
15;1000;020;6;009
15;1000;021;6;009
15;1000;022;6;009
15;1000;023;6;010
15;1000;024;6;010
15;1000;025;6;010
15;1000;026;6;011
15;1000;027;6;012
15;1000;028;6;012
15;1000;029;6;013
15;1000;030;6;014
15;1000;031;6;015
15;1000;032;6;015
15;1000;033;6;015
15;1000;034;6;016
15;1000;035;6;016
15;1000;036;6;016
15;1000;037;6;016
15;1000;038;6;016
15;1000;039;6;016
15;1000;040;6;016
15;1100;001;6;004
15;1100;002;6;004
15;1100;003;6;004
15;1100;004;6;004
15;1100;005;6;004
15;1100;006;6;004
15;1100;007;6;004
15;1100;008;6;003
15;1100;009;6;006
15;1100;010;6;006
15;1100;011;6;001
15;1100;012;6;005
15;1100;013;6;005
15;1100;014;6;005
15;1100;015;6;007
15;1100;016;6;007
15;1100;017;6;007
15;1100;018;6;007
15;1100;019;6;002
15;1100;020;6;002
15;1100;021;6;002
15;1600;001;6;009
15;1600;002;6;009
15;1600;003;6;009
15;1600;004;6;009
15;1600;005;6;009
15;1600;006;6;009
15;1600;007;6;009
15;1600;008;6;009
15;1600;009;6;009
15;1600;010;6;009
15;1600;011;6;009
15;1600;012;6;009
15;1600;013;6;009
15;1600;015;6;001
15;1600;016;6;001
15;1600;017;6;002
15;1600;018;6;003
15;1600;019;6;004
15;1600;020;6;005
15;1600;021;6;006
15;1600;022;6;006
15;1600;023;6;007
15;1600;024;6;008
15;1600;025;6;010
15;1600;026;6;010
15;1600;027;6;011
15;1600;028;6;011
15;1600;029;6;011
15;1600;030;6;012
15;1600;031;6;013
15;2100;001;6;011
15;2100;002;6;011
15;2100;003;6;011
15;2100;004;6;011
15;2100;005;6;011
15;2100;006;6;011
15;2100;007;6;005
15;2100;008;6;003
15;2100;009;6;003
15;2100;010;6;009
15;2100;011;6;008
15;2100;012;6;014
15;2100;013;6;007
15;2100;014;6;010
15;2100;015;6;010
15;2100;016;6;006
15;2100;017;6;004
15;2100;018;6;001
15;2100;019;6;012
15;2100;020;6;012
15;2100;021;6;012
15;2100;022;6;013
15;2100;023;6;002
15;2300;001;6;002
15;2300;002;6;002
15;2300;003;6;002
15;2300;004;6;002
15;2300;005;6;001
15;2300;006;6;001
15;2300;007;6;001
15;2300;008;6;003
15;2300;009;6;004
15;2300;010;6;004
15;2400;001;6;018
15;2400;002;6;018
15;2400;003;6;018
15;2400;004;6;018
15;2400;005;6;018
15;2400;006;6;018
15;2400;007;6;018
15;2400;008;6;018
15;2400;009;6;018
15;2400;010;6;018
15;2400;011;6;018
15;2400;012;6;018
15;2400;013;6;018
15;2400;014;6;018
15;2400;015;6;018
15;2400;016;6;018
15;2400;017;6;018
15;2400;018;6;018
15;2400;019;6;018
15;2400;020;6;018
15;2400;021;6;018
15;2400;022;6;018
15;2400;023;6;018
15;2400;024;6;018
15;2400;025;6;018
15;2400;026;6;018
15;2400;027;6;018
15;2400;028;6;018
15;2400;029;6;018
15;2400;030;6;018
15;2400;031;6;018
15;2400;032;6;018
15;2400;033;6;018
15;2400;034;6;018
15;2400;035;6;018
15;2400;036;6;018
15;2400;037;6;018
15;2400;038;6;018
15;2400;039;6;018
15;2400;040;6;018
15;2400;041;6;018
15;2400;042;6;018
15;2400;043;6;018
15;2400;044;6;018
15;2400;045;6;018
15;2400;046;6;018
15;2400;047;6;018
15;2400;048;6;018
15;2400;049;6;018
15;2400;050;6;018
15;2400;051;6;018
15;2400;052;6;018
15;2400;053;6;018
15;2400;054;6;018
15;2400;055;6;018
15;2400;056;6;018
15;2400;057;6;018
15;2400;058;6;018
15;2400;059;6;018
15;2400;060;6;018
15;2400;061;6;018
15;2400;062;6;018
15;2400;063;6;018
15;2400;064;6;018
15;2400;065;6;018
15;2400;066;6;018
15;2400;067;6;018
15;2400;068;6;018
15;2400;069;6;018
15;2400;070;6;018
15;2400;071;6;018
15;2400;072;6;018
15;2400;073;6;018
15;2400;074;6;018
15;2400;075;6;018
15;2400;076;6;018
15;2400;077;6;018
15;2400;078;6;018
15;2400;079;6;018
15;2400;080;6;018
15;2400;081;6;018
15;2400;082;6;018
15;2400;083;6;018
15;2400;084;6;018
15;2400;085;6;018
15;2400;086;6;018
15;2400;087;6;018
15;2400;088;6;018
15;2400;089;6;018
15;2400;090;6;018
15;2400;091;6;018
15;2400;092;6;018
15;2400;093;6;018
15;2400;094;6;018
15;2400;095;6;018
15;2400;096;6;018
15;2400;097;6;018
15;2400;098;6;018
15;2400;099;6;018
15;2400;100;6;018
15;2400;101;6;018
15;2400;102;6;018
15;2400;103;6;018
15;2400;104;6;018
15;2400;105;6;018
15;2400;106;6;018
15;2400;107;6;018
15;2400;108;6;018
15;2400;109;6;018
15;2400;110;6;018
15;2400;111;6;018
15;2400;112;6;018
15;2400;113;6;018
15;2400;114;6;018
15;2400;115;6;018
15;2400;116;6;018
15;2400;117;6;018
15;2400;118;6;018
15;2400;119;6;001
15;2400;120;6;002
15;2400;121;6;003
15;2400;122;6;004
15;2400;123;6;005
15;2400;124;6;005
15;2400;125;6;005
15;2400;126;6;006
15;2400;127;6;007
15;2400;128;6;008
15;2400;129;6;008
15;2400;130;6;010
15;2400;131;6;010
15;2400;132;6;011
15;2400;133;6;012
15;2400;134;6;013
15;2400;135;6;014
15;2400;136;6;015
15;2400;137;6;016
15;2400;138;6;016
15;2400;139;6;017
15;2400;140;6;019
15;2400;141;6;020
15;2400;142;6;021
15;2400;143;6;021
15;2400;144;6;021
15;2400;145;6;021
15;2400;146;6;021
15;2400;147;6;022
15;2400;148;6;023
15;2400;149;6;024
15;2400;150;6;025
15;2400;151;6;025
15;2400;152;6;009
15;2400;153;6;002
15;2400;154;6;018
15;2400;155;6;018
15;2400;156;6;018
15;2400;157;6;018
15;2400;158;6;018
15;2400;159;6;018
15;2400;160;6;018
15;2400;161;6;018
15;2700;001;6;007
15;2700;002;6;007
15;2700;003;6;007
15;2700;004;6;001
15;2700;005;6;002
15;2700;006;6;002
15;2700;007;6;003
15;2700;008;6;004
15;2700;009;6;004
15;2700;010;6;005
15;2700;011;6;006
15;2700;012;6;006
15;2700;013;6;008
15;3700;001;6;001
15;3700;002;6;002
15;3700;003;6;002
15;3700;004;6;003
15;3700;005;6;003
15;3700;006;6;004
15;3700;007;6;005
15;3700;008;6;005
15;3700;009;6;005
15;3700;010;6;005
15;3700;011;6;005
15;3700;012;6;006
15;3700;013;6;007
15;3700;014;6;007
15;3700;015;6;008
15;3700;016;6;009
15;3700;017;6;010
15;3700;018;6;011
15;3700;019;6;012
15;3700;020;6;012
15;3700;021;6;013
15;3700;022;6;013
15;3700;023;6;013
15;3700;024;6;013
15;3700;025;6;013
15;3700;026;6;013
15;3700;027;6;013
15;3700;028;6;013
15;3700;029;6;013
15;3700;030;6;013
15;3700;031;6;013
15;3700;032;6;013
15;3700;033;6;013
15;3700;034;6;013
15;3700;035;6;013
15;3700;036;6;013
15;3700;037;6;013
15;3700;038;6;014
15;3700;039;6;014
15;3700;040;6;013
15;3900;001;6;003
15;3900;002;6;003
15;3900;003;6;003
15;3900;004;6;003
15;3900;005;6;003
15;3900;006;6;003
15;3900;007;6;003
15;3900;008;6;003
15;3900;009;6;003
15;3900;010;6;003
15;3900;011;6;003
15;3900;012;6;003
15;3900;013;6;003
15;3900;014;6;003
15;3900;015;6;003
15;3900;016;6;003
15;3900;017;6;001
15;3900;018;6;001
15;3900;019;6;001
15;3900;020;6;002
15;3900;021;6;004
[END]

[MAJ]
15;6;   ;02;;;Пе▓║░ С▓е┤анов С▓о┐нов и Нели Пе▓░ова К│╢кова;, ;ПСС+НПК;68212;0;1
15;6;   ;05;;;Гео░ги Седе┤╖ов П║░ванов и Ангел Иванов Ма░ин;, ;ГСП+АИМ;92979;1;2
[END]

[PROP]
[END]

[LISTI]
[END]

[PROT]
6;15;0300;001;1039+0+662+662+0+0+0+18+662;339+323
6;15;0300;002;768+0+430+430+0+1+1+16+429;194+235
6;15;0300;003;994+1+539+539+1+1+2+20+537;226+311
6;15;0300;004;755+0+449+449+2+0+2+8+447;168+279
6;15;0300;005;547+0+297+297+0+0+0+5+297;126+171
6;15;0300;006;809+0+430+430+0+1+1+12+429;125+304
6;15;0300;007;949+0+501+501+0+0+0+0+501;147+354
6;15;0300;008;1015+0+586+586+1+3+4+18+582;204+378
6;15;0300;009;603+1+368+368+0+1+1+15+367;117+250
6;15;0300;010;487+3+326+326+1+0+1+11+325;92+233
6;15;0300;011;491+4+346+346+0+0+0+15+346;88+258
6;15;0300;012;274+1+211+211+3+0+3+6+208;77+131
6;15;0300;013;391+3+285+285+0+0+0+10+285;84+201
6;15;0300;014;76+0+66+66+0+0+0+0+66;46+20
6;15;0300;015;825+0+399+399+0+1+1+15+398;198+200
6;15;0300;016;731+2+379+379+0+1+1+6+378;179+199
6;15;0800;001;762+1+466+466+0+0+0+16+466;186+280
6;15;0800;002;620+2+362+362+0+1+1+11+361;135+226
6;15;0800;003;806+0+491+491+0+0+0+13+491;182+309
6;15;0800;004;521+1+343+343+0+0+0+7+343;129+214
6;15;0800;005;501+0+285+285+0+0+0+10+285;78+207
6;15;0800;006;423+1+314+314+0+0+0+13+314;96+218
6;15;0800;007;337+1+225+225+0+1+1+4+224;98+126
6;15;0800;008;491+2+361+361+0+2+2+16+359;94+265
6;15;0800;009;551+0+349+349+1+1+2+5+347;143+204
6;15;0800;010;643+2+369+369+1+1+2+0+367;123+244
6;15;0800;011;605+0+373+373+0+0+0+0+373;166+207
6;15;0800;012;324+0+127+127+0+0+0+0+127;46+81
6;15;0800;013;638+1+438+438+1+0+1+17+437;138+299
6;15;0800;014;465+1+304+304+0+0+0+8+304;79+225
6;15;0800;015;351+1+224+224+1+0+1+3+223;67+156
6;15;0800;016;589+0+324+324+0+0+0+0+324;161+163
6;15;0800;017;570+1+311+311+0+0+0+0+311;70+241
6;15;0800;018;653+2+367+367+1+0+1+8+366;120+246
6;15;0800;019;718+0+445+445+0+1+1+0+444;222+222
6;15;0800;020;670+0+382+382+0+1+1+20+381;85+296
6;15;0800;021;609+0+372+372+0+0+0+13+372;91+281
6;15;0800;022;507+0+255+255+1+0+1+13+254;47+207
6;15;0800;023;629+0+333+333+1+2+3+18+330;82+248
6;15;0800;024;470+1+366+366+0+0+0+12+366;136+230
6;15;0800;025;531+2+381+381+0+1+1+16+380;138+242
6;15;0800;026;645+1+427+427+1+0+1+16+426;93+333
6;15;1000;001;590+6+399+399+1+1+2+21+397;101+296
6;15;1000;002;512+3+313+313+1+0+1+0+312;102+210
6;15;1000;003;479+0+281+281+1+0+1+8+280;126+154
6;15;1000;004;479+0+310+310+0+1+1+10+309;120+189
6;15;1000;005;372+6+293+293+0+0+0+0+293;85+208
6;15;1000;006;389+6+289+289+1+0+1+0+288;65+223
6;15;1000;007;589+0+334+334+1+0+1+5+333;86+247
6;15;1000;008;561+1+342+342+0+0+0+12+342;110+232
6;15;1000;009;560+5+319+319+2+0+2+12+317;108+209
6;15;1000;010;320+1+219+219+0+0+0+7+219;73+146
6;15;1000;011;772+0+352+352+1+1+2+10+350;195+155
6;15;1000;012;808+0+407+407+0+1+1+16+406;216+190
6;15;1000;013;308+0+189+189+0+0+0+0+189;71+118
6;15;1000;014;368+29+203+203+0+0+0+3+203;76+127
6;15;1000;015;686+0+400+400+1+0+1+17+399;211+188
6;15;1000;016;686+5+390+390+0+0+0+0+390;105+285
6;15;1000;017;392+1+245+245+0+0+0+10+245;90+155
6;15;1000;018;525+0+363+363+3+0+3+0+360;183+177
6;15;1000;019;459+1+308+308+1+0+1+13+307;170+137
6;15;1000;020;379+1+232+232+0+0+0+0+232;64+168
6;15;1000;021;475+0+319+319+0+0+0+4+319;90+229
6;15;1000;022;480+0+317+317+0+1+1+8+316;58+258
6;15;1000;023;573+1+409+409+0+0+0+4+409;91+318
6;15;1000;024;544+0+365+365+2+1+3+14+362;110+252
6;15;1000;025;436+0+318+318+0+1+1+0+317;87+230
6;15;1000;026;539+0+338+338+1+0+1+3+337;58+279
6;15;1000;027;498+1+307+307+0+0+0+17+307;85+222
6;15;1000;028;571+2+373+373+0+0+0+12+373;99+274
6;15;1000;029;747+0+545+545+0+1+1+11+544;189+355
6;15;1000;030;668+3+524+524+0+0+0+38+524;168+356
6;15;1000;031;534+3+312+312+0+0+0+8+312;103+209
6;15;1000;032;595+1+402+402+0+1+1+15+401;113+288
6;15;1000;033;722+22+479+479+1+1+2+477+477;93+384
6;15;1000;034;573+0+395+395+2+0+2+0+393;155+238
6;15;1000;035;509+1+331+331+0+1+1+0+330;173+157
6;15;1000;036;569+1+385+385+1+0+1+13+384;189+195
6;15;1000;037;546+0+323+323+1+0+1+8+322;158+164
6;15;1000;038;630+0+389+389+4+1+5+4+384;219+165
6;15;1000;039;630+1+390+390+0+1+1+0+389;239+150
6;15;1000;040;569+1+300+300+0+0+0+0+300;181+119
6;15;1100;001;726+0+366+366+0+1+1+16+365;160+205
6;15;1100;002;645+0+406+406+1+1+2+1+404;177+227
6;15;1100;003;543+0+326+326+0+1+1+0+325;164+161
6;15;1100;004;466+0+466+466+1+4+5+11+461;197+264
6;15;1100;005;529+0+345+345+0+0+0+7+345;147+198
6;15;1100;006;498+0+259+259+0+0+0+6+259;103+156
6;15;1100;007;531+0+313+313+2+0+2+3+311;114+197
6;15;1100;008;839+2+348+348+0+0+0+16+348;75+273
6;15;1100;009;624+0+434+434+1+0+1+8+433;200+233
6;15;1100;010;675+0+447+447+1+1+2+13+445;207+238
6;15;1100;011;578+7+419+419+1+0+1+17+418;133+285
6;15;1100;012;692+0+277+277+0+1+1+9+276;84+192
6;15;1100;013;649+0+406+406+0+0+0+21+406;200+206
6;15;1100;014;591+0+334+334+0+0+0+8+334;84+250
6;15;1100;015;587+5+388+388+0+1+1+4+387;160+227
6;15;1100;016;806+2+458+458+1+0+1+14+457;161+296
6;15;1100;017;407+0+317+317+1+0+1+6+316;128+188
6;15;1100;018;476+0+307+307+2+0+2+0+305;108+197
6;15;1100;019;661+2+390+390+1+1+2+2+388;143+245
6;15;1100;020;499+2+297+297+2+0+2+12+295;98+197
6;15;1100;021;535+0+293+293+0+0+0+11+293;102+191
6;15;1600;001;755+0+459+459+2+2+4+8+455;221+234
6;15;1600;002;933+0+523+523+0+0+0+9+523;262+261
6;15;1600;003;874+0+507+507+0+0+0+10+507;264+243
6;15;1600;004;646+0+378+378+0+0+0+0+378;156+222
6;15;1600;005;633+0+428+428+0+0+0+0+428;222+206
6;15;1600;006;957+0+549+549+2+2+4+12+545;274+271
6;15;1600;007;863+0+452+452+1+0+1+0+451;209+242
6;15;1600;008;898+14+408+408+1+0+1+17+407;150+257
6;15;1600;009;955+0+402+402+0+0+0+18+402;172+230
6;15;1600;010;900+0+475+475+1+0+1+25+474;218+256
6;15;1600;011;702+2+432+432+1+1+2+12+430;184+246
6;15;1600;012;761+0+449+449+0+1+1+12+448;203+245
6;15;1600;013;628+0+383+383+0+0+0+6+383;139+244
6;15;1600;015;711+3+437+437+1+1+2+4+435;129+306
6;15;1600;016;725+3+382+382+1+1+2+5+380;67+313
6;15;1600;017;528+0+322+322+0+0+0+0+322;161+161
6;15;1600;018;175+2+113+113+0+0+0+5+113;23+90
6;15;1600;019;1000+5+711+711+2+1+3+0+708;299+409
6;15;1600;020;76+3+60+60+0+0+0+3+60;15+45
6;15;1600;021;768+2+494+494+0+2+2+13+492;194+298
6;15;1600;022;563+2+370+370+0+0+0+19+370;137+233
6;15;1600;023;513+3+362+362+1+0+1+13+361;93+268
6;15;1600;024;968+5+619+619+0+2+2+17+617;250+367
6;15;1600;025;714+0+403+403+0+0+0+9+403;186+217
6;15;1600;026;865+0+474+474+0+0+0+10+474;206+268
6;15;1600;027;603+0+391+391+0+0+0+11+391;91+300
6;15;1600;028;781+0+456+456+0+0+0+0+456;131+325
6;15;1600;029;796+0+395+395+1+1+2+15+393;154+239
6;15;1600;030;660+7+428+428+1+1+2+21+426;117+309
6;15;1600;031;878+1+541+541+1+1+2+22+539;225+314
6;15;2100;001;631+0+240+240+1+1+2+0+238;120+118
6;15;2100;002;642+0+306+306+1+2+3+17+303;201+102
6;15;2100;003;711+0+400+400+0+1+1+16+399;144+255
6;15;2100;004;823+0+451+451+1+0+1+28+450;186+264
6;15;2100;005;430+0+200+200+0+0+0+0+200;70+130
6;15;2100;006;657+1+282+282+3+1+4+0+278;145+133
6;15;2100;007;741+2+508+508+0+0+0+33+508;65+443
6;15;2100;008;442+0+277+277+0+0+0+0+277;64+213
6;15;2100;009;541+7+318+318+3+0+3+17+315;101+214
6;15;2100;010;279+2+213+213+0+0+0+11+213;57+156
6;15;2100;011;367+2+256+256+0+0+0+0+256;93+163
6;15;2100;012;562+0+323+323+1+0+1+1+322;73+249
6;15;2100;013;119+2+95+95+0+0+0+2+95;34+61
6;15;2100;014;460+0+312+312+0+0+0+13+312;89+223
6;15;2100;015;406+2+259+259+0+0+0+12+259;70+189
6;15;2100;016;148+2+123+123+0+0+0+0+123;21+102
6;15;2100;017;712+4+368+368+1+0+1+12+367;78+289
6;15;2100;018;331+4+225+225+1+1+2+12+223;77+146
6;15;2100;019;424+3+245+245+2+0+2+12+243;53+190
6;15;2100;020;505+2+303+303+1+1+2+0+301;83+218
6;15;2100;021;439+1+266+266+0+0+0+11+266;59+207
6;15;2100;022;494+7+259+259+0+0+0+9+259;84+175
6;15;2100;023;508+1+325+325+0+0+0+13+325;83+242
6;15;2300;001;890+0+486+486+0+0+0+16+486;69+417
6;15;2300;002;792+0+498+498+0+1+1+0+497;133+364
6;15;2300;003;853+1+518+518+2+0+2+15+516;184+332
6;15;2300;004;797+2+464+464+0+0+0+16+464;136+328
6;15;2300;005;555+0+351+351+2+1+3+12+348;111+237
6;15;2300;006;743+1+438+438+0+0+0+16+438;167+271
6;15;2300;007;552+0+355+355+0+2+2+8+353;70+283
6;15;2300;008;881+7+556+556+1+0+1+23+555;164+391
6;15;2300;009;639+2+444+444+0+1+1+11+443;115+328
6;15;2300;010;647+1+387+387+0+2+2+14+385;105+280
6;15;2400;001;664+0+401+401+0+0+0+0+401;133+268
6;15;2400;002;1075+0+556+556+1+1+2+15+554;244+310
6;15;2400;003;817+1+437+437+0+0+0+9+437;224+213
6;15;2400;004;1013+0+469+469+1+2+3+14+466;257+209
6;15;2400;005;1050+4+599+599+0+0+0+24+599;312+287
6;15;2400;006;1095+0+596+596+1+0+1+24+595;395+200
6;15;2400;007;962+4+529+529+0+1+1+0+528;212+316
6;15;2400;008;787+3+448+448+2+0+2+16+446;222+224
6;15;2400;009;972+1+574+574+2+0+2+19+572;273+299
6;15;2400;010;964+0+497+497+0+0+0+0+497;259+238
6;15;2400;011;1020+0+435+435+1+0+1+0+434;227+207
6;15;2400;012;927+0+419+419+1+0+1+0+418;229+189
6;15;2400;013;1003+0+424+424+1+0+1+0+423;226+197
6;15;2400;014;862+2+423+423+1+1+2+0+421;218+203
6;15;2400;015;797+0+377+377+1+1+2+6+375;185+190
6;15;2400;016;840+0+374+374+0+0+0+7+374;184+190
6;15;2400;017;902+0+366+366+0+0+0+0+366;176+190
6;15;2400;018;1008+0+425+425+2+0+2+9+423;219+204
6;15;2400;019;947+3+458+458+1+1+2+0+456;235+221
6;15;2400;020;899+0+380+380+0+0+0+0+380;158+222
6;15;2400;021;963+0+472+472+0+0+0+7+472;237+235
6;15;2400;022;868+0+376+376+0+0+0+0+376;235+141
6;15;2400;023;1019+0+394+394+1+0+1+0+393;195+198
6;15;2400;024;962+5+358+358+0+0+0+11+358;190+168
6;15;2400;025;940+0+404+404+2+0+2+2+402;189+213
6;15;2400;026;866+0+391+391+1+1+2+7+389;189+200
6;15;2400;027;802+0+285+285+0+0+0+0+285;149+136
6;15;2400;028;914+1+451+451+0+1+1+18+450;237+213
6;15;2400;029;966+0+470+470+0+0+0+0+470;241+229
6;15;2400;030;972+0+503+503+0+1+1+15+502;277+225
6;15;2400;031;1043+0+521+521+0+2+2+11+519;279+240
6;15;2400;032;944+2+455+455+0+0+0+0+455;254+201
6;15;2400;033;954+1+469+469+0+1+1+0+468;221+247
6;15;2400;034;994+9+548+548+0+1+1+6+547;266+281
6;15;2400;035;900+1+464+464+0+0+0+18+464;213+251
6;15;2400;036;1067+1+561+561+1+0+1+0+560;317+243
6;15;2400;037;821+0+410+410+0+0+0+6+410;222+188
6;15;2400;038;936+0+443+443+0+0+0+0+443;226+217
6;15;2400;039;909+0+459+459+0+0+0+0+459;243+216
6;15;2400;040;959+0+506+506+1+0+1+9+505;293+212
6;15;2400;041;781+3+391+391+0+0+0+11+391;216+175
6;15;2400;042;995+2+516+516+0+0+0+0+516;248+268
6;15;2400;043;887+2+473+473+0+0+0+0+473;243+230
6;15;2400;044;1101+0+560+560+0+1+1+0+559;267+292
6;15;2400;045;1112+0+492+492+0+0+0+14+492;272+220
6;15;2400;046;874+0+362+362+0+0+0+7+362;190+172
6;15;2400;047;892+7+364+364+4+0+4+0+360;190+170
6;15;2400;048;1101+0+553+553+0+0+0+0+553;257+296
6;15;2400;049;1020+0+422+422+0+0+0+4+422;207+215
6;15;2400;050;1067+0+472+472+0+0+0+0+472;218+254
6;15;2400;051;1089+2+521+521+0+0+0+0+521;236+285
6;15;2400;052;1104+0+597+597+1+0+1+16+596;285+311
6;15;2400;053;979+1+534+534+1+0+1+0+533;273+260
6;15;2400;054;1123+0+518+518+0+0+0+0+518;286+232
6;15;2400;055;966+0+445+445+0+0+0+8+445;252+193
6;15;2400;056;950+0+466+466+0+0+0+12+466;216+250
6;15;2400;057;1103+0+491+491+1+0+1+18+490;255+235
6;15;2400;058;1081+5+489+489+0+2+2+0+487;272+215
6;15;2400;059;1045+1+411+411+3+0+3+0+408;234+174
6;15;2400;060;1099+1+450+450+0+0+0+4+450;250+200
6;15;2400;061;1107+0+506+506+2+2+4+10+502;313+189
6;15;2400;062;1128+0+478+478+1+0+1+0+477;284+193
6;15;2400;063;1090+0+544+544+2+0+2+25+542;332+210
6;15;2400;064;1165+1+599+599+0+0+0+0+599;310+289
6;15;2400;065;1126+1+649+649+0+0+0+21+649;324+325
6;15;2400;066;1134+0+496+496+2+0+2+6+494;204+290
6;15;2400;067;1080+0+478+478+0+0+0+8+478;266+212
6;15;2400;068;938+158+559+559+0+0+0+16+559;310+249
6;15;2400;069;1049+0+539+539+0+0+0+14+539;284+255
6;15;2400;070;1067+4+633+633+2+1+3+16+630;350+280
6;15;2400;071;1034+2+485+485+0+1+1+12+484;225+259
6;15;2400;072;1088+2+560+560+0+0+0+19+560;311+249
6;15;2400;073;1102+0+501+501+0+2+2+12+499;251+248
6;15;2400;074;1081+174+498+498+2+0+2+12+496;253+243
6;15;2400;075;599+0+242+242+0+2+2+6+240;117+123
6;15;2400;076;828+0+457+457+0+0+0+0+457;228+229
6;15;2400;077;1067+0+541+541+0+0+0+7+541;230+311
6;15;2400;078;995+3+572+572+0+0+0+0+572;316+256
6;15;2400;079;739+0+472+472+0+0+0+11+472;174+298
6;15;2400;080;913+0+469+469+0+1+1+18+468;220+248
6;15;2400;081;516+1+517+517+1+0+1+23+516;258+258
6;15;2400;082;687+4+410+410+0+0+0+7+410;182+228
6;15;2400;083;976+0+544+544+0+2+2+12+542;315+227
6;15;2400;084;1067+1+581+581+0+0+0+13+581;328+253
6;15;2400;085;1083+2+607+607+1+1+2+22+605;334+271
6;15;2400;086;946+0+548+548+0+2+2+8+546;322+224
6;15;2400;087;950+7+507+507+2+0+2+13+505;249+256
6;15;2400;088;1111+0+570+570+0+0+0+15+570;308+262
6;15;2400;089;1032+0+634+634+0+2+2+8+632;396+236
6;15;2400;090;1011+10+572+572+1+0+1+14+571;288+283
6;15;2400;091;1045+1+587+587+1+0+1+16+586;335+251
6;15;2400;092;722+0+408+408+0+1+1+5+407;232+175
6;15;2400;093;827+0+496+496+0+0+0+17+496;314+182
6;15;2400;094;950+0+602+602+5+1+6+23+596;327+269
6;15;2400;095;1076+0+607+607+1+1+2+5+605;330+275
6;15;2400;096;1068+5+669+669+1+2+3+17+666;347+319
6;15;2400;097;648+3+419+419+0+0+0+14+419;233+186
6;15;2400;098;670+4+408+408+0+0+0+7+408;193+215
6;15;2400;099;888+0+539+539+2+0+2+21+537;316+221
6;15;2400;100;598+0+382+382+0+1+1+10+381;193+188
6;15;2400;101;653+3+394+394+1+1+2+13+392;209+183
6;15;2400;102;1036+4+639+639+0+2+2+0+637;315+322
6;15;2400;103;788+0+461+461+1+0+1+10+460;224+236
6;15;2400;104;811+1+471+471+1+0+1+7+470;196+274
6;15;2400;105;896+1+530+530+1+0+1+0+529;291+238
6;15;2400;106;785+0+458+458+0+1+1+9+457;263+194
6;15;2400;107;808+1+507+507+0+0+0+0+507;259+248
6;15;2400;108;1052+1+554+554+0+0+0+12+554;296+258
6;15;2400;109;988+4+542+542+3+0+3+12+539;252+287
6;15;2400;110;741+0+413+413+0+0+0+21+413;199+214
6;15;2400;111;719+0+409+409+0+0+0+10+409;194+215
6;15;2400;112;775+0+482+482+0+0+0+19+482;217+265
6;15;2400;113;806+1+470+470+0+0+0+15+470;226+244
6;15;2400;114;1046+1+576+576+0+1+1+25+575;288+287
6;15;2400;115;1005+7+562+562+0+0+0+21+562;238+324
6;15;2400;116;575+0+330+330+1+0+1+15+329;145+184
6;15;2400;117;967+0+492+492+0+0+0+0+492;250+242
6;15;2400;118;966+0+461+461+0+0+0+7+461;254+207
6;15;2400;119;737+16+418+418+3+1+4+0+414;147+267
6;15;2400;120;684+18+466+466+1+0+1+0+465;226+239
6;15;2400;121;820+0+497+497+1+1+2+0+495;169+326
6;15;2400;122;677+2+456+456+1+0+1+41+455;145+310
6;15;2400;123;651+0+396+396+0+1+1+16+395;200+195
6;15;2400;124;806+0+438+438+2+0+2+0+436;100+336
6;15;2400;125;717+1+382+382+0+1+1+5+381;133+248
6;15;2400;126;451+4+298+298+0+0+0+9+298;92+206
6;15;2400;127;84+7+91+91+0+0+0+0+91;41+50
6;15;2400;128;633+0+342+342+1+0+1+0+341;153+188
6;15;2400;129;894+2+441+441+0+0+0+0+441;186+255
6;15;2400;130;540+6+360+360+0+1+1+359+359;104+255
6;15;2400;131;562+0+356+356+0+0+0+0+356;98+258
6;15;2400;132;135+2+102+102+0+0+0+0+102;33+69
6;15;2400;133;257+3+191+191+1+0+1+0+190;86+104
6;15;2400;134;130+8+115+115+0+0+0+0+115;47+68
6;15;2400;135;660+3+497+497+1+0+1+0+496;237+259
6;15;2400;136;561+11+382+382+0+2+2+9+380;149+231
6;15;2400;137;832+4+479+479+1+1+2+0+477;249+228
6;15;2400;138;730+0+368+368+1+0+1+367+367;229+138
6;15;2400;139;554+7+362+362+1+3+4+15+358;144+214
6;15;2400;140;483+22+269+269+1+0+1+0+268;118+150
6;15;2400;141;219+18+202+202+0+0+0+2+202;124+78
6;15;2400;142;641+2+466+466+1+0+1+0+465;258+207
6;15;2400;143;528+0+388+388+0+1+1+0+387;221+166
6;15;2400;144;801+0+482+482+0+0+0+0+482;304+178
6;15;2400;145;984+2+682+682+3+0+3+8+679;333+346
6;15;2400;146;1087+5+707+707+2+0+2+0+705;369+336
6;15;2400;147;444+6+271+271+0+1+1+0+270;124+146
6;15;2400;148;315+4+193+193+0+1+1+192+192;86+106
6;15;2400;149;713+4+389+389+0+2+2+0+387;115+272
6;15;2400;150;894+3+556+556+1+1+2+26+554;226+328
6;15;2400;151;1264+1+705+705+0+2+2+30+703;311+392
6;15;2400;152;617+2+406+406+0+1+1+19+405;168+237
6;15;2400;153;45+0+35+35+0+0+0+0+35;7+28
6;15;2400;154;1156+0+551+551+0+0+0+5+551;253+298
6;15;2400;155;1031+0+438+438+0+0+0+0+438;213+225
6;15;2400;156;1003+0+461+461+0+0+0+0+461;211+250
6;15;2400;157;1034+0+428+428+0+0+0+0+428;242+186
6;15;2400;158;65+0+59+59+2+0+2+4+57;30+27
6;15;2400;159;176+37+111+111+0+0+0+0+111;48+63
6;15;2400;160;43+0+35+35+0+0+0+0+35;15+20
6;15;2400;161;85+0+64+64+0+0+0+2+64;23+41
6;15;2700;001;659+0+403+403+1+2+3+6+400;189+211
6;15;2700;002;616+0+388+388+0+0+0+8+388;147+241
6;15;2700;003;569+3+389+389+1+0+1+11+388;179+209
6;15;2700;004;235+1+194+194+1+1+2+15+192;81+111
6;15;2700;005;542+6+380+380+0+2+2+16+378;146+232
6;15;2700;006;584+8+390+390+0+0+0+14+390;168+222
6;15;2700;007;568+7+379+379+1+2+3+19+376;101+275
6;15;2700;008;593+3+363+363+1+2+3+7+360;152+208
6;15;2700;009;575+2+340+340+0+0+0+7+340;90+250
6;15;2700;010;130+3+116+116+0+0+0+2+116;55+61
6;15;2700;011;465+2+300+300+0+0+0+12+300;102+198
6;15;2700;012;495+5+333+333+1+0+1+4+332;66+266
6;15;2700;013;539+8+303+303+0+1+1+12+302;113+189
6;15;3700;001;435+0+301+301+1+0+1+7+300;89+211
6;15;3700;002;520+5+275+275+1+0+1+0+274;106+168
6;15;3700;003;691+0+340+340+3+0+3+0+337;72+265
6;15;3700;004;430+1+234+234+0+0+0+8+234;74+160
6;15;3700;005;626+1+256+256+0+0+0+1+256;30+226
6;15;3700;006;791+2+515+515+2+1+3+9+512;123+389
6;15;3700;007;933+1+489+489+0+0+0+0+489;105+384
6;15;3700;008;755+3+381+381+0+2+2+0+379;95+284
6;15;3700;009;934+1+471+471+0+1+1+0+470;134+336
6;15;3700;010;972+1+432+432+1+2+3+0+429;83+346
6;15;3700;011;763+0+343+343+0+0+0+10+343;58+285
6;15;3700;012;475+6+317+317+2+0+2+0+315;96+219
6;15;3700;013;719+2+469+469+2+1+3+0+466;154+312
6;15;3700;014;680+5+439+439+2+0+2+0+437;194+243
6;15;3700;015;874+1+576+576+1+1+2+16+574;271+303
6;15;3700;016;952+2+662+662+0+0+0+16+662;240+422
6;15;3700;017;986+2+658+658+0+0+0+0+658;259+399
6;15;3700;018;697+3+454+454+1+0+1+0+453;86+367
6;15;3700;019;672+8+421+421+0+0+0+0+421;178+243
6;15;3700;020;590+6+344+344+0+1+1+16+343;136+207
6;15;3700;021;773+0+458+458+0+0+0+0+458;185+273
6;15;3700;022;749+0+415+415+2+0+2+19+413;174+239
6;15;3700;023;861+2+468+468+0+0+0+16+468;210+258
6;15;3700;024;830+0+452+452+0+0+0+0+452;207+245
6;15;3700;025;777+1+425+425+0+1+1+7+424;190+234
6;15;3700;026;806+0+403+403+0+0+0+0+403;204+199
6;15;3700;027;772+0+426+426+1+0+1+0+425;188+237
6;15;3700;028;936+0+427+427+0+0+0+3+427;198+229
6;15;3700;029;755+1+387+387+0+0+0+0+387;188+199
6;15;3700;030;815+1+462+462+0+1+1+0+461;228+233
6;15;3700;031;972+0+482+482+0+0+0+0+482;204+278
6;15;3700;032;783+0+422+422+0+0+0+0+422;202+220
6;15;3700;033;991+0+448+448+0+0+0+0+448;190+258
6;15;3700;034;976+0+512+512+0+0+0+13+512;237+275
6;15;3700;035;1114+4+461+461+0+1+1+0+460;230+230
6;15;3700;036;683+0+297+297+0+1+1+0+296;61+235
6;15;3700;037;591+0+268+268+1+0+1+0+267;91+176
6;15;3700;038;547+3+330+330+0+0+0+9+330;113+217
6;15;3700;039;561+0+312+312+0+0+0+4+312;98+214
6;15;3700;040;38+0+23+23+0+0+0+0+23;7+16
6;15;3900;001;745+1+424+424+0+0+0+13+424;162+262
6;15;3900;002;737+0+368+368+0+0+0+12+368;122+246
6;15;3900;003;733+0+383+383+0+0+0+13+383;96+287
6;15;3900;004;693+1+370+370+1+0+1+0+369;149+220
6;15;3900;005;868+0+445+445+0+0+0+0+445;195+250
6;15;3900;006;686+0+433+433+0+1+1+0+432;167+265
6;15;3900;007;701+0+348+348+0+1+1+8+347;119+228
6;15;3900;008;649+0+379+379+0+4+4+0+375;171+204
6;15;3900;009;752+0+399+399+0+1+1+0+398;152+246
6;15;3900;010;703+0+380+380+1+3+4+0+376;124+252
6;15;3900;011;718+0+387+387+0+0+0+0+387;127+260
6;15;3900;012;682+0+397+397+0+2+2+6+395;142+253
6;15;3900;013;547+0+298+298+1+1+2+9+296;108+188
6;15;3900;014;735+0+455+455+0+0+0+15+455;55+400
6;15;3900;015;671+0+453+453+0+0+0+0+453;36+417
6;15;3900;016;28+0+18+18+0+0+0+0+18;5+13
6;15;3900;017;559+3+374+374+1+0+1+0+373;114+259
6;15;3900;018;638+5+387+387+0+0+0+0+387;107+280
6;15;3900;019;666+1+440+440+1+2+3+0+437;160+277
6;15;3900;020;922+2+541+541+0+0+0+0+541;112+429
6;15;3900;021;516+1+314+314+0+0+0+11+314;68+246
[END]

[AGGR]
15;6;   ;2+401+401+287609+1058+161578+161578+211+176+387+4534+161191;68212+92979
[END]
