[INFO]
16;è´Æ¢§®¢ £∞†§;301
[END]

[IZB]
16;6;   ;;18.11.2001;2;2;469
[END]

[NM]
1622;001;£∞. è´Æ¢§®¢;56784;01
1622;001;£∞. è´Æ¢§®¢;56784;02
1622;001;£∞. è´Æ¢§®¢;56784;03
1622;001;£∞. è´Æ¢§®¢;56784;04
1622;001;£∞. è´Æ¢§®¢;56784;05
1622;001;£∞. è´Æ¢§®¢;56784;06
[END]

[SEC]
16;2201;001;6;001
16;2201;002;6;001
16;2201;003;6;001
16;2201;004;6;001
16;2201;005;6;001
16;2201;006;6;001
16;2201;007;6;001
16;2201;008;6;001
16;2201;009;6;001
16;2201;010;6;001
16;2201;011;6;001
16;2201;012;6;001
16;2201;013;6;001
16;2201;014;6;001
16;2201;015;6;001
16;2201;016;6;001
16;2201;017;6;001
16;2201;018;6;001
16;2201;019;6;001
16;2201;020;6;001
16;2201;021;6;001
16;2201;022;6;001
16;2201;023;6;001
16;2201;024;6;001
16;2201;025;6;001
16;2201;026;6;001
16;2201;027;6;001
16;2201;028;6;001
16;2201;029;6;001
16;2201;030;6;001
16;2201;031;6;001
16;2201;032;6;001
16;2201;033;6;001
16;2201;034;6;001
16;2201;035;6;001
16;2201;036;6;001
16;2201;037;6;001
16;2201;038;6;001
16;2201;039;6;001
16;2201;040;6;001
16;2201;041;6;001
16;2201;042;6;001
16;2201;043;6;001
16;2201;044;6;001
16;2201;045;6;001
16;2201;046;6;001
16;2201;047;6;001
16;2201;048;6;001
16;2201;049;6;001
16;2201;050;6;001
16;2201;051;6;001
16;2201;052;6;001
16;2201;053;6;001
16;2201;054;6;001
16;2201;055;6;001
16;2201;056;6;001
16;2201;057;6;001
16;2201;058;6;001
16;2201;059;6;001
16;2201;060;6;001
16;2201;061;6;001
16;2201;062;6;001
16;2201;063;6;001
16;2201;064;6;001
16;2201;065;6;001
16;2201;066;6;001
16;2201;067;6;001
16;2201;068;6;001
16;2201;069;6;001
16;2201;070;6;001
16;2201;071;6;001
16;2201;072;6;001
16;2201;073;6;001
16;2201;074;6;001
16;2201;075;6;001
16;2201;076;6;001
16;2201;077;6;001
16;2201;078;6;001
16;2201;079;6;001
16;2201;080;6;001
16;2201;081;6;001
16;2201;082;6;001
16;2201;083;6;001
16;2201;084;6;001
16;2201;085;6;001
16;2201;086;6;001
16;2201;087;6;001
16;2201;088;6;001
16;2201;089;6;001
16;2201;090;6;001
16;2201;091;6;001
16;2201;092;6;001
16;2201;093;6;001
16;2201;094;6;001
16;2201;095;6;001
16;2201;096;6;001
16;2201;097;6;001
16;2201;098;6;001
16;2201;099;6;001
16;2201;100;6;001
16;2201;101;6;001
16;2201;102;6;001
16;2201;103;6;001
16;2201;104;6;001
16;2201;105;6;001
16;2201;106;6;001
16;2201;107;6;001
16;2201;108;6;001
16;2201;109;6;001
16;2201;110;6;001
16;2201;111;6;001
16;2201;112;6;001
16;2201;113;6;001
16;2202;001;6;001
16;2202;002;6;001
16;2202;003;6;001
16;2202;004;6;001
16;2202;005;6;001
16;2202;006;6;001
16;2202;007;6;001
16;2202;008;6;001
16;2202;009;6;001
16;2202;010;6;001
16;2202;011;6;001
16;2202;012;6;001
16;2202;013;6;001
16;2202;014;6;001
16;2202;015;6;001
16;2202;016;6;001
16;2202;017;6;001
16;2202;018;6;001
16;2202;019;6;001
16;2202;020;6;001
16;2202;021;6;001
16;2202;022;6;001
16;2202;023;6;001
16;2202;024;6;001
16;2202;025;6;001
16;2202;026;6;001
16;2202;027;6;001
16;2202;028;6;001
16;2202;029;6;001
16;2202;030;6;001
16;2202;031;6;001
16;2202;032;6;001
16;2202;033;6;001
16;2202;034;6;001
16;2202;035;6;001
16;2202;036;6;001
16;2202;037;6;001
16;2202;038;6;001
16;2202;039;6;001
16;2202;040;6;001
16;2202;041;6;001
16;2202;042;6;001
16;2202;043;6;001
16;2202;044;6;001
16;2202;045;6;001
16;2202;046;6;001
16;2202;047;6;001
16;2202;048;6;001
16;2202;049;6;001
16;2202;050;6;001
16;2202;051;6;001
16;2202;052;6;001
16;2202;053;6;001
16;2202;054;6;001
16;2202;055;6;001
16;2202;056;6;001
16;2202;057;6;001
16;2202;058;6;001
16;2202;059;6;001
16;2202;060;6;001
16;2202;061;6;001
16;2202;062;6;001
16;2202;063;6;001
16;2202;064;6;001
16;2202;065;6;001
16;2202;066;6;001
16;2202;067;6;001
16;2202;068;6;001
16;2202;069;6;001
16;2202;070;6;001
16;2203;001;6;001
16;2203;002;6;001
16;2203;003;6;001
16;2203;004;6;001
16;2203;005;6;001
16;2203;006;6;001
16;2203;007;6;001
16;2203;008;6;001
16;2203;009;6;001
16;2203;010;6;001
16;2203;011;6;001
16;2203;012;6;001
16;2203;013;6;001
16;2203;014;6;001
16;2203;015;6;001
16;2203;016;6;001
16;2203;017;6;001
16;2203;018;6;001
16;2203;019;6;001
16;2203;020;6;001
16;2203;021;6;001
16;2203;022;6;001
16;2203;023;6;001
16;2203;024;6;001
16;2203;025;6;001
16;2203;026;6;001
16;2203;027;6;001
16;2203;028;6;001
16;2203;029;6;001
16;2203;030;6;001
16;2203;031;6;001
16;2203;032;6;001
16;2203;033;6;001
16;2203;034;6;001
16;2203;035;6;001
16;2203;036;6;001
16;2203;037;6;001
16;2203;038;6;001
16;2203;039;6;001
16;2203;040;6;001
16;2203;041;6;001
16;2203;042;6;001
16;2203;043;6;001
16;2203;044;6;001
16;2203;045;6;001
16;2203;046;6;001
16;2203;047;6;001
16;2203;048;6;001
16;2203;049;6;001
16;2204;001;6;001
16;2204;002;6;001
16;2204;003;6;001
16;2204;004;6;001
16;2204;005;6;001
16;2204;006;6;001
16;2204;007;6;001
16;2204;008;6;001
16;2204;009;6;001
16;2204;010;6;001
16;2204;011;6;001
16;2204;012;6;001
16;2204;013;6;001
16;2204;014;6;001
16;2204;015;6;001
16;2204;016;6;001
16;2204;017;6;001
16;2204;018;6;001
16;2204;019;6;001
16;2204;020;6;001
16;2204;021;6;001
16;2204;022;6;001
16;2204;023;6;001
16;2204;024;6;001
16;2204;025;6;001
16;2204;026;6;001
16;2204;027;6;001
16;2204;028;6;001
16;2204;029;6;001
16;2204;030;6;001
16;2204;031;6;001
16;2204;032;6;001
16;2204;033;6;001
16;2204;034;6;001
16;2204;035;6;001
16;2204;036;6;001
16;2204;037;6;001
16;2204;038;6;001
16;2204;039;6;001
16;2204;040;6;001
16;2204;041;6;001
16;2204;042;6;001
16;2204;043;6;001
16;2204;044;6;001
16;2204;045;6;001
16;2204;046;6;001
16;2204;047;6;001
16;2204;048;6;001
16;2204;049;6;001
16;2204;050;6;001
16;2204;051;6;001
16;2204;052;6;001
16;2204;053;6;001
16;2204;054;6;001
16;2204;055;6;001
16;2204;056;6;001
16;2204;057;6;001
16;2204;058;6;001
16;2204;059;6;001
16;2204;060;6;001
16;2204;061;6;001
16;2204;062;6;001
16;2204;063;6;001
16;2204;064;6;001
16;2204;065;6;001
16;2204;066;6;001
16;2205;001;6;001
16;2205;002;6;001
16;2205;003;6;001
16;2205;004;6;001
16;2205;005;6;001
16;2205;006;6;001
16;2205;007;6;001
16;2205;008;6;001
16;2205;009;6;001
16;2205;010;6;001
16;2205;011;6;001
16;2205;012;6;001
16;2205;013;6;001
16;2205;014;6;001
16;2205;015;6;001
16;2205;016;6;001
16;2205;017;6;001
16;2205;018;6;001
16;2205;019;6;001
16;2205;020;6;001
16;2205;021;6;001
16;2205;022;6;001
16;2205;023;6;001
16;2205;024;6;001
16;2205;025;6;001
16;2205;026;6;001
16;2205;027;6;001
16;2205;028;6;001
16;2205;029;6;001
16;2205;030;6;001
16;2205;031;6;001
16;2205;032;6;001
16;2205;033;6;001
16;2205;034;6;001
16;2205;035;6;001
16;2205;036;6;001
16;2205;037;6;001
16;2205;038;6;001
16;2205;039;6;001
16;2205;040;6;001
16;2205;041;6;001
16;2205;042;6;001
16;2205;043;6;001
16;2205;044;6;001
16;2205;045;6;001
16;2205;046;6;001
16;2205;047;6;001
16;2205;048;6;001
16;2205;049;6;001
16;2205;050;6;001
16;2205;051;6;001
16;2205;052;6;001
16;2205;053;6;001
16;2205;054;6;001
16;2205;055;6;001
16;2205;056;6;001
16;2205;057;6;001
16;2205;058;6;001
16;2205;059;6;001
16;2205;060;6;001
16;2205;061;6;001
16;2205;062;6;001
16;2205;063;6;001
16;2205;064;6;001
16;2205;065;6;001
16;2205;066;6;001
16;2205;067;6;001
16;2205;068;6;001
16;2205;069;6;001
16;2205;070;6;001
16;2205;071;6;001
16;2205;072;6;001
16;2205;073;6;001
16;2205;074;6;001
16;2205;075;6;001
16;2205;076;6;001
16;2205;077;6;001
16;2205;078;6;001
16;2205;079;6;001
16;2205;080;6;001
16;2205;081;6;001
16;2205;082;6;001
16;2205;083;6;001
16;2205;084;6;001
16;2205;085;6;001
16;2205;086;6;001
16;2205;087;6;001
16;2205;088;6;001
16;2205;089;6;001
16;2205;090;6;001
16;2205;091;6;001
16;2205;092;6;001
16;2205;093;6;001
16;2205;094;6;001
16;2205;095;6;001
16;2205;096;6;001
16;2205;099;6;001
16;2205;100;6;001
16;2206;001;6;001
16;2206;002;6;001
16;2206;003;6;001
16;2206;004;6;001
16;2206;005;6;001
16;2206;006;6;001
16;2206;007;6;001
16;2206;008;6;001
16;2206;009;6;001
16;2206;010;6;001
16;2206;011;6;001
16;2206;012;6;001
16;2206;013;6;001
16;2206;014;6;001
16;2206;015;6;001
16;2206;016;6;001
16;2206;017;6;001
16;2206;018;6;001
16;2206;019;6;001
16;2206;020;6;001
16;2206;021;6;001
16;2206;022;6;001
16;2206;023;6;001
16;2206;024;6;001
16;2206;025;6;001
16;2206;026;6;001
16;2206;027;6;001
16;2206;028;6;001
16;2206;029;6;001
16;2206;030;6;001
16;2206;031;6;001
16;2206;032;6;001
16;2206;033;6;001
16;2206;034;6;001
16;2206;035;6;001
16;2206;036;6;001
16;2206;037;6;001
16;2206;038;6;001
16;2206;039;6;001
16;2206;040;6;001
16;2206;041;6;001
16;2206;042;6;001
16;2206;043;6;001
16;2206;044;6;001
16;2206;045;6;001
16;2206;046;6;001
16;2206;047;6;001
16;2206;048;6;001
16;2206;049;6;001
16;2206;050;6;001
16;2206;051;6;001
16;2206;052;6;001
16;2206;053;6;001
16;2206;054;6;001
16;2206;055;6;001
16;2206;056;6;001
16;2206;057;6;001
16;2206;058;6;001
16;2206;059;6;001
16;2206;060;6;001
16;2206;061;6;001
16;2206;062;6;001
16;2206;063;6;001
16;2206;064;6;001
16;2206;065;6;001
16;2206;066;6;001
16;2206;067;6;001
16;2206;068;6;001
16;2206;069;6;001
16;2206;070;6;001
16;2206;071;6;001
16;2206;072;6;001
16;2206;073;6;001
[END]

[MAJ]
16;6;   ;02;;;è•≤∫∞ ë≤•¥†≠Æ¢ ë≤Æø≠Æ¢ ® ç•´® è•≤∞Æ¢† ä≥∂™Æ¢†;, ;èëë+çèä;110111;0;1
16;6;   ;05;;;É•Æ∞£® ë•§•¥∑Æ¢ è∫∞¢†≠Æ¢ ® Ä≠£•´ à¢†≠Æ¢ å†∞®≠;, ;Éëè+Äàå;65791;1;2
[END]

[PROP]
[END]

[LISTI]
[END]

[PROT]
6;16;2201;001;611+0+391+391+0+0+0+19+391;254+137
6;16;2201;002;586+0+389+389+1+0+1+0+388;255+133
6;16;2201;003;459+1+306+306+0+0+0+15+306;164+142
6;16;2201;004;478+0+266+266+0+0+0+7+266;150+116
6;16;2201;005;379+0+228+228+0+0+0+7+228;160+68
6;16;2201;006;528+0+346+346+0+0+0+22+346;249+97
6;16;2201;007;393+0+273+273+0+0+0+19+273;175+98
6;16;2201;008;569+0+358+358+1+0+1+12+357;241+116
6;16;2201;009;822+1+534+534+0+0+0+12+534;403+131
6;16;2201;010;811+0+527+527+0+0+0+25+527;373+154
6;16;2201;011;603+0+367+367+2+1+3+17+364;244+120
6;16;2201;012;412+0+264+264+1+1+2+0+262;149+113
6;16;2201;013;756+1+502+502+0+0+0+20+502;330+172
6;16;2201;014;917+4+598+598+0+0+0+30+598;360+238
6;16;2201;015;645+0+399+399+0+0+0+0+399;275+124
6;16;2201;016;480+0+303+303+0+0+0+11+303;182+121
6;16;2201;017;849+0+526+526+1+0+1+19+525;321+204
6;16;2201;018;657+2+391+391+0+1+1+13+390;233+157
6;16;2201;019;528+0+347+347+1+0+1+18+346;259+87
6;16;2201;020;618+0+422+422+1+0+1+14+421;306+115
6;16;2201;021;599+0+393+393+0+3+3+0+390;285+105
6;16;2201;022;731+2+477+477+1+0+1+14+476;357+119
6;16;2201;023;736+0+476+476+0+0+0+14+476;333+143
6;16;2201;024;745+1+509+509+1+0+1+0+508;367+141
6;16;2201;025;467+0+284+284+0+2+2+0+282;210+72
6;16;2201;026;510+0+344+344+1+2+3+9+341;215+126
6;16;2201;027;422+0+243+243+0+1+1+8+242;169+73
6;16;2201;028;716+0+448+448+0+0+0+13+448;302+146
6;16;2201;029;711+0+429+429+0+1+1+0+428;292+136
6;16;2201;030;893+6+524+524+0+0+0+0+524;357+167
6;16;2201;031;746+0+500+500+1+1+2+0+498;304+194
6;16;2201;032;935+0+617+617+0+2+2+27+615;401+214
6;16;2201;033;513+0+358+358+3+0+3+17+355;219+136
6;16;2201;034;671+0+430+430+2+1+3+14+427;278+149
6;16;2201;035;742+11+501+501+4+0+4+0+497;319+178
6;16;2201;036;694+5+442+442+1+0+1+0+441;276+165
6;16;2201;037;690+0+376+376+0+0+0+0+376;264+112
6;16;2201;038;896+0+581+581+1+0+1+0+580;355+225
6;16;2201;039;547+0+379+379+0+0+0+7+379;257+122
6;16;2201;040;669+0+474+474+0+0+0+0+474;249+225
6;16;2201;041;571+0+373+373+0+0+0+17+373;229+144
6;16;2201;042;901+0+584+584+0+1+1+37+583;342+241
6;16;2201;043;554+0+369+369+0+0+0+0+369;202+167
6;16;2201;044;769+0+542+542+0+0+0+25+542;305+237
6;16;2201;045;638+0+384+384+2+0+2+0+382;256+126
6;16;2201;046;792+0+513+513+1+0+1+5+512;337+175
6;16;2201;047;518+5+327+327+1+0+1+19+326;181+145
6;16;2201;048;816+4+503+503+1+0+1+0+502;283+219
6;16;2201;049;777+2+511+511+2+0+2+30+509;312+197
6;16;2201;050;706+0+452+452+3+1+4+0+448;298+150
6;16;2201;051;609+1+387+387+0+0+0+6+387;241+146
6;16;2201;052;785+1+474+474+5+0+5+0+469;214+255
6;16;2201;053;595+2+403+403+2+0+2+16+401;252+149
6;16;2201;054;562+1+366+366+0+0+0+15+366;203+163
6;16;2201;055;207+6+31+31+0+0+0+0+31;23+8
6;16;2201;056;663+0+368+368+0+0+0+11+368;211+157
6;16;2201;057;494+0+230+230+0+0+0+0+230;102+128
6;16;2201;058;732+0+413+413+0+0+0+18+413;234+179
6;16;2201;059;788+0+494+494+0+0+0+18+494;340+154
6;16;2201;060;617+0+379+379+3+0+3+15+376;244+132
6;16;2201;061;662+0+386+386+1+0+1+9+385;260+125
6;16;2201;062;399+1+248+248+2+1+3+5+245;175+70
6;16;2201;063;613+2+401+401+0+0+0+17+401;210+191
6;16;2201;064;746+0+482+482+0+0+0+7+482;298+184
6;16;2201;065;511+1+353+353+0+0+0+0+353;220+133
6;16;2201;066;460+0+460+460+0+0+0+13+460;304+156
6;16;2201;067;750+0+500+500+0+1+1+0+499;359+140
6;16;2201;068;902+2+570+570+1+0+1+44+569;346+223
6;16;2201;069;466+0+307+307+1+0+1+0+306;200+106
6;16;2201;070;672+0+400+400+1+0+1+9+399;251+148
6;16;2201;071;340+0+223+223+0+0+0+4+223;161+62
6;16;2201;072;833+2+534+534+0+0+0+0+534;352+182
6;16;2201;073;534+0+355+355+0+0+0+13+355;217+138
6;16;2201;074;465+0+321+321+0+0+0+8+321;215+106
6;16;2201;075;771+0+515+515+1+1+2+0+513;367+146
6;16;2201;076;663+0+447+447+0+0+0+17+447;339+108
6;16;2201;077;501+0+338+338+0+0+0+17+338;231+107
6;16;2201;078;683+0+458+458+0+0+0+0+458;342+116
6;16;2201;079;551+0+325+325+0+0+0+0+325;182+143
6;16;2201;080;367+0+234+234+1+0+1+0+233;145+88
6;16;2201;081;923+3+624+624+3+0+3+0+621;413+208
6;16;2201;082;520+4+342+342+0+0+0+0+342;188+154
6;16;2201;083;773+0+502+502+2+0+2+10+500;305+195
6;16;2201;084;685+0+448+448+0+0+0+0+448;297+151
6;16;2201;085;474+0+317+317+0+0+0+13+317;162+155
6;16;2201;086;775+1+497+497+1+0+1+20+496;359+137
6;16;2201;087;636+1+326+326+0+0+0+50+326;305+21
6;16;2201;088;459+0+225+225+0+0+0+16+225;181+44
6;16;2201;089;569+0+367+367+0+1+1+14+366;273+93
6;16;2201;090;816+26+453+453+0+0+0+24+453;330+123
6;16;2201;091;435+0+220+220+0+0+0+11+220;184+36
6;16;2201;092;509+3+308+308+0+0+0+12+308;110+198
6;16;2201;093;693+0+436+436+1+0+1+0+435;292+143
6;16;2201;094;608+0+381+381+0+0+0+0+381;249+132
6;16;2201;095;791+0+462+462+0+0+0+0+462;325+137
6;16;2201;096;748+0+417+417+0+0+0+0+417;329+88
6;16;2201;097;794+0+466+466+0+0+0+10+466;335+131
6;16;2201;098;763+0+466+466+0+0+0+18+466;318+148
6;16;2201;099;713+0+467+467+0+0+0+0+467;309+158
6;16;2201;100;636+3+415+415+1+1+2+0+413;262+151
6;16;2201;101;456+0+297+297+0+0+0+15+297;215+82
6;16;2201;102;843+0+547+547+0+0+0+0+547;351+196
6;16;2201;103;699+0+409+409+0+0+0+29+409;288+121
6;16;2201;104;415+0+248+248+0+0+0+0+248;194+54
6;16;2201;105;563+5+358+358+0+0+0+0+358;277+81
6;16;2201;106;256+0+164+164+0+0+0+6+164;127+37
6;16;2201;107;676+0+400+400+0+0+0+16+400;280+120
6;16;2201;108;637+0+422+422+0+0+0+18+422;348+74
6;16;2201;109;58+0+53+53+1+0+1+0+52;25+27
6;16;2201;110;140+0+65+65+0+0+0+0+65;34+31
6;16;2201;111;35+0+20+20+0+0+0+0+20;13+7
6;16;2201;112;80+0+79+79+7+2+9+0+70;56+14
6;16;2201;113;76+24+41+41+0+0+0+7+41;23+18
6;16;2202;001;726+15+366+366+2+0+2+0+364;221+143
6;16;2202;002;796+0+432+432+0+0+0+0+432;352+80
6;16;2202;003;721+0+365+365+0+0+0+0+365;240+125
6;16;2202;004;793+0+420+420+0+0+0+0+420;288+132
6;16;2202;005;616+0+270+270+0+0+0+0+270;186+84
6;16;2202;006;731+0+398+398+1+0+1+2+397;206+191
6;16;2202;007;605+5+303+303+1+0+1+0+302;176+126
6;16;2202;008;749+4+364+364+0+0+0+0+364;234+130
6;16;2202;009;746+0+425+425+0+0+0+0+425;300+125
6;16;2202;010;633+0+292+292+0+0+0+0+292;202+90
6;16;2202;011;777+0+423+423+0+0+0+0+423;236+187
6;16;2202;012;552+0+287+287+0+0+0+10+287;136+151
6;16;2202;013;604+0+329+329+0+0+0+14+329;135+194
6;16;2202;014;607+0+381+381+1+0+1+0+380;201+179
6;16;2202;015;836+0+496+496+0+0+0+19+496;283+213
6;16;2202;016;632+0+343+343+0+0+0+13+343;317+26
6;16;2202;017;503+0+261+261+0+0+0+0+261;175+86
6;16;2202;018;680+0+388+388+0+0+0+0+388;221+167
6;16;2202;019;332+0+332+332+0+0+0+21+332;225+107
6;16;2202;020;650+0+362+362+0+0+0+0+362;268+94
6;16;2202;021;729+0+422+422+0+0+0+0+422;242+180
6;16;2202;022;690+0+323+323+0+0+0+0+323;209+114
6;16;2202;023;602+0+273+273+0+0+0+15+273;219+54
6;16;2202;024;716+0+355+355+1+1+2+0+353;330+23
6;16;2202;025;453+0+236+236+2+2+4+8+232;213+19
6;16;2202;026;416+0+209+209+0+3+3+0+206;184+22
6;16;2202;027;630+0+322+322+0+0+0+0+322;285+37
6;16;2202;028;549+0+283+283+0+0+0+0+283;233+50
6;16;2202;029;646+0+344+344+0+3+3+0+341;283+58
6;16;2202;030;450+0+247+247+1+1+2+28+245;208+37
6;16;2202;031;623+0+282+282+0+0+0+4+282;254+28
6;16;2202;032;594+0+288+288+0+1+1+0+287;242+45
6;16;2202;033;637+0+332+332+0+0+0+0+332;279+53
6;16;2202;034;589+1+244+244+0+0+0+0+244;191+53
6;16;2202;035;554+8+297+297+0+3+3+0+294;271+23
6;16;2202;036;644+0+292+292+0+0+0+0+292;218+74
6;16;2202;037;638+0+277+277+0+0+0+0+277;204+73
6;16;2202;038;745+3+345+345+0+0+0+0+345;223+122
6;16;2202;039;474+0+235+235+1+0+1+0+234;207+27
6;16;2202;040;445+0+197+197+0+1+1+12+196;175+21
6;16;2202;041;636+12+347+347+0+5+5+24+342;301+41
6;16;2202;042;521+6+268+268+1+0+1+16+267;245+22
6;16;2202;043;607+0+276+276+0+2+2+19+274;242+32
6;16;2202;044;645+0+287+287+0+0+0+14+287;255+32
6;16;2202;045;605+0+317+317+0+0+0+15+317;299+18
6;16;2202;046;414+6+246+246+0+0+0+0+246;208+38
6;16;2202;047;536+16+294+294+2+0+2+0+292;234+58
6;16;2202;048;599+0+317+317+0+4+4+0+313;278+35
6;16;2202;049;592+8+344+344+1+1+2+24+342;314+28
6;16;2202;050;455+0+237+237+0+0+0+0+237;215+22
6;16;2202;051;590+0+300+300+0+0+0+0+300;173+127
6;16;2202;052;587+0+275+275+0+1+1+0+274;176+98
6;16;2202;053;774+0+386+386+0+0+0+6+386;214+172
6;16;2202;054;721+0+372+372+0+0+0+4+372;154+218
6;16;2202;055;787+0+507+507+0+0+0+0+507;185+322
6;16;2202;056;780+0+494+494+1+0+1+11+493;158+335
6;16;2202;057;708+0+336+336+0+0+0+0+336;109+227
6;16;2202;058;520+0+267+267+0+1+1+0+266;196+70
6;16;2202;059;589+2+399+399+2+2+4+0+395;264+131
6;16;2202;060;709+0+493+493+0+0+0+18+493;269+224
6;16;2202;061;779+0+352+352+1+0+1+0+351;130+221
6;16;2202;062;694+0+444+444+0+0+0+11+444;266+178
6;16;2202;063;743+0+463+463+0+0+0+0+463;250+213
6;16;2202;064;536+0+368+368+0+0+0+0+368;246+122
6;16;2202;065;678+0+404+404+3+0+3+0+401;244+157
6;16;2202;066;708+0+425+425+2+2+4+0+421;281+140
6;16;2202;067;703+0+432+432+1+0+1+0+431;238+193
6;16;2202;068;673+0+402+402+0+0+0+8+402;254+148
6;16;2202;069;543+1+320+320+0+0+0+0+320;184+136
6;16;2202;070;530+0+301+301+0+0+0+11+301;166+135
6;16;2203;001;724+0+424+424+0+0+0+22+424;248+176
6;16;2203;002;782+0+496+496+0+0+0+8+496;291+205
6;16;2203;003;832+1+509+509+0+0+0+9+509;314+195
6;16;2203;004;785+0+452+452+1+0+1+13+451;266+185
6;16;2203;005;771+0+452+452+0+0+0+23+452;256+196
6;16;2203;006;752+0+501+501+2+0+2+0+499;169+330
6;16;2203;007;801+1+513+513+0+0+0+5+513;166+347
6;16;2203;008;690+0+402+402+0+0+0+7+402;213+189
6;16;2203;009;727+0+428+428+0+1+1+20+427;230+197
6;16;2203;010;773+1+453+453+0+0+0+0+453;330+123
6;16;2203;011;654+0+376+376+0+0+0+0+376;227+149
6;16;2203;012;737+3+482+482+0+0+0+15+482;295+187
6;16;2203;013;651+0+404+404+0+0+0+0+404;280+124
6;16;2203;014;157+1+29+29+0+0+0+0+29;25+4
6;16;2203;015;662+8+368+368+0+0+0+0+368;245+123
6;16;2203;016;666+0+425+425+0+0+0+0+425;280+145
6;16;2203;017;662+0+403+403+0+0+0+9+403;201+202
6;16;2203;018;733+0+480+480+1+0+1+20+479;294+185
6;16;2203;019;669+0+393+393+0+0+0+0+393;259+134
6;16;2203;020;479+0+418+418+0+0+0+0+418;240+178
6;16;2203;021;811+0+452+452+0+0+0+9+452;250+202
6;16;2203;022;794+0+454+454+0+0+0+0+454;229+225
6;16;2203;023;792+0+481+481+0+0+0+0+481;241+240
6;16;2203;024;700+0+406+406+0+1+1+0+405;229+176
6;16;2203;025;660+0+368+368+0+0+0+0+368;184+184
6;16;2203;026;723+4+426+426+0+0+0+15+426;251+175
6;16;2203;027;664+0+366+366+2+2+4+9+362;219+143
6;16;2203;028;694+0+377+377+0+0+0+0+377;197+180
6;16;2203;029;850+0+436+436+0+1+1+0+435;280+155
6;16;2203;030;772+0+421+421+1+0+1+0+420;252+168
6;16;2203;031;722+0+402+402+1+0+1+0+401;269+132
6;16;2203;032;755+8+482+482+0+0+0+0+482;253+229
6;16;2203;033;635+0+380+380+0+0+0+0+380;209+171
6;16;2203;034;712+0+448+448+0+0+0+0+448;290+158
6;16;2203;035;733+1+436+436+0+0+0+0+436;271+165
6;16;2203;036;792+0+474+474+0+2+2+4+472;280+192
6;16;2203;037;662+0+372+372+0+0+0+0+372;223+149
6;16;2203;038;754+0+475+475+0+0+0+0+475;294+181
6;16;2203;039;674+0+406+406+0+0+0+7+406;139+267
6;16;2203;040;745+1+467+467+0+0+0+0+467;158+309
6;16;2203;041;704+1+434+434+2+0+2+0+432;297+135
6;16;2203;042;765+1+436+436+0+0+0+0+436;263+173
6;16;2203;043;788+0+502+502+2+0+2+0+500;338+162
6;16;2203;044;880+1+532+532+1+0+1+0+531;341+190
6;16;2203;045;861+0+494+494+1+0+1+0+493;313+180
6;16;2203;046;575+2+335+335+0+0+0+0+335;217+118
6;16;2203;047;86+0+58+58+0+0+0+2+58;28+30
6;16;2203;048;150+0+79+79+0+1+1+3+78;40+38
6;16;2203;049;89+0+24+24+0+0+0+0+24;18+6
6;16;2204;001;504+0+305+305+0+0+0+7+305;197+108
6;16;2204;002;485+5+309+309+1+0+1+8+308;170+138
6;16;2204;003;668+0+378+378+0+0+0+16+378;216+162
6;16;2204;004;738+0+456+456+0+0+0+3+456;278+178
6;16;2204;005;817+0+488+488+2+1+3+19+485;313+172
6;16;2204;006;588+0+268+268+0+0+0+13+268;162+106
6;16;2204;007;410+5+225+225+0+0+0+8+225;150+75
6;16;2204;008;601+0+340+340+0+0+0+16+340;210+130
6;16;2204;009;833+0+481+481+0+0+0+20+481;291+190
6;16;2204;010;754+1+467+467+2+0+2+20+465;272+193
6;16;2204;011;910+0+572+572+1+0+1+0+571;342+229
6;16;2204;012;522+2+310+310+0+0+0+6+310;154+156
6;16;2204;013;833+1+456+456+2+0+2+12+454;267+187
6;16;2204;014;806+0+442+442+0+1+1+15+441;340+101
6;16;2204;015;712+0+424+424+0+0+0+10+424;315+109
6;16;2204;016;828+0+413+413+2+2+4+0+409;380+29
6;16;2204;017;760+0+476+476+2+1+3+21+473;309+164
6;16;2204;018;535+0+322+322+0+0+0+16+322;186+136
6;16;2204;019;921+0+537+537+0+2+2+26+535;355+180
6;16;2204;020;502+0+299+299+0+1+1+19+298;195+103
6;16;2204;021;550+0+323+323+3+1+4+0+319;205+114
6;16;2204;022;403+4+249+249+0+0+0+0+249;175+74
6;16;2204;023;854+0+548+548+0+1+1+0+547;330+217
6;16;2204;024;546+1+362+362+1+0+1+8+361;146+215
6;16;2204;025;564+0+333+333+1+0+1+0+332;220+112
6;16;2204;026;602+0+329+329+0+0+0+9+329;218+111
6;16;2204;027;611+0+333+333+0+0+0+7+333;231+102
6;16;2204;028;594+2+367+367+0+0+0+9+367;195+172
6;16;2204;029;677+0+417+417+1+0+1+12+416;203+213
6;16;2204;030;402+0+269+269+0+2+2+11+267;134+133
6;16;2204;031;569+0+363+363+1+0+1+0+362;179+183
6;16;2204;032;592+0+372+372+0+0+0+0+372;242+130
6;16;2204;033;344+0+144+144+0+1+1+5+143;75+68
6;16;2204;034;798+0+496+496+1+0+1+16+495;251+244
6;16;2204;035;811+0+455+455+0+0+0+0+455;293+162
6;16;2204;036;571+0+348+348+0+0+0+28+348;199+149
6;16;2204;037;712+0+463+463+2+0+2+0+461;357+104
6;16;2204;038;898+1+536+536+3+0+3+28+533;322+211
6;16;2204;039;574+0+337+337+1+0+1+0+336;201+135
6;16;2204;040;689+2+415+415+1+0+1+0+414;302+112
6;16;2204;041;805+0+516+516+1+0+1+19+515;339+176
6;16;2204;042;334+0+226+226+0+0+0+0+226;127+99
6;16;2204;043;597+1+379+379+0+0+0+25+379;227+152
6;16;2204;044;910+1+487+487+2+0+2+0+485;335+150
6;16;2204;045;797+0+376+376+1+1+2+15+374;332+42
6;16;2204;046;773+0+440+440+0+0+0+0+440;308+132
6;16;2204;047;708+1+400+400+1+1+2+0+398;228+170
6;16;2204;048;506+0+300+300+0+0+0+7+300;191+109
6;16;2204;049;461+0+253+253+0+0+0+0+253;156+97
6;16;2204;050;489+0+253+253+0+0+0+18+253;131+122
6;16;2204;051;697+0+401+401+0+0+0+10+401;266+135
6;16;2204;052;816+9+539+539+0+0+0+0+539;305+234
6;16;2204;053;741+0+504+504+0+2+2+29+502;269+233
6;16;2204;054;411+0+246+246+1+0+1+0+245;139+106
6;16;2204;055;515+1+290+290+1+0+1+0+289;185+104
6;16;2204;056;485+0+283+283+0+0+0+8+283;120+163
6;16;2204;057;553+0+317+317+0+0+0+18+317;192+125
6;16;2204;058;787+0+524+524+0+0+0+0+524;295+229
6;16;2204;059;513+3+307+307+0+0+0+10+307;165+142
6;16;2204;060;521+0+356+356+0+0+0+0+356;187+169
6;16;2204;061;1069+0+688+688+0+0+0+16+688;392+296
6;16;2204;062;815+0+474+474+1+0+1+0+473;251+222
6;16;2204;063;552+0+339+339+0+0+0+16+339;217+122
6;16;2204;064;893+1+454+454+0+0+0+18+454;272+182
6;16;2204;065;649+0+365+365+2+1+3+0+362;208+154
6;16;2204;066;182+0+123+123+0+0+0+8+123;69+54
6;16;2205;001;511+2+302+302+0+0+0+19+302;172+130
6;16;2205;002;824+0+527+527+1+0+1+0+526;292+234
6;16;2205;003;722+0+447+447+0+0+0+24+447;270+177
6;16;2205;004;584+0+388+388+0+0+0+0+388;233+155
6;16;2205;005;766+0+449+449+1+0+1+15+448;295+153
6;16;2205;006;786+0+488+488+1+0+1+0+487;322+165
6;16;2205;007;377+0+232+232+0+0+0+0+232;163+69
6;16;2205;008;753+1+484+484+0+0+0+0+484;337+147
6;16;2205;009;642+2+402+402+2+0+2+0+400;288+112
6;16;2205;010;729+0+442+442+0+0+0+11+442;329+113
6;16;2205;011;752+0+428+428+0+0+0+8+428;277+151
6;16;2205;012;636+3+409+409+0+0+0+16+409;268+141
6;16;2205;013;449+0+280+280+1+0+1+0+279;195+84
6;16;2205;014;483+2+299+299+0+0+0+13+299;178+121
6;16;2205;015;467+0+290+290+0+0+0+10+290;177+113
6;16;2205;016;610+0+349+349+1+1+2+14+347;230+117
6;16;2205;017;820+1+479+479+0+0+0+0+479;259+220
6;16;2205;018;563+0+329+329+0+1+1+6+328;219+109
6;16;2205;019;513+0+288+288+0+0+0+16+288;189+99
6;16;2205;020;751+0+461+461+1+0+1+0+460;274+186
6;16;2205;021;867+0+491+491+0+0+0+0+491;285+206
6;16;2205;022;564+0+321+321+0+0+0+0+321;178+143
6;16;2205;023;559+0+336+336+0+0+0+15+336;197+139
6;16;2205;024;566+0+335+335+1+0+1+19+334;191+143
6;16;2205;025;636+3+358+358+0+0+0+13+358;240+118
6;16;2205;026;667+0+368+368+0+0+0+0+368;199+169
6;16;2205;027;677+0+385+385+0+0+0+0+385;239+146
6;16;2205;028;531+3+246+246+0+0+0+7+246;145+101
6;16;2205;029;551+0+323+323+0+0+0+0+323;178+145
6;16;2205;030;601+2+301+301+0+0+0+7+301;197+104
6;16;2205;031;713+0+344+344+0+0+0+0+344;170+174
6;16;2205;032;747+0+402+402+0+0+0+15+402;264+138
6;16;2205;033;774+0+443+443+1+0+1+0+442;273+169
6;16;2205;034;696+0+396+396+0+0+0+20+396;246+150
6;16;2205;035;593+0+322+322+1+0+1+14+321;198+123
6;16;2205;036;785+0+439+439+0+1+1+5+438;295+143
6;16;2205;037;638+0+411+411+0+0+0+0+411;200+211
6;16;2205;038;693+0+404+404+0+0+0+0+404;255+149
6;16;2205;039;551+0+326+326+0+0+0+0+326;189+137
6;16;2205;040;770+0+461+461+0+0+0+22+461;298+163
6;16;2205;041;616+0+386+386+0+0+0+10+386;221+165
6;16;2205;042;789+0+445+445+0+1+1+0+444;276+168
6;16;2205;043;789+0+476+476+1+0+1+0+475;289+186
6;16;2205;044;754+0+459+459+0+0+0+0+459;304+155
6;16;2205;045;634+0+400+400+1+0+1+7+399;251+148
6;16;2205;046;514+1+298+298+0+0+0+11+298;172+126
6;16;2205;047;760+0+414+414+0+0+0+0+414;238+176
6;16;2205;048;752+1+493+493+1+0+1+14+492;291+201
6;16;2205;049;813+0+515+515+0+0+0+14+515;334+181
6;16;2205;050;840+0+488+488+0+0+0+19+488;306+182
6;16;2205;051;667+0+409+409+0+0+0+0+409;232+177
6;16;2205;052;582+0+367+367+0+0+0+0+367;242+125
6;16;2205;053;500+4+275+275+0+0+0+6+275;143+132
6;16;2205;054;507+0+283+283+0+0+0+0+283;128+155
6;16;2205;055;721+0+383+383+0+0+0+19+383;214+169
6;16;2205;056;530+0+323+323+0+0+0+14+323;187+136
6;16;2205;057;622+0+377+377+2+0+2+0+375;211+164
6;16;2205;058;859+0+502+502+0+0+0+0+502;305+197
6;16;2205;059;776+0+486+486+0+0+0+16+486;323+163
6;16;2205;060;636+0+412+412+0+1+1+0+411;231+180
6;16;2205;061;656+0+410+410+0+0+0+30+410;239+171
6;16;2205;062;728+2+466+466+0+0+0+9+466;293+173
6;16;2205;063;825+0+502+502+0+0+0+16+502;311+191
6;16;2205;064;773+0+466+466+0+0+0+0+466;306+160
6;16;2205;065;678+0+411+411+2+1+3+16+408;246+162
6;16;2205;066;710+1+418+418+1+0+1+7+417;238+179
6;16;2205;067;456+0+244+244+0+0+0+0+244;141+103
6;16;2205;068;543+0+318+318+0+0+0+11+318;186+132
6;16;2205;069;778+3+501+501+1+0+1+36+500;279+221
6;16;2205;070;635+0+375+375+2+0+2+0+373;226+147
6;16;2205;071;717+0+467+467+0+0+0+0+467;267+200
6;16;2205;072;831+2+497+497+1+1+2+9+495;252+243
6;16;2205;073;748+1+432+432+0+0+0+2+432;265+167
6;16;2205;074;720+0+410+410+0+0+0+0+410;220+190
6;16;2205;075;869+0+469+469+0+0+0+17+469;292+177
6;16;2205;076;630+1+345+345+0+0+0+0+345;220+125
6;16;2205;077;611+0+349+349+0+0+0+0+349;151+198
6;16;2205;078;704+0+419+419+2+0+2+0+417;237+180
6;16;2205;079;805+0+439+439+0+0+0+20+439;287+152
6;16;2205;080;761+0+421+421+1+0+1+0+420;285+135
6;16;2205;081;827+0+421+421+0+1+1+0+420;262+158
6;16;2205;082;838+0+439+439+1+0+1+6+438;278+160
6;16;2205;083;715+0+407+407+0+0+0+0+407;230+177
6;16;2205;084;503+0+277+277+0+0+0+0+277;169+108
6;16;2205;085;941+0+525+525+0+1+1+0+524;324+200
6;16;2205;086;615+0+289+289+0+0+0+0+289;225+64
6;16;2205;087;556+0+270+270+0+0+0+0+270;167+103
6;16;2205;088;563+2+340+340+0+0+0+0+340;196+144
6;16;2205;089;621+0+384+384+1+0+1+16+383;261+122
6;16;2205;090;881+0+507+507+0+0+0+0+507;336+171
6;16;2205;091;702+0+382+382+0+1+1+0+381;282+99
6;16;2205;092;485+2+261+261+0+0+0+0+261;182+79
6;16;2205;093;553+0+321+321+0+0+0+0+321;194+127
6;16;2205;094;660+0+391+391+0+0+0+22+391;253+138
6;16;2205;095;696+0+383+383+1+0+1+5+382;246+136
6;16;2205;096;77+49+73+73+0+0+0+0+73;31+42
6;16;2205;099;35+0+28+28+0+0+0+2+28;11+17
6;16;2205;100;205+0+195+195+1+0+1+4+194;135+59
6;16;2206;001;700+0+347+347+0+0+0+3+347;232+115
6;16;2206;002;689+0+373+373+0+0+0+0+373;213+160
6;16;2206;003;549+0+309+309+0+0+0+0+309;121+188
6;16;2206;004;765+0+410+410+3+1+4+0+406;226+180
6;16;2206;005;649+0+358+358+1+0+1+0+357;156+201
6;16;2206;006;676+0+343+343+2+0+2+0+341;215+126
6;16;2206;007;666+0+346+346+0+0+0+9+346;209+137
6;16;2206;008;763+0+434+434+0+1+1+7+433;253+180
6;16;2206;009;745+0+415+415+1+0+1+16+414;255+159
6;16;2206;010;644+0+338+338+1+0+1+7+337;211+126
6;16;2206;011;697+0+397+397+0+0+0+15+397;149+248
6;16;2206;012;665+0+349+349+0+0+0+10+349;218+131
6;16;2206;013;713+0+397+397+0+0+0+9+397;236+161
6;16;2206;014;688+0+377+377+1+0+1+7+376;231+145
6;16;2206;015;701+0+368+368+0+0+0+0+368;228+140
6;16;2206;016;645+0+325+325+0+0+0+0+325;227+98
6;16;2206;017;572+0+306+306+0+0+0+0+306;190+116
6;16;2206;018;643+4+298+298+0+0+0+0+298;177+121
6;16;2206;019;552+0+304+304+0+0+0+0+304;194+110
6;16;2206;020;637+0+325+325+1+0+1+5+324;176+148
6;16;2206;021;758+0+420+420+2+1+3+0+417;270+147
6;16;2206;022;774+1+419+419+3+0+3+0+416;240+176
6;16;2206;023;655+0+330+330+1+0+1+0+329;202+127
6;16;2206;024;680+0+365+365+1+0+1+6+364;215+149
6;16;2206;025;695+0+406+406+0+0+0+9+406;256+150
6;16;2206;026;525+1+287+287+1+0+1+6+286;165+121
6;16;2206;027;511+0+265+265+0+0+0+15+265;150+115
6;16;2206;028;655+0+385+385+1+0+1+3+384;248+136
6;16;2206;029;730+0+388+388+0+0+0+13+388;193+195
6;16;2206;030;622+0+270+270+0+1+1+0+269;159+110
6;16;2206;031;622+0+322+322+0+0+0+0+322;222+100
6;16;2206;032;701+0+348+348+0+0+0+0+348;212+136
6;16;2206;033;673+0+380+380+0+0+0+0+380;228+152
6;16;2206;034;803+0+396+396+1+0+1+0+395;244+151
6;16;2206;035;752+0+423+423+0+1+1+0+422;256+166
6;16;2206;036;755+0+388+388+0+0+0+0+388;245+143
6;16;2206;037;684+0+387+387+0+2+2+0+385;266+119
6;16;2206;038;749+0+373+373+0+0+0+11+373;243+130
6;16;2206;039;509+0+261+261+0+0+0+3+261;152+109
6;16;2206;040;517+0+243+243+0+0+0+0+243;156+87
6;16;2206;041;710+0+387+387+0+1+1+16+386;236+150
6;16;2206;042;325+0+283+283+0+0+0+0+283;158+125
6;16;2206;043;490+0+311+311+0+0+0+0+311;168+143
6;16;2206;044;491+0+267+267+0+0+0+0+267;160+107
6;16;2206;045;528+0+313+313+4+0+4+0+309;225+84
6;16;2206;046;510+0+311+311+0+0+0+10+311;195+116
6;16;2206;047;703+0+426+426+0+0+0+9+426;230+196
6;16;2206;048;775+0+471+471+0+0+0+7+471;272+199
6;16;2206;049;609+0+364+364+0+0+0+0+364;138+226
6;16;2206;050;682+0+357+357+0+0+0+0+357;193+164
6;16;2206;051;619+1+347+347+0+0+0+0+347;145+202
6;16;2206;052;670+0+409+409+1+0+1+0+408;247+161
6;16;2206;053;625+0+277+277+0+0+0+5+277;185+92
6;16;2206;054;721+4+317+317+0+0+0+0+317;193+124
6;16;2206;055;687+0+404+404+0+0+0+0+404;193+211
6;16;2206;056;785+0+419+419+0+0+0+0+419;300+119
6;16;2206;057;822+4+461+461+0+0+0+0+461;297+164
6;16;2206;058;789+0+408+408+0+0+0+6+408;247+161
6;16;2206;059;771+0+448+448+2+0+2+0+446;258+188
6;16;2206;060;719+0+365+365+0+0+0+0+365;227+138
6;16;2206;061;853+2+434+434+0+0+0+0+434;275+159
6;16;2206;062;677+0+378+378+0+0+0+7+378;252+126
6;16;2206;063;881+0+506+506+0+1+1+0+505;290+215
6;16;2206;064;674+0+391+391+0+0+0+0+391;241+150
6;16;2206;065;668+0+371+371+0+0+0+0+371;235+136
6;16;2206;066;744+0+459+459+0+1+1+10+458;306+152
6;16;2206;067;547+0+330+330+0+0+0+0+330;202+128
6;16;2206;068;845+0+445+445+1+1+2+0+443;318+125
6;16;2206;069;781+2+374+374+1+0+1+5+373;229+144
6;16;2206;070;712+0+304+304+0+0+0+0+304;204+100
6;16;2206;071;791+3+435+435+0+0+0+0+435;239+196
6;16;2206;072;172+1+14+14+0+0+0+0+14;8+6
6;16;2206;073;234+0+85+85+1+0+1+0+84;41+43
[END]

[AGGR]
16;6;   ;2+469+469+301530+407+176209+176209+202+105+307+3095+175902;110111+65791
[END]
