[INFO]
17;Пловдив-ок░║г;301
[END]

[IZB]
17;6;   ;;18.11.2001;2;2;498
[END]

[NM]
1701;001;г░. А▒еновг░ад;00702;00
1701;002;▒. Ба╖ково;02974;00
1701;003;▒. Бо┐н╢и;06029;00
1701;004;▒. Бо░;07870;00
1701;005;▒. В░а▓а;12992;00
1701;006;▒. Го░ни Воден;;00
1701;007;▒. Го░но▒лав;16955;00
1701;008;▒. Доб░о▒▓ан;21676;00
1701;009;кв. Долни Воден;;00
1701;010;▒. Долно▒лав;22839;00
1701;011;▒. Ж║л▓ кам║к;29581;00
1701;012;▒. Зла▓ов░║╡;31108;00
1701;013;▒. Избеглии;32341;00
1701;014;▒. Изво░ово;32932;00
1701;015;▒. Козаново;37633;00
1701;016;▒. Кон│╕;38385;00
1701;017;▒. Ко▒ово;38799;00
1701;018;▒. Леново;43298;00
1701;019;▒. Л┐▒ково;44834;00
1701;020;▒. Мо▒▓ово;49151;00
1701;021;▒. М│лдава;49309;00
1701;022;кв. На░е╖ен;51127;00
1701;023;▒. На░е╖ен▒ки бани;51127;00
1701;024;▒. Новаково;51830;00
1701;025;▒. Нови изво░;32398;00
1701;026;▒. О░е╕е╢;53761;00
1701;027;▒. Па▓░иа░╡ Ев▓имово;55590;00
1701;028;▒. С▓оево;69273;00
1701;030;▒. Сини в░║╡;70737;00
1701;031;▒. Тополово;72789;00
1701;032;▒. Т░и могили;73147;00
1701;033;▒. Уз│ново;75254;00
1701;034;▒. Че░вен;80437;00
1707;001;▒. Бабек;02035;00
1707;002;▒. Бо░е╢;05356;00
1707;003;г░. Б░езово;06361;00
1707;004;▒. В║░бен;12680;00
1707;005;▒. Д░ангово;23580;00
1707;006;▒. Зелениково;30750;00
1707;007;▒. Зла▓о▒ел;31160;00
1707;008;▒. О▓е╢ Ки░илово;54451;00
1707;009;▒. П║да░▒ко;58983;00
1707;010;▒. Розове╢;62966;00
1707;011;▒. Свежен;65526;00
1707;012;▒. С▓░ел╢и;69818;00
1707;013;▒. С║░него░;70593;00
1707;014;▒. Т╛░кмен;73794;00
1707;015;▒. Че╡ла░е;81308;00
1707;016;▒. Чоба;81975;00
1712;001;▒. Бегово;03085;00
1712;002;▒. Глава▓а░;14996;00
1712;003;▒. Го░на ма╡ала;16328;00
1712;004;▒. Долна ма╡ала;22191;00
1712;005;▒. Д│ванлий;24000;00
1712;006;▒. Д║лго поле;24582;00
1712;007;▒. Жи▓ни╢а;29475;00
1712;008;▒. Иван Вазово;32038;00
1712;009;▒. Кало┐ново;35523;00
1712;010;▒. О▓е╢ Паи▒иево;54465;00
1712;011;▒. Пе▒нопой;55926;00
1712;012;▒. Р║жево;63553;00
1712;013;▒. Р║жево Кона░е;63567;00
1712;014;▒. С│╡озем;70353;00
1712;016;▒. Че░ноземен;81133;00
1713;001;кв. Анево;68080;00
1713;002;▒. Бан┐;02720;00
1713;003;▒. Бег│н╢и;03109;00
1713;004;▒. Богдан;04563;00
1713;005;▒. Ва▒ил Лев▒ки;10207;00
1713;006;▒. Вед░а░е;10291;00
1713;007;▒. Войн┐гово;12005;00
1713;008;▒. Го░ни Домл┐н;16513;00
1713;009;▒. Домл┐н;22931;00
1713;010;▒. Д║бене;24241;00
1713;011;▒. Иганово;32226;00
1713;012;г░. Кало┤е░;35496;00
1713;013;▒. Ка░авелово;36186;00
1713;014;г░. Ка░лово;36498;00
1713;015;▒. Климен▓;37229;00
1713;016;г░. Кли▒│░а;37277;00
1713;018;▒. К│░▓ово;40703;00
1713;019;▒. К║░на░е;40939;00
1713;020;▒. Ма░ино поле;47250;00
1713;021;▒. Мо▒кове╢;49117;00
1713;022;▒. М░а╖еник;49240;00
1713;023;▒. Пев╢и▓е;55676;00
1713;024;▒. П░олом;58616;00
1713;025;▒. Розино;62949;00
1713;026;▒. Сла▓ина;67235;00
1713;027;▒. Соколи╢а;67903;00
1713;028;г░. Сопо▓;68080;00
1713;029;▒. С▓оле▓ово;69420;00
1713;030;▒. Х░и▒▓о Даново;77462;00
1715;002;▒. Бели╢а;03530;00
1715;003;▒. Бо░ово;05623;00
1715;004;▒. Дж│░ково;20883;00
1715;005;▒. Д░┐ново;23950;00
1715;006;▒. Зд░аве╢;31423;00
1715;008;▒. Л║кави╢а;44447;00
1715;009;г░. Л║ки;44478;00
1715;010;▒. Мана▒▓и░;46989;00
1715;011;▒. Югово;86012;00
1717;001;▒. Бенков▒ки;03839;00
1717;002;▒. Войводиново;11845;00
1717;003;▒. Вой▒ил;12019;00
1717;004;▒. Г░а┤ Игна▓иево;17806;00
1717;005;▒. Динк;21169;00
1717;006;▒. Жел┐зно;29235;00
1717;007;▒. Калекове╢;35300;00
1717;008;▒. Ко▒▓иево;38950;00
1717;009;▒. К░и▒лово;39918;00
1717;010;▒. Маноле;47086;00
1717;011;▒. Манол▒ко Кона░е;47113;00
1717;012;▒. Радиново;61412;00
1717;013;▒. Рого╕;62858;00
1717;014;▒. Ск│▓а░е;66915;00
1717;015;▒. С▓░оево;69874;00
1717;016;▒. Т░или▒▓ник;73122;00
1717;017;▒. Т░│д;73242;00
1717;018;▒. Ца░а╢ово;78080;00
1717;019;▒. Я▒но поле;87669;00
1723;001;▒. Б░┐гово;06745;00
1723;002;▒. Б│ково;56335;00
1723;003;▒. Б┐ла ░ека;07675;00
1723;004;▒. Вини╢а;11123;00
1723;005;▒. Воден;11627;00
1723;006;▒. Г░адина;17484;00
1723;007;▒. Доб░и дол;21440;00
1723;008;▒. Д░агойново;23385;00
1723;009;▒. Д║лбок изво░;24493;00
1723;011;▒. Езе░ово;27139;00
1723;012;▒. И▒к░а;32826;00
1723;013;▒. Ка░аджалово;36230;00
1723;014;▒. К░│╕ево;40155;00
1723;017;▒. По░ойна;57806;00
1723;018;▒. П░аво▒лавен;58089;00
1723;019;г░. П║░вомай;59080;00
1723;020;▒. Та▓а░ево;72093;00
1725;001;▒. Белозем;03620;00
1725;002;▒. Бол┐░ино;05270;00
1725;003;▒. Момино ▒ело;48948;00
1725;004;г░. Раков▒ки;62075;00
1725;005;▒. С▓░┐ма;70010;00
1725;006;▒. Чал║кови;80162;00
1725;007;▒. Ши╕ман╢и;83380;00
1726;001;▒. Бела╣и╢а;03304;00
1726;002;▒. Бойково;05150;00
1726;003;▒. Б░аниполе;06077;00
1726;004;▒. Б░е▒▓ник;06447;00
1726;005;▒. Б░е▒▓ови╢а;06505;00
1726;010;▒. Зла▓и▓░ап;31036;00
1726;012;▒. Изво░;32408;00
1726;014;▒. Кадиево;35095;00
1726;015;▒. К░│мово;40004;00
1726;018;▒. Лилково;43671;00
1726;021;▒. Ма░ково;47295;00
1726;023;▒. О░иза░е;53833;00
1726;024;▒. П║░вене╢;59032;00
1726;026;▒. Си▓ово;66651;00
1726;028;▒. Скобелево;66809;00
1726;029;▒. У▒▓ина;75188;00
1726;030;▒. Х░аб░ино;77373;00
1726;031;▒. Цалапи╢а;78029;00
1726;036;▒. Ягодово;87240;00
1728;001;▒. А╡ма▓ово;00847;00
1728;002;▒. Богдани╢а;04594;00
1728;003;▒. Бол┐░╢и;05339;00
1728;004;▒. Ка░аджово;36244;00
1728;005;▒. Ка▓│ни╢а;36676;00
1728;006;▒. Ко╖ово;39102;00
1728;007;▒. Милево;48152;00
1728;008;▒. Момин▒ко;48965;00
1728;009;▒. Попови╢а;57621;00
1728;010;г░. Садово;65139;00
1728;011;▒. Сел╢и;66127;00
1728;012;▒. Че╕неги░ово;81342;00
1733;001;▒. Гол┐м ╖а░дак;15970;00
1733;002;▒. Д░агоми░;23426;00
1733;003;▒. Л╛бен;44481;00
1733;004;▒. Мал║к ╖а░дак;46944;00
1733;005;▒. Найден Ге░ово;51069;00
1733;006;▒. Неделево;51305;00
1733;007;▒. П░ави╣е;58058;00
1733;008;г░. С║единение;70528;00
1733;010;▒. Ца░ими░;78171;00
1733;011;▒. Це░е▓елево;78392;00
1737;001;▒. Белови╢а;03589;00
1737;002;▒. К░а▒ново;39579;00
1737;003;▒. К░║▒▓еви╖;40333;00
1737;004;▒. Мало К░│╕ево;46752;00
1737;005;▒. Ми╡ил╢и;48564;00
1737;006;▒. М║▓ени╢а;49624;00
1737;007;▒. Ново Железа░е;52088;00
1737;008;▒. Пани╖е░и;55378;00
1737;009;▒. С▓а░о Железа░е;68967;00
1737;010;▒. С▓а░о▒ел;69016;00
1737;011;г░. Хи▒а░┐;77270;00
1737;012;▒. Че░ни╖ево;81030;00
1739;001;г░. К░и╖им;39921;00
1740;001;г░. Пе░│╣и╢а;55909;00
1741;001;г░. С▓амболий▒ки;51980;00
1741;002;▒. Йоаким Г░│ево;34028;00
1741;003;▒. К│░▓ово Кона░е;40717;00
1741;004;▒. Ново ▒ело;52221;00
1741;005;▒. Т░иводи╢и;73081;00
1742;001;▒. К│клен;40467;00
1742;002;▒. Г║л║бово;18277;00
1742;003;▒. Доб░ал║к;21324;00
1742;004;▒. Р│ен;63238;00
1742;005;▒. Ца░ Кало┐н;78207;00
1742;006;▒. Яв░ово;87179;00
[END]

[SEC]
17;0100;001;6;001
17;0100;002;6;001
17;0100;003;6;001
17;0100;004;6;001
17;0100;005;6;001
17;0100;006;6;001
17;0100;007;6;001
17;0100;008;6;001
17;0100;009;6;001
17;0100;010;6;001
17;0100;011;6;001
17;0100;012;6;001
17;0100;013;6;001
17;0100;014;6;001
17;0100;015;6;001
17;0100;016;6;001
17;0100;017;6;001
17;0100;018;6;001
17;0100;019;6;001
17;0100;020;6;001
17;0100;021;6;001
17;0100;022;6;001
17;0100;023;6;001
17;0100;024;6;001
17;0100;025;6;001
17;0100;026;6;001
17;0100;027;6;001
17;0100;028;6;001
17;0100;029;6;001
17;0100;030;6;001
17;0100;031;6;001
17;0100;032;6;001
17;0100;033;6;001
17;0100;034;6;001
17;0100;035;6;001
17;0100;036;6;001
17;0100;037;6;001
17;0100;038;6;001
17;0100;039;6;001
17;0100;040;6;001
17;0100;041;6;001
17;0100;042;6;001
17;0100;043;6;001
17;0100;044;6;001
17;0100;045;6;001
17;0100;046;6;001
17;0100;047;6;001
17;0100;048;6;001
17;0100;049;6;001
17;0100;050;6;001
17;0100;051;6;001
17;0100;052;6;001
17;0100;053;6;001
17;0100;054;6;001
17;0100;055;6;001
17;0100;056;6;001
17;0100;057;6;001
17;0100;058;6;001
17;0100;059;6;001
17;0100;061;6;006
17;0100;062;6;009
17;0100;063;6;001
17;0100;064;6;001
17;0100;065;6;001
17;0100;066;6;001
17;0100;067;6;002
17;0100;068;6;003
17;0100;069;6;004+014
17;0100;070;6;005
17;0100;071;6;007
17;0100;072;6;010
17;0100;073;6;008
17;0100;074;6;012
17;0100;075;6;013
17;0100;076;6;015
17;0100;077;6;016
17;0100;078;6;019
17;0100;079;6;021
17;0100;080;6;020
17;0100;081;6;024
17;0100;082;6;025
17;0100;083;6;023+017
17;0100;084;6;023
17;0100;085;6;023+022
17;0100;086;6;011
17;0100;087;6;026
17;0100;088;6;027
17;0100;089;6;028
17;0100;090;6;030
17;0100;091;6;031
17;0100;092;6;031
17;0100;093;6;031
17;0100;094;6;032
17;0100;095;6;033
17;0100;096;6;034
17;0100;097;6;001
17;0100;098;6;001
17;0100;099;6;018
17;0100;100;6;021
17;0100;101;6;001
17;0100;102;6;023
17;0700;001;6;003
17;0700;002;6;003
17;0700;003;6;003
17;0700;004;6;016
17;0700;005;6;016
17;0700;006;6;014
17;0700;007;6;006
17;0700;008;6;015
17;0700;009;6;010
17;0700;010;6;001
17;0700;011;6;011
17;0700;012;6;007
17;0700;013;6;005
17;0700;014;6;008
17;0700;015;6;002
17;0700;016;6;004
17;0700;017;6;012
17;0700;018;6;009
17;0700;019;6;013
17;1200;001;6;009
17;1200;002;6;009
17;1200;003;6;009
17;1200;004;6;005
17;1200;005;6;007
17;1200;006;6;007
17;1200;007;6;006
17;1200;008;6;006
17;1200;009;6;013
17;1200;010;6;013
17;1200;011;6;002
17;1200;012;6;012
17;1200;013;6;016
17;1200;014;6;001
17;1200;015;6;014
17;1200;016;6;010
17;1200;017;6;004
17;1200;018;6;003
17;1200;019;6;008
17;1200;020;6;011
17;1300;001;6;014
17;1300;002;6;014
17;1300;003;6;014
17;1300;004;6;014
17;1300;005;6;014
17;1300;006;6;014
17;1300;007;6;014
17;1300;008;6;014
17;1300;009;6;014
17;1300;010;6;014
17;1300;011;6;014
17;1300;012;6;014
17;1300;013;6;014
17;1300;014;6;014
17;1300;015;6;014
17;1300;016;6;014
17;1300;017;6;014
17;1300;018;6;014
17;1300;019;6;014
17;1300;020;6;014
17;1300;021;6;014
17;1300;022;6;014
17;1300;023;6;014
17;1300;024;6;014
17;1300;025;6;014
17;1300;026;6;014
17;1300;027;6;014
17;1300;028;6;014
17;1300;029;6;014
17;1300;030;6;014
17;1300;031;6;014
17;1300;032;6;027
17;1300;033;6;005
17;1300;034;6;005
17;1300;035;6;022
17;1300;036;6;018
17;1300;037;6;020
17;1300;038;6;012
17;1300;039;6;012
17;1300;040;6;012
17;1300;041;6;012
17;1300;042;6;012
17;1300;043;6;028
17;1300;045;6;028
17;1300;046;6;028
17;1300;047;6;028
17;1300;048;6;028
17;1300;049;6;028
17;1300;050;6;028
17;1300;051;6;028
17;1300;052;6;028
17;1300;053;6;028
17;1300;054;6;021
17;1300;055;6;023
17;1300;056;6;002
17;1300;057;6;002
17;1300;058;6;002
17;1300;059;6;002
17;1300;060;6;024
17;1300;061;6;004
17;1300;062;6;004
17;1300;063;6;007
17;1300;064;6;007
17;1300;065;6;010
17;1300;066;6;010
17;1300;067;6;010
17;1300;068;6;013
17;1300;069;6;013
17;1300;070;6;013
17;1300;071;6;015
17;1300;072;6;015
17;1300;073;6;019
17;1300;074;6;029
17;1300;075;6;030
17;1300;076;6;025
17;1300;077;6;025
17;1300;078;6;025
17;1300;079;6;025
17;1300;080;6;026
17;1300;081;6;026
17;1300;082;6;016
17;1300;083;6;016
17;1300;084;6;003
17;1300;085;6;006
17;1300;086;6;008
17;1300;087;6;011
17;1300;088;6;009
17;1300;089;6;001
17;1500;001;6;009
17;1500;002;6;009
17;1500;003;6;009
17;1500;004;6;011
17;1500;005;6;003
17;1500;006;6;002
17;1500;007;6;008
17;1500;008;6;010
17;1500;009;6;005
17;1500;010;6;004
17;1500;011;6;006
17;1700;001;6;018
17;1700;002;6;018
17;1700;003;6;001
17;1700;004;6;003
17;1700;005;6;012
17;1700;006;6;008
17;1700;007;6;008
17;1700;008;6;017
17;1700;009;6;017
17;1700;010;6;017
17;1700;011;6;017
17;1700;012;6;015
17;1700;013;6;015
17;1700;014;6;004
17;1700;015;6;004
17;1700;016;6;002
17;1700;017;6;002
17;1700;018;6;007
17;1700;019;6;007
17;1700;020;6;006
17;1700;021;6;009
17;1700;022;6;005
17;1700;023;6;014
17;1700;024;6;014
17;1700;025;6;013
17;1700;026;6;013
17;1700;027;6;013
17;1700;028;6;016
17;1700;029;6;010
17;1700;030;6;010
17;1700;031;6;010
17;1700;032;6;011
17;1700;033;6;019
17;2300;001;6;019
17;2300;002;6;019
17;2300;003;6;019
17;2300;004;6;019
17;2300;005;6;019
17;2300;006;6;019
17;2300;007;6;019
17;2300;008;6;019
17;2300;009;6;019
17;2300;010;6;019
17;2300;011;6;019
17;2300;012;6;019
17;2300;013;6;019
17;2300;014;6;019
17;2300;015;6;019
17;2300;016;6;019
17;2300;017;6;019
17;2300;018;6;019
17;2300;019;6;006
17;2300;020;6;006
17;2300;021;6;006
17;2300;022;6;014
17;2300;023;6;007
17;2300;024;6;013
17;2300;025;6;013
17;2300;026;6;003
17;2300;027;6;018
17;2300;028;6;011
17;2300;029;6;005
17;2300;030;6;008
17;2300;031;6;002
17;2300;032;6;001
17;2300;033;6;012
17;2300;034;6;012
17;2300;035;6;009
17;2300;036;6;009
17;2300;037;6;017
17;2300;038;6;020
17;2300;039;6;004
17;2500;001;6;004
17;2500;002;6;004
17;2500;003;6;004
17;2500;004;6;004
17;2500;005;6;004
17;2500;006;6;004
17;2500;007;6;004
17;2500;008;6;004
17;2500;009;6;004
17;2500;010;6;004
17;2500;011;6;004
17;2500;012;6;004
17;2500;013;6;004
17;2500;014;6;004
17;2500;016;6;005
17;2500;017;6;005
17;2500;018;6;005
17;2500;019;6;005
17;2500;020;6;003
17;2500;021;6;007
17;2500;022;6;001
17;2500;023;6;001
17;2500;024;6;001
17;2500;025;6;001
17;2500;026;6;001
17;2500;027;6;006
17;2500;028;6;006
17;2500;029;6;002
17;2500;030;6;004
17;2500;031;6;004
17;2500;032;6;004
17;2500;033;6;004
17;2600;001;6;001
17;2600;002;6;001
17;2600;003;6;002
17;2600;004;6;003
17;2600;005;6;003
17;2600;006;6;005
17;2600;007;6;005
17;2600;008;6;005
17;2600;009;6;005
17;2600;010;6;005
17;2600;011;6;004
17;2600;012;6;004
17;2600;015;6;010
17;2600;016;6;012
17;2600;017;6;014
17;2600;018;6;015
17;2600;019;6;015
17;2600;020;6;015
17;2600;021;6;015
17;2600;028;6;018
17;2600;029;6;021
17;2600;030;6;021
17;2600;031;6;023
17;2600;032;6;024
17;2600;033;6;024
17;2600;034;6;024
17;2600;036;6;026
17;2600;037;6;028
17;2600;038;6;029
17;2600;039;6;029
17;2600;040;6;029
17;2600;041;6;030
17;2600;043;6;031
17;2600;044;6;031
17;2600;045;6;031
17;2600;046;6;031
17;2600;047;6;031
17;2600;048;6;031
17;2600;049;6;031
17;2600;051;6;036
17;2600;052;6;036
17;2600;053;6;036
17;2800;001;6;010
17;2800;002;6;010
17;2800;003;6;012
17;2800;004;6;012
17;2800;005;6;007
17;2800;006;6;009
17;2800;007;6;009
17;2800;008;6;001
17;2800;009;6;011
17;2800;010;6;002
17;2800;011;6;003
17;2800;012;6;003
17;2800;013;6;003
17;2800;014;6;008
17;2800;015;6;006
17;2800;016;6;004
17;2800;017;6;005
17;2800;018;6;005
17;2800;019;6;005
17;3300;001;6;008
17;3300;002;6;008
17;3300;003;6;008
17;3300;004;6;008
17;3300;005;6;008
17;3300;006;6;008
17;3300;007;6;008
17;3300;008;6;008
17;3300;009;6;008
17;3300;010;6;007
17;3300;011;6;001
17;3300;012;6;001
17;3300;013;6;004
17;3300;014;6;002
17;3300;015;6;005
17;3300;016;6;010
17;3300;017;6;010
17;3300;018;6;011
17;3300;019;6;003
17;3300;020;6;006
17;3700;001;6;011
17;3700;002;6;011
17;3700;003;6;011
17;3700;004;6;011
17;3700;005;6;011
17;3700;006;6;011
17;3700;007;6;011
17;3700;008;6;011
17;3700;009;6;005
17;3700;010;6;012
17;3700;011;6;009
17;3700;012;6;007
17;3700;013;6;008
17;3700;014;6;008
17;3700;015;6;006
17;3700;016;6;010
17;3700;017;6;010
17;3700;018;6;011
17;3700;019;6;002
17;3700;020;6;002
17;3700;021;6;003
17;3700;022;6;001
17;3700;023;6;004
17;3700;024;6;011
17;3900;001;6;001
17;3900;002;6;001
17;3900;003;6;001
17;3900;004;6;001
17;3900;005;6;001
17;3900;006;6;001
17;3900;007;6;001
17;3900;008;6;001
17;3900;009;6;001
17;3900;010;6;001
17;4000;001;6;001
17;4000;002;6;001
17;4000;003;6;001
17;4000;004;6;001
17;4000;005;6;001
17;4000;006;6;001
17;4100;001;6;001
17;4100;002;6;001
17;4100;003;6;001
17;4100;004;6;001
17;4100;005;6;001
17;4100;006;6;001
17;4100;007;6;001
17;4100;008;6;001
17;4100;009;6;001
17;4100;010;6;001
17;4100;011;6;001
17;4100;012;6;001
17;4100;013;6;001
17;4100;014;6;001
17;4100;015;6;002
17;4100;016;6;002
17;4100;017;6;002
17;4100;018;6;003
17;4100;019;6;003
17;4100;020;6;003
17;4100;021;6;004
17;4100;022;6;004
17;4100;023;6;005
17;4200;001;6;001
17;4200;002;6;001
17;4200;003;6;001
17;4200;004;6;001
17;4200;005;6;001
17;4200;006;6;001
17;4200;007;6;002
17;4200;008;6;003
17;4200;009;6;004
17;4200;010;6;005
17;4200;011;6;006
[END]

[MAJ]
17;6;   ;02;;;Пе▓║░ С▓е┤анов С▓о┐нов и Нели Пе▓░ова К│╢кова;, ;ПСС+НПК;90614;0;1
17;6;   ;05;;;Гео░ги Седе┤╖ов П║░ванов и Ангел Иванов Ма░ин;, ;ГСП+АИМ;97122;1;2
[END]

[PROP]
[END]

[LISTI]
[END]

[PROT]
6;17;0100;001;908+4+440+440+1+0+1+0+439;226+213
6;17;0100;002;781+0+431+431+0+0+0+0+431;253+178
6;17;0100;003;857+0+402+402+0+0+0+17+402;221+181
6;17;0100;004;760+0+370+370+1+0+1+0+369;243+126
6;17;0100;005;816+5+421+421+0+0+0+0+421;291+130
6;17;0100;006;575+1+332+332+0+0+0+8+332;167+165
6;17;0100;007;756+1+494+494+1+0+1+0+493;303+190
6;17;0100;008;902+0+510+510+1+0+1+0+509;255+254
6;17;0100;009;777+0+476+476+1+0+1+0+475;258+217
6;17;0100;010;592+0+383+383+0+0+0+0+383;209+174
6;17;0100;011;791+0+504+504+0+3+3+0+501;279+222
6;17;0100;012;754+3+497+497+1+0+1+21+496;309+187
6;17;0100;013;440+1+258+258+0+0+0+6+258;158+100
6;17;0100;014;604+1+439+439+0+0+0+0+439;255+184
6;17;0100;015;679+0+445+445+0+0+0+20+445;237+208
6;17;0100;016;756+0+478+478+1+0+1+0+477;253+224
6;17;0100;017;518+0+350+350+3+0+3+0+347;222+125
6;17;0100;018;563+0+336+336+0+0+0+17+336;204+132
6;17;0100;019;544+0+329+329+2+0+2+0+327;154+173
6;17;0100;020;709+2+469+469+0+0+0+0+469;294+175
6;17;0100;021;932+1+609+609+7+0+7+0+602;390+212
6;17;0100;022;882+0+556+556+0+1+1+31+555;267+288
6;17;0100;023;656+0+414+414+2+0+2+0+412;236+176
6;17;0100;024;797+0+528+528+0+1+1+17+527;348+179
6;17;0100;025;392+0+260+260+0+0+0+5+260;176+84
6;17;0100;026;671+0+430+430+0+0+0+0+430;233+197
6;17;0100;027;570+0+343+343+0+0+0+0+343;187+156
6;17;0100;028;418+0+264+264+0+0+0+0+264;144+120
6;17;0100;029;672+0+369+369+0+1+1+16+368;192+176
6;17;0100;030;464+0+285+285+0+0+0+9+285;133+152
6;17;0100;031;677+0+367+367+0+1+1+4+366;201+165
6;17;0100;032;582+1+343+343+0+0+0+0+343;183+160
6;17;0100;033;591+1+349+349+0+0+0+5+349;176+173
6;17;0100;034;802+0+350+350+0+0+0+0+350;203+147
6;17;0100;035;678+0+392+392+0+0+0+13+392;204+188
6;17;0100;036;543+1+312+312+0+0+0+8+312;179+133
6;17;0100;037;664+0+405+405+0+0+0+0+405;248+157
6;17;0100;038;839+0+474+474+0+0+0+0+474;285+189
6;17;0100;039;751+0+474+474+1+0+1+10+473;250+223
6;17;0100;040;604+0+317+317+0+0+0+17+317;180+137
6;17;0100;041;523+0+360+360+0+0+0+0+360;196+164
6;17;0100;042;636+0+335+335+0+0+0+0+335;205+130
6;17;0100;043;698+0+415+415+0+0+0+0+415;215+200
6;17;0100;044;709+0+426+426+0+0+0+0+426;247+179
6;17;0100;045;511+0+293+293+0+0+0+10+293;132+161
6;17;0100;046;868+0+527+527+0+0+0+31+527;286+241
6;17;0100;047;810+0+435+435+0+0+0+0+435;250+185
6;17;0100;048;611+0+305+305+0+0+0+0+305;167+138
6;17;0100;049;703+0+413+413+0+0+0+18+413;242+171
6;17;0100;050;677+0+347+347+0+0+0+0+347;190+157
6;17;0100;051;712+0+252+252+0+0+0+7+252;146+106
6;17;0100;052;708+0+344+344+0+0+0+0+344;198+146
6;17;0100;053;660+3+381+381+1+3+4+5+377;193+184
6;17;0100;054;713+0+287+287+0+4+4+13+283;197+86
6;17;0100;055;391+0+152+152+0+1+1+4+151;82+69
6;17;0100;056;763+0+303+303+0+0+0+0+303;213+90
6;17;0100;057;657+1+290+290+0+1+1+0+289;213+76
6;17;0100;058;911+0+528+528+0+6+6+0+522;403+119
6;17;0100;059;887+0+528+528+1+1+2+0+526;401+125
6;17;0100;061;982+5+558+558+0+0+0+0+558;282+276
6;17;0100;062;813+1+402+402+1+0+1+10+401;219+182
6;17;0100;063;831+2+478+478+0+0+0+0+478;232+246
6;17;0100;064;752+1+299+299+0+0+0+0+299;167+132
6;17;0100;065;976+0+344+344+0+0+0+0+344;189+155
6;17;0100;066;970+0+397+397+1+0+1+0+396;237+159
6;17;0100;067;391+2+283+283+0+0+0+6+283;158+125
6;17;0100;068;981+12+600+600+0+0+0+34+600;171+429
6;17;0100;069;70+2+30+30+0+0+0+0+30;10+20
6;17;0100;070;51+3+38+38+0+0+0+0+38;11+27
6;17;0100;071;95+5+74+74+0+0+0+0+74;37+37
6;17;0100;072;314+4+233+233+0+0+0+0+233;72+161
6;17;0100;073;89+5+79+79+0+0+0+0+79;30+49
6;17;0100;074;575+2+342+342+0+0+0+19+342;110+232
6;17;0100;075;641+0+397+397+0+0+0+12+397;125+272
6;17;0100;076;570+2+374+374+0+0+0+20+374;109+265
6;17;0100;077;722+3+461+461+0+1+1+36+460;135+325
6;17;0100;078;45+6+45+45+2+0+2+2+43;22+21
6;17;0100;079;608+0+286+286+0+1+1+0+285;142+143
6;17;0100;080;131+1+101+101+0+0+0+0+101;38+63
6;17;0100;081;556+4+349+349+1+0+1+34+348;97+251
6;17;0100;082;327+7+177+177+0+0+0+0+177;85+92
6;17;0100;083;311+5+183+183+0+0+0+0+183;78+105
6;17;0100;084;454+5+291+291+0+0+0+0+291;126+165
6;17;0100;085;194+2+128+128+1+0+1+6+127;69+58
6;17;0100;086;121+2+56+56+0+0+0+0+56;23+33
6;17;0100;087;92+4+75+75+0+0+0+0+75;8+67
6;17;0100;088;529+3+406+406+0+1+1+0+405;82+323
6;17;0100;089;533+3+284+284+0+2+2+7+282;86+196
6;17;0100;090;30+1+15+15+0+0+0+0+15;4+11
6;17;0100;091;674+12+407+407+0+0+0+0+407;142+265
6;17;0100;092;969+4+513+513+1+0+1+0+512;203+309
6;17;0100;093;777+4+412+412+0+0+0+0+412;137+275
6;17;0100;094;84+1+69+69+0+0+0+0+69;30+39
6;17;0100;095;26+3+22+22+0+0+0+0+22;9+13
6;17;0100;096;633+3+412+412+1+0+1+0+411;130+281
6;17;0100;097;50+1+40+40+0+0+0+1+40;34+6
6;17;0100;098;637+1+277+277+0+0+0+0+277;119+158
6;17;0100;099;501+4+350+350+0+0+0+0+350;124+226
6;17;0100;100;508+3+180+180+2+1+3+8+177;94+83
6;17;0100;101;40+1+38+38+0+0+0+4+38;17+21
6;17;0100;102;124+2+122+122+0+0+0+0+122;48+74
6;17;0700;001;577+0+469+469+0+0+0+27+469;130+339
6;17;0700;002;480+3+361+361+0+0+0+20+361;143+218
6;17;0700;003;655+0+471+471+0+0+0+44+471;98+373
6;17;0700;004;447+0+310+310+0+0+0+26+310;109+201
6;17;0700;005;469+3+315+315+0+0+0+22+315;102+213
6;17;0700;006;413+3+357+357+0+3+3+40+354;98+256
6;17;0700;007;536+1+385+385+1+0+1+35+384;96+288
6;17;0700;008;91+7+87+87+0+0+0+5+87;7+80
6;17;0700;009;309+6+235+235+0+0+0+0+235;50+185
6;17;0700;010;106+2+95+95+0+0+0+9+95;24+71
6;17;0700;011;200+19+143+143+3+1+4+0+139;39+100
6;17;0700;012;185+0+136+136+0+0+0+10+136;37+99
6;17;0700;013;339+2+257+257+0+0+0+0+257;58+199
6;17;0700;014;291+0+206+206+0+0+0+11+206;73+133
6;17;0700;015;655+9+505+505+1+0+1+47+504;186+318
6;17;0700;016;213+2+152+152+0+0+0+8+152;69+83
6;17;0700;017;569+3+453+453+0+0+0+43+453;155+298
6;17;0700;018;571+8+425+425+0+1+1+25+424;91+333
6;17;0700;019;129+9+115+115+0+0+0+6+115;59+56
6;17;1200;001;795+0+625+625+2+2+4+41+621;470+151
6;17;1200;002;746+4+602+602+2+0+2+32+600;336+264
6;17;1200;003;710+1+528+528+0+2+2+38+526;308+218
6;17;1200;004;499+3+370+370+0+0+0+0+370;277+93
6;17;1200;005;746+0+546+546+0+0+0+0+546;415+131
6;17;1200;006;702+2+478+478+0+0+0+40+478;352+126
6;17;1200;007;963+0+491+491+0+0+0+44+491;274+217
6;17;1200;008;768+0+494+494+0+0+0+34+494;303+191
6;17;1200;009;782+1+487+487+0+0+0+44+487;189+298
6;17;1200;010;787+1+526+526+2+0+2+41+524;225+299
6;17;1200;011;228+1+194+194+0+0+0+0+194;63+131
6;17;1200;012;243+3+211+211+1+0+1+4+210;86+124
6;17;1200;013;402+1+301+301+0+0+0+23+301;159+142
6;17;1200;014;663+1+419+419+0+0+0+25+419;114+305
6;17;1200;015;156+6+162+162+0+0+0+0+162;69+93
6;17;1200;016;218+14+176+176+0+0+0+0+176;61+115
6;17;1200;017;380+2+251+251+0+0+0+12+251;87+164
6;17;1200;018;286+2+190+190+1+0+1+13+189;56+133
6;17;1200;019;362+3+284+284+0+0+0+11+284;121+163
6;17;1200;020;692+2+470+470+1+1+2+33+468;162+306
6;17;1300;001;936+9+492+492+0+0+0+27+492;140+352
6;17;1300;002;853+0+501+501+0+0+0+0+501;276+225
6;17;1300;003;959+7+469+469+0+0+0+0+469;267+202
6;17;1300;004;565+193+351+351+0+0+0+0+351;184+167
6;17;1300;005;670+0+333+333+3+0+3+0+330;210+120
6;17;1300;006;603+0+353+353+0+1+1+30+352;182+170
6;17;1300;007;528+0+328+328+0+0+0+0+328;171+157
6;17;1300;008;808+0+472+472+1+0+1+0+471;260+211
6;17;1300;009;996+21+504+504+0+1+1+0+503;262+241
6;17;1300;010;934+0+414+414+1+1+2+0+412;131+281
6;17;1300;011;996+6+537+537+0+0+0+18+537;297+240
6;17;1300;012;1002+1+602+602+2+3+5+35+597;304+293
6;17;1300;013;977+7+595+595+1+0+1+15+594;305+289
6;17;1300;014;709+2+365+365+0+0+0+14+365;175+190
6;17;1300;015;617+0+372+372+1+2+3+6+369;176+193
6;17;1300;016;644+0+364+364+0+1+1+0+363;171+192
6;17;1300;017;639+0+393+393+0+0+0+41+393;209+184
6;17;1300;018;836+0+488+488+0+0+0+0+488;241+247
6;17;1300;019;739+0+406+406+0+0+0+30+406;206+200
6;17;1300;020;804+0+441+441+1+0+1+6+440;199+241
6;17;1300;021;563+0+363+363+1+1+2+0+361;180+181
6;17;1300;022;558+0+337+337+2+1+3+21+334;206+128
6;17;1300;023;595+1+335+335+2+0+2+15+333;166+167
6;17;1300;024;893+5+625+625+2+0+2+42+623;238+385
6;17;1300;025;712+0+345+345+0+0+0+18+345;188+157
6;17;1300;026;635+0+350+350+0+0+0+0+350;179+171
6;17;1300;027;1022+0+533+533+0+1+1+29+532;207+325
6;17;1300;028;1021+0+534+534+0+0+0+23+534;301+233
6;17;1300;029;686+2+371+371+1+0+1+0+370;194+176
6;17;1300;030;638+0+373+373+0+0+0+27+373;183+190
6;17;1300;031;39+0+35+35+0+0+0+0+35;13+22
6;17;1300;032;596+0+379+379+1+1+2+22+377;98+279
6;17;1300;033;758+2+432+432+1+0+1+0+431;184+247
6;17;1300;034;774+0+433+433+1+0+1+0+432;168+264
6;17;1300;035;161+6+121+121+0+0+0+8+121;35+86
6;17;1300;036;356+0+200+200+0+1+1+9+199;96+103
6;17;1300;037;52+2+38+38+0+0+0+0+38;17+21
6;17;1300;038;536+0+262+262+1+1+2+0+260;93+167
6;17;1300;039;804+4+391+391+0+0+0+33+391;147+244
6;17;1300;040;621+1+304+304+1+0+1+0+303;88+215
6;17;1300;041;533+0+324+324+1+0+1+0+323;122+201
6;17;1300;042;628+0+315+315+0+0+0+15+315;110+205
6;17;1300;043;736+0+457+457+0+1+1+0+456;192+264
6;17;1300;045;906+0+544+544+1+0+1+33+543;253+290
6;17;1300;046;822+11+490+490+0+1+1+12+489;247+242
6;17;1300;047;903+0+475+475+1+0+1+23+474;228+246
6;17;1300;048;867+2+508+508+0+0+0+0+508;217+291
6;17;1300;049;583+0+355+355+1+0+1+0+354;188+166
6;17;1300;050;902+0+475+475+0+0+0+15+475;248+227
6;17;1300;051;940+2+526+526+0+0+0+7+526;205+321
6;17;1300;052;942+0+441+441+0+0+0+26+441;226+215
6;17;1300;053;991+0+570+570+0+0+0+0+570;256+314
6;17;1300;054;249+1+183+183+0+0+0+0+183;70+113
6;17;1300;055;271+3+202+202+0+0+0+0+202;52+150
6;17;1300;056;744+0+452+452+1+0+1+28+451;247+204
6;17;1300;057;828+6+473+473+0+0+0+37+473;257+216
6;17;1300;058;854+3+444+444+0+0+0+31+444;209+235
6;17;1300;059;795+0+376+376+0+0+0+12+376;176+200
6;17;1300;060;420+11+289+289+1+1+2+0+287;122+165
6;17;1300;061;578+0+360+360+0+0+0+18+360;150+210
6;17;1300;062;471+5+270+270+0+0+0+13+270;88+182
6;17;1300;063;676+0+383+383+0+0+0+0+383;109+274
6;17;1300;064;596+1+333+333+1+0+1+0+332;131+201
6;17;1300;065;454+0+279+279+1+1+2+0+277;178+99
6;17;1300;066;697+11+394+394+2+0+2+0+392;248+144
6;17;1300;067;448+3+258+258+0+0+0+0+258;77+181
6;17;1300;068;582+1+349+349+0+0+0+0+349;184+165
6;17;1300;069;514+1+311+311+0+0+0+0+311;163+148
6;17;1300;070;564+0+368+368+1+0+1+0+367;176+191
6;17;1300;071;619+1+485+485+2+0+2+0+483;223+260
6;17;1300;072;647+0+462+462+0+0+0+0+462;213+249
6;17;1300;073;721+2+406+406+1+0+1+34+405;169+236
6;17;1300;074;701+0+462+462+1+0+1+14+461;121+340
6;17;1300;075;991+20+541+541+1+0+1+0+540;218+322
6;17;1300;076;683+0+362+362+1+0+1+29+361;167+194
6;17;1300;077;782+0+379+379+1+0+1+15+378;183+195
6;17;1300;078;723+0+332+332+1+3+4+30+328;178+150
6;17;1300;079;725+0+340+340+0+1+1+43+339;155+184
6;17;1300;080;438+2+311+311+0+0+0+0+311;136+175
6;17;1300;081;505+3+317+317+0+0+0+0+317;141+176
6;17;1300;082;653+0+364+364+1+0+1+26+363;78+285
6;17;1300;083;637+0+321+321+0+0+0+5+321;77+244
6;17;1300;084;590+0+322+322+0+1+1+26+321;111+210
6;17;1300;085;986+4+523+523+0+0+0+19+523;149+374
6;17;1300;086;499+0+285+285+2+0+2+14+283;65+218
6;17;1300;087;428+5+269+269+0+0+0+25+269;84+185
6;17;1300;088;428+0+262+262+0+0+0+0+262;88+174
6;17;1300;089;886+6+504+504+0+2+2+32+502;228+274
6;17;1500;001;782+3+345+345+0+0+0+10+345;142+203
6;17;1500;002;569+2+210+210+1+0+1+5+209;83+126
6;17;1500;003;767+0+284+284+0+0+0+11+284;121+163
6;17;1500;004;103+6+62+62+0+0+0+0+62;19+43
6;17;1500;005;97+4+76+76+0+0+0+1+76;10+66
6;17;1500;006;242+4+182+182+0+1+1+10+181;64+117
6;17;1500;007;50+5+40+40+0+1+1+0+39;15+24
6;17;1500;008;156+8+127+127+0+0+0+2+127;65+62
6;17;1500;009;228+3+128+128+0+0+0+9+128;56+72
6;17;1500;010;114+4+61+61+0+0+0+0+61;14+47
6;17;1500;011;80+6+41+41+0+0+0+3+41;18+23
6;17;1700;001;879+0+560+560+0+0+0+0+560;316+244
6;17;1700;002;972+0+633+633+0+0+0+37+633;323+310
6;17;1700;003;1056+1+581+581+0+1+1+38+580;319+261
6;17;1700;004;826+2+498+498+0+1+1+31+497;259+238
6;17;1700;005;592+1+479+479+0+1+1+23+478;160+318
6;17;1700;006;534+1+397+397+2+0+2+29+395;207+188
6;17;1700;007;754+0+490+490+0+0+0+51+490;185+305
6;17;1700;008;768+0+497+497+0+0+0+0+497;317+180
6;17;1700;009;878+2+554+554+2+0+2+0+552;311+241
6;17;1700;010;759+1+496+496+0+0+0+0+496;319+177
6;17;1700;011;811+0+434+434+0+1+1+27+433;172+261
6;17;1700;012;630+1+403+403+0+0+0+20+403;215+188
6;17;1700;013;845+2+566+566+2+1+3+45+563;244+319
6;17;1700;014;712+1+460+460+0+1+1+25+459;237+222
6;17;1700;015;1008+1+506+506+0+1+1+26+505;280+225
6;17;1700;016;850+1+481+481+1+0+1+24+480;274+206
6;17;1700;017;712+0+423+423+0+0+0+32+423;222+201
6;17;1700;018;985+0+699+699+4+0+4+36+695;281+414
6;17;1700;019;884+0+632+632+2+2+4+45+628;353+275
6;17;1700;020;312+3+242+242+0+1+1+7+241;97+144
6;17;1700;021;483+2+318+318+0+0+0+0+318;113+205
6;17;1700;022;508+10+346+346+0+0+0+0+346;66+280
6;17;1700;023;754+1+481+481+0+0+0+30+481;265+216
6;17;1700;024;908+0+621+621+2+0+2+0+619;272+347
6;17;1700;025;616+1+459+459+0+0+0+0+459;246+213
6;17;1700;026;859+3+557+557+2+0+2+32+555;281+274
6;17;1700;027;853+0+475+475+1+0+1+26+474;175+299
6;17;1700;028;671+1+408+408+1+0+1+23+407;195+212
6;17;1700;029;834+0+430+430+0+0+0+0+430;136+294
6;17;1700;030;971+2+583+583+0+0+0+0+583;256+327
6;17;1700;031;613+0+403+403+0+0+0+31+403;177+226
6;17;1700;032;638+3+447+447+0+1+1+41+446;221+225
6;17;1700;033;642+0+419+419+0+1+1+35+418;138+280
6;17;2300;001;720+0+430+430+1+0+1+28+429;197+232
6;17;2300;002;555+0+365+365+0+0+0+0+365;160+205
6;17;2300;003;710+1+450+450+3+0+3+23+447;223+224
6;17;2300;004;825+0+540+540+0+0+0+0+540;245+295
6;17;2300;005;902+0+608+608+0+0+0+40+608;272+336
6;17;2300;006;922+0+444+444+0+1+1+21+443;165+278
6;17;2300;007;795+0+492+492+1+0+1+0+491;230+261
6;17;2300;008;882+2+559+559+0+2+2+39+557;259+298
6;17;2300;009;654+0+435+435+0+0+0+17+435;229+206
6;17;2300;010;562+0+359+359+1+1+2+15+357;166+191
6;17;2300;011;779+0+469+469+0+0+0+24+469;223+246
6;17;2300;012;750+3+512+512+0+0+0+11+512;233+279
6;17;2300;013;667+2+425+425+2+0+2+0+423;192+231
6;17;2300;014;786+12+293+293+0+0+0+0+293;111+182
6;17;2300;015;547+1+281+281+0+1+1+0+280;126+154
6;17;2300;016;872+0+557+557+0+0+0+32+557;275+282
6;17;2300;017;852+2+486+486+0+0+0+23+486;184+302
6;17;2300;018;957+0+582+582+1+1+2+0+580;239+341
6;17;2300;019;822+5+501+501+1+1+2+19+499;220+279
6;17;2300;020;750+0+477+477+0+0+0+0+477;225+252
6;17;2300;021;755+1+496+496+0+0+0+36+496;242+254
6;17;2300;022;827+9+574+574+1+0+1+37+573;258+315
6;17;2300;023;133+2+112+112+0+0+0+6+112;35+77
6;17;2300;024;534+4+292+292+0+1+1+0+291;118+173
6;17;2300;025;599+0+346+346+0+0+0+0+346;130+216
6;17;2300;026;824+9+564+564+0+0+0+27+564;201+363
6;17;2300;027;354+5+233+233+1+0+1+0+232;99+133
6;17;2300;028;675+3+418+418+0+5+5+0+413;208+205
6;17;2300;029;524+0+281+281+1+0+1+0+280;176+104
6;17;2300;030;545+5+443+443+0+0+0+35+443;104+339
6;17;2300;031;403+5+263+263+1+0+1+9+262;158+104
6;17;2300;032;679+0+457+457+0+0+0+0+457;176+281
6;17;2300;033;754+0+499+499+1+0+1+0+498;163+335
6;17;2300;034;831+0+484+484+0+0+0+0+484;162+322
6;17;2300;035;668+2+448+448+0+0+0+0+448;190+258
6;17;2300;036;761+0+567+567+0+0+0+0+567;226+341
6;17;2300;037;111+3+85+85+0+0+0+0+85;18+67
6;17;2300;038;681+1+523+523+1+0+1+39+522;232+290
6;17;2300;039;924+1+415+415+0+2+2+15+413;81+332
6;17;2500;001;832+0+363+363+0+0+0+0+363;241+122
6;17;2500;002;822+0+337+337+0+0+0+0+337;203+134
6;17;2500;003;659+0+237+237+3+0+3+0+234;119+115
6;17;2500;004;504+0+203+203+0+0+0+0+203;112+91
6;17;2500;005;860+0+325+325+0+0+0+0+325;208+117
6;17;2500;006;789+0+334+334+0+0+0+0+334;182+152
6;17;2500;007;868+0+397+397+0+0+0+0+397;239+158
6;17;2500;008;480+0+232+232+0+0+0+0+232;127+105
6;17;2500;009;644+0+305+305+0+0+0+18+305;162+143
6;17;2500;010;824+0+353+353+0+0+0+21+353;198+155
6;17;2500;011;700+0+330+330+0+0+0+0+330;191+139
6;17;2500;012;830+0+402+402+0+0+0+0+402;266+136
6;17;2500;013;839+0+370+370+0+0+0+16+370;193+177
6;17;2500;014;916+0+451+451+0+0+0+0+451;199+252
6;17;2500;016;758+1+478+478+0+0+0+3+478;180+298
6;17;2500;017;485+0+303+303+0+0+0+0+303;86+217
6;17;2500;018;670+5+420+420+0+0+0+16+420;230+190
6;17;2500;019;729+1+415+415+1+0+1+0+414;153+261
6;17;2500;020;646+3+488+488+0+1+1+10+487;135+352
6;17;2500;021;805+0+567+567+1+1+2+28+565;180+385
6;17;2500;022;389+0+237+237+0+1+1+7+236;97+139
6;17;2500;023;808+0+375+375+0+0+0+21+375;199+176
6;17;2500;024;819+0+507+507+0+1+1+43+506;161+345
6;17;2500;025;769+0+423+423+0+0+0+16+423;221+202
6;17;2500;026;679+0+410+410+1+1+2+37+408;231+177
6;17;2500;027;849+0+563+563+2+0+2+48+561;239+322
6;17;2500;028;710+0+446+446+2+0+2+15+444;36+408
6;17;2500;029;335+0+247+247+1+0+1+16+246;135+111
6;17;2500;030;464+0+216+216+0+0+0+0+216;130+86
6;17;2500;031;861+0+352+352+0+0+0+0+352;213+139
6;17;2500;032;778+0+391+391+0+0+0+0+391;231+160
6;17;2500;033;750+0+354+354+0+0+0+0+354;217+137
6;17;2600;001;806+2+539+539+1+0+1+24+538;335+203
6;17;2600;002;541+0+323+323+0+0+0+0+323;211+112
6;17;2600;003;114+6+88+88+1+0+1+0+87;69+18
6;17;2600;004;1295+0+621+621+0+0+0+0+621;364+257
6;17;2600;005;927+1+569+569+0+0+0+0+569;295+274
6;17;2600;006;641+0+369+369+1+0+1+0+368;201+167
6;17;2600;007;642+0+403+403+0+0+0+0+403;231+172
6;17;2600;008;710+1+467+467+1+0+1+0+466;297+169
6;17;2600;009;585+0+389+389+0+0+0+0+389;280+109
6;17;2600;010;593+0+355+355+0+0+0+0+355;148+207
6;17;2600;011;770+1+563+563+0+0+0+0+563;362+201
6;17;2600;012;806+0+594+594+0+0+0+0+594;340+254
6;17;2600;015;1096+1+689+689+1+0+1+34+688;400+288
6;17;2600;016;81+6+72+72+0+1+1+1+71;29+42
6;17;2600;017;945+0+611+611+2+1+3+0+608;372+236
6;17;2600;018;740+0+412+412+0+0+0+0+412;239+173
6;17;2600;019;820+0+468+468+1+1+2+0+466;266+200
6;17;2600;020;787+0+515+515+0+1+1+0+514;259+255
6;17;2600;021;809+0+389+389+1+0+1+0+388;238+150
6;17;2600;028;37+0+24+24+0+0+0+0+24;8+16
6;17;2600;029;1016+1+613+613+0+1+1+35+612;377+235
6;17;2600;030;716+0+412+412+1+1+2+31+410;270+140
6;17;2600;031;263+0+175+175+0+0+0+12+175;78+97
6;17;2600;032;1029+0+616+616+0+0+0+0+616;407+209
6;17;2600;033;1107+0+554+554+0+1+1+29+553;351+202
6;17;2600;034;919+0+514+514+0+2+2+8+512;345+167
6;17;2600;036;56+3+42+42+0+0+0+0+42;18+24
6;17;2600;037;151+0+122+122+0+0+0+0+122;52+70
6;17;2600;038;570+7+307+307+0+2+2+0+305;152+153
6;17;2600;039;608+0+256+256+0+1+1+0+255;130+125
6;17;2600;040;712+0+384+384+0+0+0+0+384;167+217
6;17;2600;041;532+6+375+375+4+0+4+18+371;208+163
6;17;2600;043;501+0+339+339+0+0+0+0+339;130+209
6;17;2600;044;518+0+339+339+0+0+0+0+339;163+176
6;17;2600;045;497+0+333+333+0+0+0+0+333;180+153
6;17;2600;046;637+3+311+311+0+0+0+0+311;137+174
6;17;2600;047;588+0+360+360+1+0+1+0+359;205+154
6;17;2600;048;698+11+416+416+0+0+0+0+416;197+219
6;17;2600;049;580+0+403+403+1+0+1+0+402;200+202
6;17;2600;051;959+0+534+534+0+0+0+21+534;296+238
6;17;2600;052;789+40+491+491+0+1+1+0+490;310+180
6;17;2600;053;969+0+433+433+2+0+2+0+431;178+253
6;17;2800;001;1052+0+605+605+0+3+3+50+602;210+392
6;17;2800;002;941+0+563+563+0+1+1+30+562;232+330
6;17;2800;003;936+0+597+597+2+0+2+48+595;294+301
6;17;2800;004;1138+3+547+547+0+0+0+29+547;290+257
6;17;2800;005;813+3+590+590+1+1+2+36+588;274+314
6;17;2800;006;699+2+432+432+0+1+1+0+431;210+221
6;17;2800;007;631+0+363+363+0+1+1+30+362;137+225
6;17;2800;008;254+2+162+162+0+1+1+4+161;68+93
6;17;2800;009;431+2+337+337+0+0+0+22+337;78+259
6;17;2800;010;491+0+291+291+0+1+1+7+290;105+185
6;17;2800;011;696+3+442+442+1+0+1+0+441;101+340
6;17;2800;012;765+2+524+524+2+0+2+0+522;146+376
6;17;2800;013;650+0+424+424+0+0+0+0+424;33+391
6;17;2800;014;375+0+199+199+0+1+1+0+198;98+100
6;17;2800;015;454+2+300+300+1+2+3+18+297;125+172
6;17;2800;016;782+0+469+469+0+0+0+21+469;133+336
6;17;2800;017;706+0+404+404+0+1+1+32+403;193+210
6;17;2800;018;554+1+347+347+1+0+1+0+346;232+114
6;17;2800;019;803+2+461+461+0+0+0+31+461;264+197
6;17;3300;001;733+2+457+457+0+0+0+32+457;269+188
6;17;3300;002;663+0+406+406+2+0+2+20+404;202+202
6;17;3300;003;599+0+385+385+1+1+2+23+383;212+171
6;17;3300;004;500+0+360+360+2+0+2+0+358;196+162
6;17;3300;005;540+1+383+383+0+1+1+0+382;211+171
6;17;3300;006;689+0+521+521+0+1+1+0+520;341+179
6;17;3300;007;807+0+492+492+0+0+0+0+492;158+334
6;17;3300;008;519+1+351+351+0+0+0+0+351;203+148
6;17;3300;009;156+0+113+113+0+0+0+0+113;33+80
6;17;3300;010;435+6+287+287+0+0+0+0+287;140+147
6;17;3300;011;242+1+242+242+0+0+0+15+242;104+138
6;17;3300;012;388+1+318+318+0+2+2+0+316;157+159
6;17;3300;013;449+4+311+311+0+1+1+43+310;147+163
6;17;3300;014;449+2+328+328+0+0+0+0+328;80+248
6;17;3300;015;439+0+292+292+1+0+1+21+291;113+178
6;17;3300;016;437+0+297+297+0+0+0+0+297;160+137
6;17;3300;017;627+0+385+385+0+0+0+0+385;238+147
6;17;3300;018;386+5+266+266+0+1+1+26+265;70+195
6;17;3300;019;299+3+218+218+0+0+0+0+218;79+139
6;17;3300;020;371+1+277+277+0+0+0+0+277;127+150
6;17;3700;001;752+1+480+480+0+0+0+11+480;275+205
6;17;3700;002;1079+0+614+614+1+1+2+32+612;311+301
6;17;3700;003;1003+1+651+651+0+1+1+42+650;399+251
6;17;3700;004;527+0+527+527+1+1+2+34+525;300+225
6;17;3700;005;895+1+493+493+1+0+1+34+492;277+215
6;17;3700;006;556+1+317+317+1+3+4+16+313;186+127
6;17;3700;007;861+4+523+523+0+0+0+24+523;225+298
6;17;3700;008;580+3+284+284+0+0+0+13+284;192+92
6;17;3700;009;186+2+139+139+0+1+1+0+138;48+90
6;17;3700;010;376+1+237+237+0+1+1+15+236;64+172
6;17;3700;011;657+0+468+468+1+1+2+31+466;139+327
6;17;3700;012;349+4+276+276+0+0+0+24+276;101+175
6;17;3700;013;680+0+448+448+0+0+0+45+448;228+220
6;17;3700;014;407+1+300+300+0+0+0+0+300;115+185
6;17;3700;015;156+3+103+103+0+1+1+6+102;36+66
6;17;3700;016;767+1+513+513+1+0+1+46+512;130+382
6;17;3700;017;691+5+525+525+2+2+4+28+521;156+365
6;17;3700;018;980+0+604+604+2+1+3+50+601;344+257
6;17;3700;019;456+5+298+298+0+0+0+0+298;96+202
6;17;3700;020;427+2+255+255+1+0+1+20+254;73+181
6;17;3700;021;272+4+276+276+0+0+0+0+276;72+204
6;17;3700;022;414+4+288+288+0+0+0+13+288;77+211
6;17;3700;023;216+2+150+150+1+0+1+3+149;56+93
6;17;3700;024;171+2+158+158+0+1+1+6+157;28+129
6;17;3900;001;709+0+430+430+0+1+1+39+429;208+221
6;17;3900;002;821+0+481+481+0+0+0+35+481;150+331
6;17;3900;003;917+0+539+539+1+0+1+59+538;177+361
6;17;3900;004;612+0+306+306+0+0+0+39+306;240+66
6;17;3900;005;683+0+336+336+0+0+0+31+336;205+131
6;17;3900;006;706+0+442+442+1+0+1+28+441;204+237
6;17;3900;007;517+0+262+262+1+0+1+20+261;138+123
6;17;3900;008;579+0+330+330+2+0+2+0+328;171+157
6;17;3900;009;820+0+389+389+0+0+0+5+389;216+173
6;17;3900;010;549+0+280+280+0+0+0+25+280;152+128
6;17;4000;001;536+5+400+400+1+0+1+22+399;232+167
6;17;4000;002;788+0+538+538+0+0+0+0+538;264+274
6;17;4000;003;741+0+500+500+2+0+2+0+498;269+229
6;17;4000;004;667+0+497+497+0+2+2+0+495;289+206
6;17;4000;005;727+0+550+550+0+0+0+0+550;330+220
6;17;4000;006;906+0+625+625+0+0+0+0+625;409+216
6;17;4100;001;846+0+460+460+0+0+0+0+460;275+185
6;17;4100;002;986+2+567+567+0+1+1+0+566;249+317
6;17;4100;003;627+1+358+358+0+0+0+22+358;203+155
6;17;4100;004;841+0+485+485+0+2+2+9+483;279+204
6;17;4100;005;860+1+473+473+0+0+0+0+473;250+223
6;17;4100;006;859+1+472+472+1+0+1+0+471;252+219
6;17;4100;007;741+1+467+467+1+0+1+0+466;298+168
6;17;4100;008;880+0+552+552+1+2+3+0+549;332+217
6;17;4100;009;758+0+433+433+0+0+0+0+433;204+229
6;17;4100;010;529+1+294+294+1+0+1+0+293;147+146
6;17;4100;011;743+0+426+426+0+0+0+0+426;220+206
6;17;4100;012;674+0+403+403+2+0+2+0+401;218+183
6;17;4100;013;669+0+448+448+2+0+2+32+446;273+173
6;17;4100;014;832+1+460+460+0+0+0+0+460;258+202
6;17;4100;015;631+3+276+276+1+0+1+0+275;108+167
6;17;4100;016;982+0+450+450+0+0+0+0+450;238+212
6;17;4100;017;704+0+436+436+0+0+0+0+436;219+217
6;17;4100;018;801+0+424+424+1+2+3+0+421;183+238
6;17;4100;019;734+8+456+456+0+1+1+0+455;285+170
6;17;4100;020;789+5+482+482+0+1+1+0+481;275+206
6;17;4100;021;908+0+604+604+2+2+4+0+600;331+269
6;17;4100;022;973+0+628+628+1+1+2+33+626;120+506
6;17;4100;023;910+0+544+544+0+0+0+21+544;242+302
6;17;4200;001;947+0+495+495+1+1+2+0+493;317+176
6;17;4200;002;967+0+460+460+0+0+0+0+460;315+145
6;17;4200;003;1112+0+474+474+0+0+0+12+474;315+159
6;17;4200;004;885+0+433+433+0+0+0+32+433;283+150
6;17;4200;005;765+1+381+381+1+1+2+29+379;274+105
6;17;4200;006;535+0+300+300+0+1+1+11+299;158+141
6;17;4200;007;121+19+101+101+0+0+0+0+101;51+50
6;17;4200;008;121+0+91+91+0+0+0+0+91;41+50
6;17;4200;009;146+0+125+125+0+0+0+0+125;55+70
6;17;4200;010;74+1+64+64+0+0+0+0+64;47+17
6;17;4200;011;82+2+61+61+0+0+0+0+61;21+40
[END]

[AGGR]
17;6;   ;2+498+498+315420+1064+188107+188107+207+164+371+5699+187736;90614+97122
[END]
