[INFO]
18;Разг░ад;301
[END]

[IZB]
18;6;   ;;18.11.2001;2;2;200
[END]

[NM]
1811;001;▒. Б░е▒▓овене;06481;00
1811;002;▒. Ве▒еле╢;10714;00
1811;003;г░. Заве▓;30065;00
1811;004;▒. Иван Ши╕маново;32192;00
1811;005;▒. О▒▓░ово;54417;00
1811;006;▒. П░елез;58147;00
1811;007;▒. С│╕ево;70384;00
1814;001;▒. Белин╢и;03472;00
1814;002;▒. Б║░доква;07452;00
1814;003;▒. Вазово;10015;00
1814;004;▒. Гол┐м По░ове╢;15953;00
1814;005;▒. Дел╖ево;20609;00
1814;006;▒. Д░агом║ж;24921;00
1814;007;▒. Д│╡ове╢;24150;00
1814;008;г░. И▒пе░и╡;32874;00
1814;009;▒. Йонково;34103;00
1814;010;▒. Ки▓ан╖ево;37010;00
1814;011;▒. Конево;38296;00
1814;012;▒. К║пинов╢и;40899;00
1814;013;▒. Л│дого░╢и;24116;00
1814;014;▒. Л║вино;44358;00
1814;015;▒. Мал║к По░ове╢;46913;00
1814;016;▒. Пе╖ени╢а;56232;00
1814;017;▒. Подайва;56945;00
1814;018;▒. Райнино;61875;00
1814;019;▒. Све╣а░и;65650;00
1814;020;▒. С░едо▒ел╢и;68552;00
1814;021;▒. С▓а░о ▒ели╣е;69047;00
1814;022;▒. Тодо░ово;72578;00
1814;023;▒. Яким Г░│ево;87285;00
1816;001;▒. Белове╢;03575;00
1816;002;▒. Би▒е░╢и;04131;00
1816;003;▒. Бож│░ово;05058;00
1816;004;▒. Го░и╖ево;16105;00
1816;005;▒. Зад░│га;30212;00
1816;006;▒. Зв║на░╢и;30541;00
1816;007;г░. К│б░а▓;40422;00
1816;008;▒. Медовене;47617;00
1816;009;▒. М║д░ево;49518;00
1816;010;▒. Савин;65022;00
1816;011;▒. Сева░;65886;00
1816;012;▒. Се▒лав;66295;00
1816;013;▒. Те░▓е░;72337;00
1816;015;▒. То╖ила░и;72895;00
1816;016;▒. Че░е╕ово;80652;00
1816;017;▒. Юпе░;86091;00
1817;002;▒. Бели Лом;24092;00
1817;004;▒. Ве▒елина;10759;00
1817;005;▒. Го░о╢ве▓;17066;00
1817;007;▒. Г░адина;17498;00
1817;008;▒. Камена░;35715;00
1817;010;▒. К░о┐╖;39949;00
1817;012;▒. Лов▒ко;44937;00
1817;014;г░. Лозни╢а;44166;00
1817;015;▒. Мана▒▓и░▒ко;47038;00
1817;018;▒. Мана▒▓и░╢и;47041;00
1817;021;▒. О▒▓░ов╖е;54420;00
1817;022;▒. Сейдол;65992;00
1817;023;▒. Син┐ вода;66593;00
1817;025;▒. С▓│дене╢;70069;00
1817;026;▒. Т░апи╣е;73002;00
1817;027;▒. Т░║ба╖;73262;00
1817;028;▒. Ч│доми░;81619;00
1826;001;▒. Балкан▒ки;02467;00
1826;002;▒. Благоево;04296;00
1826;003;▒. Ге╢ово;18589;00
1826;004;▒. Д░┐нове╢;23902;00
1826;005;▒. Д┐нково;24829;00
1826;006;▒. Ки╖ени╢а;37109;00
1826;007;▒. Липник;43760;00
1826;008;▒. Мо░▓агоново;49093;00
1826;009;▒. Недоклан;51353;00
1826;010;▒. О▒ене╢;54105;00
1826;011;▒. Поби▓ кам║к;56890;00
1826;012;▒. По░ои╣е;59416;00
1826;013;▒. Радинг░ад;61385;00
1826;014;г░. Разг░ад;61710;00
1826;015;▒. Раков▒ки;62089;00
1826;016;▒. С▓░аже╢;70860;00
1826;017;▒. У╕ин╢и;75246;00
1826;018;▒. Че░ковна;80724;00
1826;019;▒. Я▒енове╢;87624;00
1829;001;▒. Богдан╢и;04666;00
1829;002;▒. Богомил╢и;04741;00
1829;003;▒. Владими░ов╢и;11449;00
1829;004;▒. Гол┐ма вода;15669;00
1829;005;▒. Гол┐м изво░;15761;00
1829;006;▒. Жел┐зкове╢;29218;00
1829;007;▒. Зд░аве╢;30630;00
1829;008;▒. Ка░а Ми╡ал;36333;00
1829;009;▒. К░иви╢а;39815;00
1829;010;▒. Ножа░ово;52341;00
1829;011;▒. П╖елина;58877;00
1829;012;▒. Сам│ил;65276;00
1829;013;▒. Х│ма;77517;00
1829;014;▒. Х║░▒ово;77579;00
1836;001;▒. Езе░╖е;27156;00
1836;002;▒. Ко▒▓андене╢;38830;00
1836;003;▒. Сваленик;65509;00
1836;004;г░. Ца░ Кало┐н;77308;00
1836;005;▒. Це░ове╢;78433;00
[END]

[SEC]
18;1100;001;6;001
18;1100;002;6;001
18;1100;003;6;001
18;1100;004;6;001
18;1100;005;6;002
18;1100;006;6;002
18;1100;007;6;003
18;1100;008;6;003
18;1100;009;6;003
18;1100;010;6;003
18;1100;011;6;004
18;1100;012;6;005
18;1100;013;6;005
18;1100;014;6;005
18;1100;015;6;006
18;1100;016;6;006
18;1100;017;6;007
18;1400;001;6;001
18;1400;002;6;002
18;1400;003;6;003
18;1400;004;6;004
18;1400;005;6;007
18;1400;006;6;005
18;1400;007;6;008
18;1400;008;6;008
18;1400;009;6;008
18;1400;010;6;008
18;1400;011;6;008
18;1400;012;6;008
18;1400;013;6;008
18;1400;014;6;008
18;1400;015;6;008
18;1400;016;6;008
18;1400;017;6;008
18;1400;018;6;008
18;1400;019;6;008
18;1400;021;6;009
18;1400;022;6;009
18;1400;023;6;010
18;1400;024;6;010
18;1400;025;6;011
18;1400;026;6;012
18;1400;027;6;013
18;1400;028;6;014
18;1400;029;6;014
18;1400;030;6;006
18;1400;031;6;015
18;1400;032;6;017
18;1400;033;6;017
18;1400;034;6;016
18;1400;035;6;018
18;1400;036;6;019
18;1400;037;6;021
18;1400;038;6;020
18;1400;039;6;022
18;1400;040;6;023
18;1600;001;6;001
18;1600;002;6;001
18;1600;003;6;002
18;1600;004;6;002
18;1600;005;6;003
18;1600;006;6;004
18;1600;007;6;005
18;1600;008;6;006
18;1600;009;6;007
18;1600;010;6;007
18;1600;011;6;007
18;1600;012;6;007
18;1600;013;6;007
18;1600;014;6;007
18;1600;015;6;007
18;1600;016;6;007
18;1600;017;6;007
18;1600;018;6;007
18;1600;019;6;007
18;1600;020;6;008
18;1600;021;6;009
18;1600;022;6;009
18;1600;023;6;010
18;1600;024;6;011
18;1600;025;6;011
18;1600;026;6;012
18;1600;027;6;013
18;1600;028;6;015
18;1600;029;6;016
18;1600;030;6;017
18;1600;031;6;007
18;1700;001;6;002
18;1700;002;6;004
18;1700;003;6;005
18;1700;004;6;007
18;1700;005;6;008
18;1700;006;6;010
18;1700;007;6;014
18;1700;008;6;014
18;1700;009;6;014
18;1700;010;6;012
18;1700;011;6;018
18;1700;012;6;015
18;1700;013;6;021
18;1700;014;6;022
18;1700;015;6;023
18;1700;016;6;025
18;1700;017;6;026
18;1700;018;6;027
18;1700;019;6;028
18;2600;001;6;001
18;2600;002;6;002
18;2600;003;6;003
18;2600;004;6;003
18;2600;005;6;004
18;2600;006;6;005
18;2600;007;6;005
18;2600;008;6;005
18;2600;009;6;006
18;2600;010;6;007
18;2600;011;6;008
18;2600;012;6;009
18;2600;013;6;010
18;2600;014;6;011
18;2600;015;6;012
18;2600;016;6;013
18;2600;017;6;015
18;2600;018;6;015
18;2600;019;6;015
18;2600;020;6;016
18;2600;021;6;016
18;2600;022;6;017
18;2600;023;6;018
18;2600;024;6;019
18;2600;025;6;019
18;2600;026;6;019
18;2600;027;6;014
18;2600;028;6;014
18;2600;029;6;014
18;2600;030;6;014
18;2600;031;6;014
18;2600;032;6;014
18;2600;033;6;014
18;2600;034;6;014
18;2600;035;6;014
18;2600;036;6;014
18;2600;037;6;014
18;2600;038;6;014
18;2600;039;6;014
18;2600;040;6;014
18;2600;041;6;014
18;2600;042;6;014
18;2600;043;6;014
18;2600;044;6;014
18;2600;045;6;014
18;2600;046;6;014
18;2600;047;6;014
18;2600;048;6;014
18;2600;049;6;014
18;2600;050;6;014
18;2600;051;6;014
18;2600;052;6;014
18;2600;053;6;014
18;2600;054;6;014
18;2600;055;6;014
18;2600;056;6;014
18;2600;057;6;014
18;2600;058;6;014
18;2600;059;6;014
18;2600;060;6;014
18;2600;061;6;014
18;2600;062;6;014
18;2600;063;6;014
18;2600;064;6;014
18;2600;065;6;014
18;2600;066;6;014
18;2900;001;6;001
18;2900;002;6;002
18;2900;003;6;003
18;2900;004;6;003
18;2900;005;6;004
18;2900;006;6;005
18;2900;007;6;006
18;2900;008;6;007
18;2900;009;6;009
18;2900;010;6;010
18;2900;011;6;011
18;2900;012;6;008
18;2900;013;6;013
18;2900;014;6;014
18;2900;015;6;014
18;2900;016;6;012
18;2900;017;6;012
18;3600;001;6;001
18;3600;002;6;001
18;3600;003;6;001
18;3600;004;6;002
18;3600;005;6;003
18;3600;006;6;004
18;3600;007;6;004
18;3600;008;6;004
18;3600;009;6;004
18;3600;010;6;004
18;3600;011;6;005
[END]

[MAJ]
18;6;   ;02;;;Пе▓║░ С▓е┤анов С▓о┐нов и Нели Пе▓░ова К│╢кова;, ;ПСС+НПК;19400;0;1
18;6;   ;05;;;Гео░ги Седе┤╖ов П║░ванов и Ангел Иванов Ма░ин;, ;ГСП+АИМ;41174;1;2
[END]

[PROP]
[END]

[LISTI]
[END]

[PROT]
6;18;1100;001;674+4+330+330+0+1+1+5+329;134+195
6;18;1100;002;720+1+333+333+1+1+2+0+331;196+135
6;18;1100;003;652+0+291+291+0+1+1+0+290;146+144
6;18;1100;004;431+2+189+189+0+0+0+14+189;100+89
6;18;1100;005;446+3+144+144+0+0+0+0+144;68+76
6;18;1100;006;483+4+235+235+2+0+2+8+233;80+153
6;18;1100;007;819+0+412+412+1+1+2+12+410;104+306
6;18;1100;008;702+1+235+235+0+2+2+17+233;88+145
6;18;1100;009;699+0+317+317+0+0+0+11+317;109+208
6;18;1100;010;698+0+311+311+0+2+2+0+309;87+222
6;18;1100;011;370+1+173+173+2+1+3+7+170;64+106
6;18;1100;012;643+2+327+327+0+0+0+0+327;87+240
6;18;1100;013;570+1+288+288+1+1+2+12+286;101+185
6;18;1100;014;624+3+304+304+0+0+0+0+304;119+185
6;18;1100;015;458+2+242+242+0+2+2+9+240;99+141
6;18;1100;016;343+2+163+163+0+0+0+2+163;62+101
6;18;1100;017;611+3+246+246+1+1+2+0+244;99+145
6;18;1400;001;469+9+261+261+2+0+2+0+259;79+180
6;18;1400;002;274+2+134+134+1+3+4+8+130;58+72
6;18;1400;003;903+3+397+397+0+3+3+22+394;172+222
6;18;1400;004;567+3+306+306+0+0+0+0+306;103+203
6;18;1400;005;574+7+291+291+0+0+0+0+291;101+190
6;18;1400;006;428+3+242+242+0+0+0+0+242;105+137
6;18;1400;007;983+0+495+495+3+3+6+37+489;132+357
6;18;1400;008;672+1+296+296+0+2+2+14+294;57+237
6;18;1400;009;847+1+387+387+0+0+0+16+387;86+301
6;18;1400;010;759+0+314+314+1+1+2+6+312;58+254
6;18;1400;011;391+2+178+178+0+0+0+3+178;42+136
6;18;1400;012;729+0+401+401+3+0+3+19+398;68+330
6;18;1400;013;827+7+477+477+1+2+3+0+474;90+384
6;18;1400;014;705+1+348+348+1+0+1+12+347;66+281
6;18;1400;015;708+0+406+406+0+1+1+0+405;81+324
6;18;1400;016;595+1+362+362+1+0+1+12+361;59+302
6;18;1400;017;510+2+309+309+0+2+2+17+307;44+263
6;18;1400;018;689+1+323+323+0+3+3+19+320;69+251
6;18;1400;019;737+2+279+279+0+0+0+0+279;75+204
6;18;1400;021;842+5+321+321+2+2+4+0+317;53+264
6;18;1400;022;449+0+220+220+0+2+2+0+218;85+133
6;18;1400;023;597+3+226+226+0+2+2+12+224;89+135
6;18;1400;024;667+2+208+208+0+0+0+10+208;86+122
6;18;1400;025;129+5+91+91+0+0+0+3+91;8+83
6;18;1400;026;188+0+127+127+0+0+0+0+127;28+99
6;18;1400;027;789+0+348+348+2+4+6+14+342;112+230
6;18;1400;028;486+1+221+221+0+0+0+0+221;52+169
6;18;1400;029;627+0+249+249+0+0+0+0+249;71+178
6;18;1400;030;289+1+177+177+0+0+0+0+177;43+134
6;18;1400;031;283+3+198+198+0+0+0+0+198;37+161
6;18;1400;032;734+1+276+276+1+0+1+0+275;92+183
6;18;1400;033;740+1+308+308+0+1+1+0+307;83+224
6;18;1400;034;284+4+182+182+0+0+0+2+182;54+128
6;18;1400;035;545+1+320+320+0+0+0+22+320;79+241
6;18;1400;036;611+2+309+309+0+0+0+11+309;62+247
6;18;1400;037;383+0+220+220+0+2+2+5+218;44+174
6;18;1400;038;314+3+171+171+0+0+0+0+171;36+135
6;18;1400;039;738+3+313+313+0+4+4+19+309;88+221
6;18;1400;040;265+4+148+148+0+0+0+9+148;41+107
6;18;1600;001;877+0+302+302+0+2+2+17+300;60+240
6;18;1600;002;841+1+426+426+0+1+1+25+425;50+375
6;18;1600;003;774+0+401+401+1+0+1+10+400;180+220
6;18;1600;004;568+0+233+233+11+0+11+6+222;70+152
6;18;1600;005;433+3+171+171+0+0+0+0+171;50+121
6;18;1600;006;319+7+175+175+0+0+0+8+175;40+135
6;18;1600;007;461+2+200+200+0+2+2+13+198;59+139
6;18;1600;008;583+4+297+297+1+1+2+21+295;74+221
6;18;1600;009;683+0+317+317+0+1+1+7+316;94+222
6;18;1600;010;739+0+355+355+0+1+1+0+354;87+267
6;18;1600;011;747+0+351+351+0+0+0+18+351;124+227
6;18;1600;012;787+0+311+311+1+1+2+12+309;117+192
6;18;1600;013;661+1+319+319+0+0+0+9+319;73+246
6;18;1600;014;759+0+429+429+0+1+1+9+428;107+321
6;18;1600;015;630+0+330+330+1+0+1+14+329;77+252
6;18;1600;016;657+2+348+348+1+0+1+15+347;74+273
6;18;1600;017;635+0+372+372+0+0+0+20+372;125+247
6;18;1600;018;809+2+443+443+1+0+1+17+442;125+317
6;18;1600;019;857+4+340+340+4+0+4+11+336;134+202
6;18;1600;020;327+4+173+173+0+0+0+18+173;67+106
6;18;1600;021;509+0+298+298+0+3+3+13+295;92+203
6;18;1600;022;507+0+304+304+0+0+0+0+304;102+202
6;18;1600;023;529+3+273+273+1+0+1+0+272;61+211
6;18;1600;024;776+0+281+281+1+0+1+15+280;156+124
6;18;1600;025;836+0+320+320+2+0+2+15+318;130+188
6;18;1600;026;707+0+277+277+0+0+0+22+277;138+139
6;18;1600;027;284+4+151+151+0+2+2+0+149;16+133
6;18;1600;028;270+0+144+144+0+0+0+4+144;33+111
6;18;1600;029;120+1+73+73+0+0+0+0+73;32+41
6;18;1600;030;638+1+373+373+0+1+1+31+372;81+291
6;18;1600;031;35+1+17+17+0+0+0+0+17;9+8
6;18;1700;001;737+2+356+356+3+1+4+9+352;103+249
6;18;1700;002;831+3+353+353+1+1+2+17+351;145+206
6;18;1700;003;349+3+201+201+2+1+3+12+198;63+135
6;18;1700;004;342+3+198+198+0+0+0+4+198;79+119
6;18;1700;005;383+3+166+166+1+0+1+9+165;34+131
6;18;1700;006;157+3+110+110+1+0+1+2+109;28+81
6;18;1700;007;814+4+412+412+1+0+1+17+411;100+311
6;18;1700;008;550+0+288+288+0+1+1+11+287;72+215
6;18;1700;009;744+1+429+429+1+0+1+13+428;86+342
6;18;1700;010;599+1+302+302+0+0+0+8+302;114+188
6;18;1700;011;240+2+138+138+0+0+0+0+138;60+78
6;18;1700;012;170+4+119+119+0+0+0+0+119;54+65
6;18;1700;013;108+8+72+72+1+0+1+0+71;10+61
6;18;1700;014;416+3+275+275+0+0+0+0+275;155+120
6;18;1700;015;809+1+389+389+0+1+1+9+388;132+256
6;18;1700;016;270+4+169+169+0+0+0+3+169;72+97
6;18;1700;017;536+2+295+295+0+2+2+14+293;138+155
6;18;1700;018;136+2+74+74+0+0+0+0+74;32+42
6;18;1700;019;291+4+197+197+0+0+0+6+197;99+98
6;18;2600;001;240+6+160+160+0+1+1+0+159;24+135
6;18;2600;002;469+8+341+341+0+0+0+22+341;77+264
6;18;2600;003;880+2+502+502+6+0+6+15+496;106+390
6;18;2600;004;850+0+502+502+0+0+0+9+502;103+399
6;18;2600;005;718+2+434+434+1+1+2+21+432;119+313
6;18;2600;006;762+2+311+311+1+1+2+15+309;153+156
6;18;2600;007;863+2+310+310+0+0+0+0+310;104+206
6;18;2600;008;797+3+314+314+5+0+5+0+309;160+149
6;18;2600;009;677+2+300+300+3+1+4+0+296;169+127
6;18;2600;010;548+3+186+186+0+0+0+7+186;99+87
6;18;2600;011;1011+2+404+404+4+1+5+22+399;79+320
6;18;2600;012;180+6+97+97+0+0+0+1+97;46+51
6;18;2600;013;842+5+400+400+1+0+1+41+399;76+323
6;18;2600;014;289+10+203+203+0+0+0+18+203;60+143
6;18;2600;015;398+4+282+282+2+1+3+6+279;57+222
6;18;2600;016;229+1+102+102+0+0+0+0+102;46+56
6;18;2600;017;741+2+265+265+1+0+1+16+264;39+225
6;18;2600;018;816+0+269+269+0+0+0+14+269;100+169
6;18;2600;019;478+1+173+173+0+1+1+3+172;50+122
6;18;2600;020;748+1+272+272+0+0+0+0+272;86+186
6;18;2600;021;766+3+321+321+5+2+7+11+314;95+219
6;18;2600;022;189+8+141+141+1+1+2+2+139;52+87
6;18;2600;023;103+7+69+69+0+0+0+0+69;27+42
6;18;2600;024;554+2+282+282+0+0+0+0+282;223+59
6;18;2600;025;625+4+230+230+1+2+3+0+227;55+172
6;18;2600;026;652+2+323+323+0+0+0+0+323;230+93
6;18;2600;027;947+1+524+524+1+1+2+18+522;137+385
6;18;2600;028;942+0+471+471+0+0+0+22+471;126+345
6;18;2600;029;963+2+493+493+2+0+2+35+491;182+309
6;18;2600;030;977+1+568+568+1+0+1+21+567;169+398
6;18;2600;031;965+0+588+588+0+0+0+25+588;196+392
6;18;2600;032;966+1+577+577+2+0+2+39+575;194+381
6;18;2600;033;984+0+578+578+1+1+2+25+576;201+375
6;18;2600;034;959+0+524+524+0+0+0+27+524;182+342
6;18;2600;035;867+2+505+505+1+1+2+11+503;186+317
6;18;2600;036;1038+0+572+572+0+0+0+14+572;195+377
6;18;2600;037;970+0+496+496+0+1+1+25+495;169+326
6;18;2600;038;891+0+459+459+0+1+1+18+458;166+292
6;18;2600;039;906+1+468+468+1+1+2+8+466;157+309
6;18;2600;040;961+0+617+617+1+1+2+23+615;197+418
6;18;2600;041;900+4+534+534+3+0+3+22+531;160+371
6;18;2600;042;985+0+572+572+0+0+0+27+572;191+381
6;18;2600;043;935+0+582+582+0+0+0+41+582;190+392
6;18;2600;044;922+1+459+459+3+0+3+19+456;109+347
6;18;2600;045;914+0+413+413+0+0+0+0+413;116+297
6;18;2600;046;943+0+506+506+2+0+2+19+504;172+332
6;18;2600;047;942+0+394+394+2+1+3+21+391;80+311
6;18;2600;048;963+0+513+513+0+0+0+31+513;94+419
6;18;2600;049;979+0+511+511+0+0+0+22+511;162+349
6;18;2600;050;956+0+256+256+2+3+5+22+251;116+135
6;18;2600;051;931+0+347+347+0+0+0+27+347;135+212
6;18;2600;052;955+0+457+457+1+0+1+27+456;132+324
6;18;2600;053;966+0+377+377+1+1+2+20+375;132+243
6;18;2600;054;749+1+303+303+0+1+1+5+302;79+223
6;18;2600;055;814+0+304+304+1+0+1+0+303;103+200
6;18;2600;056;848+0+346+346+0+1+1+20+345;118+227
6;18;2600;057;823+1+338+338+1+0+1+16+337;102+235
6;18;2600;058;940+0+361+361+2+2+4+17+357;120+237
6;18;2600;059;816+0+340+340+1+1+2+6+338;108+230
6;18;2600;060;848+2+371+371+0+0+0+12+371;108+263
6;18;2600;061;934+1+376+376+0+1+1+22+375;130+245
6;18;2600;062;924+1+371+371+2+2+4+17+367;126+241
6;18;2600;063;918+0+375+375+0+0+0+0+375;138+237
6;18;2600;064;90+0+36+36+0+0+0+1+36;9+27
6;18;2600;065;53+0+53+53+0+0+0+0+53;17+36
6;18;2600;066;107+0+71+71+0+0+0+2+71;27+44
6;18;2900;001;531+4+336+336+4+3+7+0+329;101+228
6;18;2900;002;315+0+163+163+1+0+1+0+162;72+90
6;18;2900;003;706+0+335+335+1+1+2+0+333;157+176
6;18;2900;004;367+1+171+171+0+0+0+0+171;57+114
6;18;2900;005;345+0+274+274+1+0+1+0+273;66+207
6;18;2900;006;261+3+172+172+1+0+1+7+171;45+126
6;18;2900;007;672+2+337+337+3+1+4+34+333;151+182
6;18;2900;008;388+1+250+250+0+0+0+0+250;56+194
6;18;2900;009;306+0+150+150+0+2+2+21+148;41+107
6;18;2900;010;545+0+412+412+0+0+0+0+412;93+319
6;18;2900;011;331+0+198+198+5+0+5+0+193;80+113
6;18;2900;012;102+1+73+73+0+0+0+5+73;8+65
6;18;2900;013;267+1+127+127+0+0+0+0+127;40+87
6;18;2900;014;89+0+55+55+0+0+0+2+55;14+41
6;18;2900;015;409+5+236+236+0+0+0+0+236;61+175
6;18;2900;016;833+2+399+399+1+1+2+33+397;196+201
6;18;2900;017;658+1+336+336+0+2+2+0+334;131+203
6;18;3600;001;789+0+413+413+3+3+6+0+407;307+100
6;18;3600;002;548+0+307+307+2+0+2+19+305;158+147
6;18;3600;003;593+1+285+285+0+0+0+0+285;165+120
6;18;3600;004;617+3+390+390+0+0+0+20+390;94+296
6;18;3600;005;954+1+467+467+1+2+3+32+464;158+306
6;18;3600;006;653+2+426+426+1+1+2+0+424;66+358
6;18;3600;007;681+0+365+365+0+2+2+18+363;120+243
6;18;3600;008;720+0+327+327+0+0+0+0+327;115+212
6;18;3600;009;777+0+342+342+4+0+4+12+338;102+236
6;18;3600;010;879+0+498+498+0+3+3+22+495;120+375
6;18;3600;011;125+3+83+83+0+0+0+6+83;16+67
[END]

[AGGR]
18;6;   ;2+200+200+123487+344+60852+60852+152+126+278+2054+60574;19400+41174
[END]
