[INFO]
19;Р│▒е;301
[END]

[IZB]
19;6;   ;;18.11.2001;2;2;329
[END]

[NM]
1903;001;▒. Ба▓ин;02854;00
1903;002;г░. Бо░ово;05611;00
1903;003;▒. Б░е▒▓ови╢а;06519;00
1903;004;▒. Волово;12067;00
1903;005;▒. Го░но Абланово;16674;00
1903;006;▒. Екза░╡ Йо▒и┤;27173;00
1903;007;▒. Об░е▓еник;53117;00
1904;001;▒. Би▒▓░ен╢и;04162;00
1904;002;▒. Бо▒илков╢и;05743;00
1904;003;▒. Бо▓░ов;05877;00
1904;004;г░. Б┐ла;07603;00
1904;005;▒. Д░┐нове╢;23916;00
1904;006;▒. Коп░иве╢;38529;00
1904;007;▒. Лом Че░ковна;05133;00
1904;008;▒. Пей╖иново;55720;00
1904;009;▒. Пе▓ кладен╢и;55988;00
1904;010;▒. Пол▒ко Ко▒ово;57368;00
1904;011;▒. С▓║░мен;70130;00
1905;001;▒. Б║з║н;07231;00
1905;002;г░. Ве▓ово;10803;00
1905;003;▒. Глоджево;15151;00
1905;004;▒. Каменово;35897;00
1905;005;▒. К░ивн┐;39832;00
1905;006;▒. Пи▒ане╢;56441;00
1905;007;▒. П░о▒▓о░но;58668;00
1905;008;▒. Равно;61203;00
1905;009;г░. Сеново;66229;00
1905;010;▒. Сми░нен▒ки;67578;00
1905;011;▒. Топ╖ии;72850;00
1908;001;▒. Бани▒ка;02587;00
1908;002;▒. Ба▓и╕ни╢а;02868;00
1908;003;▒. Б║зове╢;07212;00
1908;004;г░. Две могили;20184;00
1908;005;▒. Могилино;30380;00
1908;006;▒. Ка░ан В║░бовка;36364;00
1908;007;▒. Ка╢елово;36703;00
1908;008;▒. О▒▓░и╢а;54362;00
1908;009;▒. Пепелина;55837;00
1908;010;▒. Помен;57488;00
1908;011;▒. Чилнов;81373;00
1908;012;▒. Ши░оково;83301;00
1913;001;▒. Божи╖ен;04981;00
1913;002;▒. Иваново;32095;00
1913;003;▒. Ко╕ов;39205;00
1913;004;▒. К░а▒ен;39520;00
1913;005;▒. Ме╖ка;47977;00
1913;006;▒. Ни▒ово;51768;00
1913;007;▒. Пи░гово;56397;00
1913;008;▒. Таба╖ка;72028;00
1913;009;▒. Т░║▒▓еник;73362;00
1913;010;▒. Че░вен;80443;00
1913;011;▒. Щ░║клево;84049;00
1927;001;▒. Ба▒а░бово;02796;00
1927;002;▒. Долно Абланово;22558;00
1927;003;▒. Ма░▓ен;47336;00
1927;004;▒. Николово;51679;00
1927;005;▒. Ново ▒ело;52235;00
1927;006;▒. П░о▒ена;58637;00
1927;007;г░. Р│▒е;63427;00
1927;008;▒. Санд░ово;65348;00
1927;009;▒. Семе░джиево;66158;00
1927;010;▒. Те▓ово;72357;00
1927;011;▒. Хо▓ан╢а;77342;00
1927;012;▒. Че░вена вода;80460;00
1927;013;▒. Я▒▓░ебово;87700;00
1933;001;▒. Бабово;02083;00
1933;002;▒. Бо░и▒ово;05517;00
1933;003;▒. Б░║╕лен;06673;00
1933;004;▒. Гол┐мо В░аново;15829;00
1933;005;▒. Ко╕а░на;39178;00
1933;006;▒. Малко В░аново;46560;00
1933;007;▒. Р┐╡ово;63668;00
1933;009;▒. Сливо поле;67444;00
1933;010;▒. С▓амболово;68713;00
1933;011;▒. Юделник;86026;00
1937;001;▒. Бел╢ов;03745;00
1937;002;▒. Бел┐ново;03808;00
1937;003;▒. Дж│л╛ни╢а;20849;00
1937;004;▒. Долна С▓│дена;22277;00
1937;005;▒. Ка░аманово;36316;00
1937;006;▒. К░ивина;39788;00
1937;007;▒. Новг░ад;51977;00
1937;008;▒. Пипе░ково;56366;00
1937;009;▒. Ценово;78361;00
[END]

[SEC]
19;0300;001;6;002
19;0300;002;6;002
19;0300;003;6;002
19;0300;004;6;004
19;0300;005;6;003
19;0300;006;6;007
19;0300;007;6;007
19;0300;008;6;006
19;0300;009;6;005
19;0300;010;6;005
19;0300;011;6;001
19;0400;001;6;004
19;0400;002;6;004
19;0400;003;6;004
19;0400;004;6;004
19;0400;005;6;004
19;0400;006;6;004
19;0400;007;6;004
19;0400;008;6;004
19;0400;009;6;004
19;0400;010;6;004
19;0400;011;6;004
19;0400;012;6;004
19;0400;013;6;004
19;0400;014;6;003
19;0400;015;6;011
19;0400;016;6;009
19;0400;017;6;010
19;0400;018;6;010
19;0400;019;6;007
19;0400;020;6;002
19;0400;021;6;008
19;0400;022;6;006
19;0400;023;6;006
19;0400;024;6;005
19;0400;025;6;001
19;0500;001;6;001
19;0500;002;6;001
19;0500;003;6;002
19;0500;004;6;002
19;0500;005;6;002
19;0500;006;6;002
19;0500;007;6;002
19;0500;008;6;002
19;0500;009;6;003
19;0500;010;6;003
19;0500;011;6;003
19;0500;012;6;003
19;0500;013;6;003
19;0500;014;6;003
19;0500;015;6;004
19;0500;016;6;005
19;0500;017;6;006
19;0500;018;6;007
19;0500;019;6;008
19;0500;020;6;009
19;0500;021;6;009
19;0500;022;6;009
19;0500;023;6;010
19;0500;024;6;010
19;0500;025;6;010
19;0500;026;6;010
19;0500;027;6;011
19;0800;001;6;004
19;0800;002;6;004
19;0800;003;6;004
19;0800;004;6;004
19;0800;005;6;004
19;0800;006;6;002
19;0800;007;6;012
19;0800;008;6;009
19;0800;009;6;008
19;0800;010;6;006
19;0800;011;6;007
19;0800;012;6;003
19;0800;013;6;011
19;0800;014;6;001
19;0800;015;6;005
19;0800;016;6;010
19;1300;001;6;001
19;1300;002;6;002
19;1300;003;6;003
19;1300;004;6;010
19;1300;005;6;008
19;1300;006;6;007
19;1300;007;6;007
19;1300;008;6;007
19;1300;009;6;005
19;1300;010;6;009
19;1300;011;6;009
19;1300;012;6;011
19;1300;013;6;011
19;1300;014;6;011
19;1300;015;6;011
19;1300;016;6;004
19;1300;017;6;006
19;2700;001;6;007
19;2700;002;6;007
19;2700;003;6;007
19;2700;004;6;007
19;2700;005;6;007
19;2700;006;6;007
19;2700;007;6;007
19;2700;008;6;007
19;2700;009;6;007
19;2700;010;6;007
19;2700;011;6;007
19;2700;012;6;007
19;2700;013;6;007
19;2700;014;6;007
19;2700;015;6;007
19;2700;016;6;007
19;2700;017;6;007
19;2700;018;6;007
19;2700;019;6;007
19;2700;020;6;007
19;2700;021;6;007
19;2700;022;6;007
19;2700;023;6;007
19;2700;024;6;007
19;2700;025;6;007
19;2700;026;6;007
19;2700;027;6;007
19;2700;028;6;007
19;2700;029;6;007
19;2700;030;6;007
19;2700;031;6;007
19;2700;032;6;007
19;2700;033;6;007
19;2700;034;6;007
19;2700;035;6;007
19;2700;036;6;007
19;2700;037;6;007
19;2700;038;6;007
19;2700;039;6;007
19;2700;040;6;007
19;2700;041;6;007
19;2700;042;6;007
19;2700;043;6;007
19;2700;044;6;007
19;2700;045;6;007
19;2700;046;6;007
19;2700;047;6;007
19;2700;048;6;007
19;2700;049;6;007
19;2700;050;6;007
19;2700;051;6;007
19;2700;052;6;007
19;2700;053;6;007
19;2700;054;6;007
19;2700;055;6;007
19;2700;056;6;007
19;2700;057;6;007
19;2700;058;6;007
19;2700;059;6;007
19;2700;060;6;007
19;2700;061;6;007
19;2700;062;6;007
19;2700;063;6;007
19;2700;064;6;007
19;2700;065;6;007
19;2700;066;6;007
19;2700;067;6;007
19;2700;068;6;007
19;2700;069;6;007
19;2700;070;6;007
19;2700;071;6;007
19;2700;072;6;007
19;2700;073;6;007
19;2700;074;6;007
19;2700;075;6;007
19;2700;076;6;007
19;2700;077;6;007
19;2700;078;6;007
19;2700;079;6;007
19;2700;080;6;007
19;2700;081;6;007
19;2700;082;6;007
19;2700;083;6;007
19;2700;084;6;007
19;2700;085;6;007
19;2700;086;6;007
19;2700;087;6;007
19;2700;088;6;007
19;2700;089;6;007
19;2700;090;6;007
19;2700;091;6;007
19;2700;092;6;007
19;2700;093;6;007
19;2700;094;6;007
19;2700;095;6;007
19;2700;096;6;007
19;2700;097;6;007
19;2700;098;6;007
19;2700;099;6;007
19;2700;100;6;007
19;2700;101;6;007
19;2700;102;6;007
19;2700;103;6;007
19;2700;104;6;007
19;2700;105;6;007
19;2700;106;6;007
19;2700;107;6;007
19;2700;108;6;007
19;2700;109;6;007
19;2700;110;6;007
19;2700;111;6;007
19;2700;112;6;007
19;2700;113;6;007
19;2700;114;6;007
19;2700;115;6;007
19;2700;116;6;007
19;2700;117;6;007
19;2700;118;6;007
19;2700;119;6;007
19;2700;120;6;007
19;2700;121;6;007
19;2700;122;6;007
19;2700;123;6;007
19;2700;124;6;007
19;2700;125;6;007
19;2700;126;6;007
19;2700;127;6;007
19;2700;128;6;007
19;2700;129;6;007
19;2700;130;6;007
19;2700;131;6;007
19;2700;132;6;007
19;2700;133;6;007
19;2700;134;6;007
19;2700;135;6;007
19;2700;136;6;007
19;2700;137;6;007
19;2700;138;6;007
19;2700;139;6;007
19;2700;140;6;007
19;2700;141;6;007
19;2700;142;6;007
19;2700;143;6;007
19;2700;144;6;007
19;2700;145;6;007
19;2700;146;6;007
19;2700;147;6;007
19;2700;148;6;007
19;2700;149;6;007
19;2700;150;6;007
19;2700;151;6;007
19;2700;152;6;007
19;2700;153;6;007
19;2700;154;6;007
19;2700;155;6;007
19;2700;156;6;007
19;2700;157;6;007
19;2700;158;6;007
19;2700;159;6;007
19;2700;160;6;007
19;2700;161;6;007
19;2700;162;6;007
19;2700;163;6;007
19;2700;164;6;007
19;2700;165;6;007
19;2700;166;6;007
19;2700;167;6;007
19;2700;168;6;007
19;2700;169;6;007
19;2700;170;6;007
19;2700;171;6;007
19;2700;172;6;007
19;2700;173;6;007
19;2700;174;6;007
19;2700;175;6;007
19;2700;176;6;007
19;2700;177;6;001
19;2700;178;6;001
19;2700;179;6;002
19;2700;180;6;003
19;2700;181;6;003
19;2700;182;6;003
19;2700;183;6;003
19;2700;184;6;004
19;2700;185;6;004
19;2700;186;6;004
19;2700;187;6;004
19;2700;188;6;005
19;2700;189;6;005
19;2700;190;6;006
19;2700;191;6;008
19;2700;192;6;008
19;2700;193;6;009
19;2700;194;6;009
19;2700;195;6;010
19;2700;196;6;010
19;2700;197;6;011
19;2700;198;6;012
19;2700;199;6;012
19;2700;200;6;013
19;2700;201;6;007
19;2700;202;6;007
19;2700;203;6;007
19;2700;204;6;007
19;2700;205;6;007
19;2700;206;6;007
19;2700;207;6;007
19;3300;001;6;009
19;3300;002;6;009
19;3300;003;6;009
19;3300;004;6;009
19;3300;005;6;002
19;3300;006;6;011
19;3300;007;6;005
19;3300;008;6;010
19;3300;009;6;004
19;3300;010;6;004
19;3300;011;6;006
19;3300;012;6;001
19;3300;013;6;003
19;3300;014;6;007
19;3300;015;6;007
19;3300;016;6;007
19;3700;001;6;009
19;3700;002;6;009
19;3700;003;6;001
19;3700;004;6;004
19;3700;005;6;007
19;3700;006;6;006
19;3700;007;6;003
19;3700;008;6;002
19;3700;009;6;005
19;3700;010;6;008
[END]

[MAJ]
19;6;   ;02;;;Пе▓║░ С▓е┤анов С▓о┐нов и Нели Пе▓░ова К│╢кова;, ;ПСС+НПК;58522;0;1
19;6;   ;05;;;Гео░ги Седе┤╖ов П║░ванов и Ангел Иванов Ма░ин;, ;ГСП+АИМ;63640;1;2
[END]

[PROP]
[END]

[LISTI]
[END]

[PROT]
6;19;0300;001;695+2+446+446+2+1+3+22+443;152+291
6;19;0300;002;690+3+462+462+1+1+2+48+460;182+278
6;19;0300;003;821+1+505+505+2+0+2+44+503;146+357
6;19;0300;004;179+1+123+123+0+0+0+5+123;54+69
6;19;0300;005;265+3+194+194+2+1+3+22+191;72+119
6;19;0300;006;754+0+528+528+1+1+2+0+526;263+263
6;19;0300;007;593+0+341+341+1+0+1+0+340;111+229
6;19;0300;008;733+2+444+444+0+0+0+35+444;108+336
6;19;0300;009;468+0+270+270+0+1+1+31+269;69+200
6;19;0300;010;686+0+395+395+1+0+1+35+394;90+304
6;19;0300;011;725+0+437+437+0+0+0+22+437;165+272
6;19;0400;001;547+0+301+301+0+0+0+0+301;124+177
6;19;0400;002;857+0+467+467+1+1+2+0+465;148+317
6;19;0400;003;719+0+357+357+0+0+0+0+357;140+217
6;19;0400;004;1013+0+547+547+0+0+0+0+547;252+295
6;19;0400;005;755+0+441+441+0+1+1+14+440;165+275
6;19;0400;006;997+0+373+373+0+1+1+21+372;148+224
6;19;0400;007;1033+0+524+524+0+2+2+16+522;223+299
6;19;0400;008;741+0+363+363+1+0+1+16+362;142+220
6;19;0400;009;579+1+313+313+3+1+4+10+309;107+202
6;19;0400;010;779+0+402+402+0+2+2+20+400;143+257
6;19;0400;011;730+2+336+336+0+0+0+16+336;131+205
6;19;0400;012;36+5+29+29+0+0+0+2+29;16+13
6;19;0400;013;99+0+52+52+1+0+1+0+51;26+25
6;19;0400;014;247+3+175+175+1+0+1+0+174;35+139
6;19;0400;015;336+0+250+250+0+1+1+0+249;92+157
6;19;0400;016;97+7+71+71+0+0+0+0+71;28+43
6;19;0400;017;793+0+378+378+1+0+1+19+377;153+224
6;19;0400;018;767+4+414+414+0+0+0+0+414;101+313
6;19;0400;019;337+6+259+259+0+0+0+0+259;83+176
6;19;0400;020;731+1+503+503+2+1+3+31+500;220+280
6;19;0400;021;378+4+273+273+0+0+0+14+273;98+175
6;19;0400;022;534+2+339+339+2+1+3+21+336;118+218
6;19;0400;023;500+0+327+327+0+0+0+18+327;124+203
6;19;0400;024;626+4+407+407+0+0+0+32+407;180+227
6;19;0400;025;315+2+187+187+2+2+4+13+183;63+120
6;19;0500;001;510+2+275+275+1+0+1+25+274;129+145
6;19;0500;002;679+0+305+305+0+0+0+0+305;145+160
6;19;0500;003;634+0+324+324+0+0+0+0+324;88+236
6;19;0500;004;651+0+407+407+0+0+0+43+407;76+331
6;19;0500;005;799+2+467+467+0+1+1+31+466;92+374
6;19;0500;006;606+0+318+318+0+0+0+12+318;53+265
6;19;0500;007;777+0+254+254+1+1+2+0+252;105+147
6;19;0500;008;648+0+214+214+1+0+1+9+213;102+111
6;19;0500;009;499+0+208+208+0+0+0+0+208;130+78
6;19;0500;010;477+1+198+198+0+0+0+0+198;62+136
6;19;0500;011;530+0+218+218+0+0+0+0+218;135+83
6;19;0500;012;688+0+241+241+0+0+0+15+241;160+81
6;19;0500;013;519+0+231+231+1+1+2+14+229;163+66
6;19;0500;014;522+6+212+212+0+2+2+0+210;108+102
6;19;0500;015;502+1+320+320+2+1+3+23+317;48+269
6;19;0500;016;609+4+296+296+0+0+0+0+296;54+242
6;19;0500;017;445+0+301+301+0+0+0+31+301;94+207
6;19;0500;018;136+1+103+103+0+0+0+0+103;31+72
6;19;0500;019;608+1+273+273+0+0+0+0+273;50+223
6;19;0500;020;425+0+241+241+1+0+1+14+240;41+199
6;19;0500;021;546+1+161+161+0+0+0+14+161;42+119
6;19;0500;022;456+0+267+267+0+0+0+10+267;57+210
6;19;0500;023;658+0+273+273+0+0+0+0+273;102+171
6;19;0500;024;567+0+255+255+0+0+0+0+255;63+192
6;19;0500;025;610+0+242+242+0+0+0+14+242;109+133
6;19;0500;026;661+1+292+292+0+0+0+0+292;108+184
6;19;0500;027;403+3+231+231+0+1+1+6+230;81+149
6;19;0800;001;680+1+402+402+1+0+1+16+401;159+242
6;19;0800;002;617+1+332+332+0+0+0+14+332;139+193
6;19;0800;003;879+0+486+486+0+1+1+23+485;158+327
6;19;0800;004;994+0+413+413+0+1+1+30+412;192+220
6;19;0800;005;669+1+235+235+7+5+7+14+228;92+136
6;19;0800;006;694+8+429+429+0+0+0+27+429;108+321
6;19;0800;007;107+5+83+83+0+0+0+0+83;24+59
6;19;0800;008;41+4+35+35+0+0+0+0+35;16+19
6;19;0800;009;384+2+249+249+2+0+2+0+247;38+209
6;19;0800;010;490+4+285+285+1+1+2+19+283;91+192
6;19;0800;011;919+1+559+559+1+2+3+44+556;136+420
6;19;0800;012;883+0+447+447+1+1+2+19+445;89+356
6;19;0800;013;531+3+275+275+1+1+2+16+273;116+157
6;19;0800;014;1067+1+594+594+0+3+3+33+591;159+432
6;19;0800;015;298+2+171+171+0+0+0+4+171;77+94
6;19;0800;016;507+1+303+303+1+0+1+5+302;129+173
6;19;1300;001;172+0+136+136+0+0+0+4+136;70+66
6;19;1300;002;766+2+477+477+0+0+0+51+477;184+293
6;19;1300;003;417+2+290+290+0+0+0+30+290;125+165
6;19;1300;004;361+1+208+208+3+0+3+5+205;84+121
6;19;1300;005;161+0+115+115+0+0+0+0+115;59+56
6;19;1300;006;624+0+408+408+0+0+0+24+408;145+263
6;19;1300;007;636+2+381+381+1+1+1+28+380;147+233
6;19;1300;008;488+2+289+289+0+0+0+18+289;116+173
6;19;1300;009;718+3+473+473+0+0+0+34+473;175+298
6;19;1300;010;841+0+413+413+0+1+1+21+412;180+232
6;19;1300;011;710+2+372+372+0+0+0+27+372;148+224
6;19;1300;012;802+0+376+376+0+0+0+25+376;145+231
6;19;1300;013;516+2+301+301+0+1+1+13+300;107+193
6;19;1300;014;529+3+338+338+1+0+1+11+337;128+209
6;19;1300;015;1159+0+419+419+0+0+0+7+419;279+140
6;19;1300;016;774+2+460+460+0+1+1+19+459;161+298
6;19;1300;017;128+0+86+86+1+0+1+0+85;38+47
6;19;2700;001;785+0+467+467+0+1+1+0+466;272+194
6;19;2700;002;782+0+416+416+0+1+1+22+415;270+145
6;19;2700;003;986+0+632+632+0+1+1+29+631;302+329
6;19;2700;004;530+0+530+530+0+0+0+22+530;337+193
6;19;2700;005;927+0+539+539+0+0+0+15+539;335+204
6;19;2700;006;939+0+484+484+1+0+1+25+483;290+193
6;19;2700;007;733+1+370+370+0+0+0+12+370;209+161
6;19;2700;008;811+0+445+445+0+0+0+27+445;254+191
6;19;2700;009;836+0+443+443+1+1+2+0+441;270+171
6;19;2700;010;882+0+491+491+2+0+2+0+489;259+230
6;19;2700;011;957+4+553+553+0+0+0+23+553;364+189
6;19;2700;012;1034+2+621+621+4+0+4+24+617;404+213
6;19;2700;013;748+1+454+454+0+2+2+0+452;226+226
6;19;2700;014;978+0+622+622+0+1+1+8+621;378+243
6;19;2700;015;862+0+509+509+0+0+0+0+509;297+212
6;19;2700;016;715+0+430+430+0+0+0+7+430;243+187
6;19;2700;017;852+0+498+498+1+1+2+14+496;287+209
6;19;2700;018;1016+0+620+620+0+0+0+30+620;381+239
6;19;2700;019;954+0+571+571+0+0+0+32+571;357+214
6;19;2700;020;808+0+506+506+0+0+0+0+506;302+204
6;19;2700;021;835+2+453+453+0+0+0+16+453;236+217
6;19;2700;022;865+0+490+490+2+0+2+0+488;268+220
6;19;2700;023;937+0+568+568+1+0+1+17+567;302+265
6;19;2700;024;976+4+582+582+2+0+2+30+580;352+228
6;19;2700;025;750+0+415+415+2+0+2+13+413;266+147
6;19;2700;026;904+0+468+468+2+1+3+17+465;252+213
6;19;2700;027;706+0+390+390+0+0+0+19+390;276+114
6;19;2700;028;877+0+420+420+0+0+0+7+420;280+140
6;19;2700;029;387+0+127+127+0+0+0+13+127;71+56
6;19;2700;030;1070+1+560+560+0+1+1+32+559;310+249
6;19;2700;031;959+0+507+507+0+0+0+0+507;295+212
6;19;2700;032;765+0+397+397+0+3+3+17+394;183+211
6;19;2700;033;639+3+335+335+0+0+0+8+335;203+132
6;19;2700;034;966+1+548+548+1+0+1+12+547;338+209
6;19;2700;035;996+0+554+554+0+0+0+0+554;336+218
6;19;2700;036;947+1+537+537+3+0+3+21+534;317+217
6;19;2700;037;664+0+317+317+0+0+0+18+317;198+119
6;19;2700;038;534+3+296+296+0+0+0+14+296;146+150
6;19;2700;039;761+0+454+454+2+0+2+0+452;241+211
6;19;2700;040;876+0+531+531+1+0+1+0+530;317+213
6;19;2700;041;899+1+564+564+1+0+1+0+563;321+242
6;19;2700;042;953+0+570+570+0+0+0+0+570;310+260
6;19;2700;043;805+0+483+483+2+1+3+25+480;263+217
6;19;2700;044;847+0+440+440+1+0+1+15+439;195+244
6;19;2700;045;993+1+499+499+1+0+1+22+498;254+244
6;19;2700;046;945+0+531+531+2+1+3+24+528;328+200
6;19;2700;047;1043+0+558+558+0+0+0+15+558;336+222
6;19;2700;048;965+1+440+440+3+0+3+21+437;275+162
6;19;2700;049;915+0+405+405+0+0+0+0+405;220+185
6;19;2700;050;932+0+361+361+1+2+3+0+358;206+152
6;19;2700;051;801+2+370+370+3+2+5+0+365;215+150
6;19;2700;052;823+6+325+325+1+1+2+0+323;181+142
6;19;2700;053;842+0+370+370+2+0+2+0+368;225+143
6;19;2700;054;739+0+353+353+0+0+0+22+353;206+147
6;19;2700;055;847+0+450+450+2+0+2+29+448;236+212
6;19;2700;056;919+2+440+440+0+0+0+31+440;257+183
6;19;2700;057;822+0+374+374+1+1+2+16+372;203+169
6;19;2700;058;664+0+285+285+1+1+2+0+283;147+136
6;19;2700;059;659+0+321+321+0+1+1+7+320;187+133
6;19;2700;060;895+4+433+433+1+2+3+12+430;226+204
6;19;2700;061;999+0+458+458+0+0+0+17+458;257+201
6;19;2700;062;661+0+306+306+0+2+2+7+304;179+125
6;19;2700;063;976+0+480+480+1+0+1+0+479;230+249
6;19;2700;064;718+0+338+338+0+0+0+10+338;175+163
6;19;2700;065;769+0+415+415+0+0+0+13+415;198+217
6;19;2700;066;717+1+347+347+0+0+0+17+347;192+155
6;19;2700;067;758+0+355+355+1+0+1+9+354;180+174
6;19;2700;068;862+0+340+340+0+0+0+16+340;196+144
6;19;2700;069;979+4+430+430+0+0+0+0+430;244+186
6;19;2700;070;953+0+506+506+2+0+2+0+504;192+312
6;19;2700;071;782+0+332+332+0+0+0+9+332;201+131
6;19;2700;072;587+0+294+294+0+1+1+0+293;177+116
6;19;2700;073;780+1+373+373+0+0+0+14+373;234+139
6;19;2700;074;595+0+211+211+2+0+2+0+209;120+89
6;19;2700;075;841+0+315+315+0+0+0+10+315;188+127
6;19;2700;076;917+6+396+396+1+0+1+6+395;249+146
6;19;2700;077;1046+6+498+498+0+0+0+12+498;262+236
6;19;2700;078;609+2+265+265+0+0+0+0+265;148+117
6;19;2700;079;986+3+439+439+0+0+0+0+439;208+231
6;19;2700;080;958+0+462+462+0+0+0+15+462;246+216
6;19;2700;081;718+0+325+325+0+0+0+17+325;178+147
6;19;2700;082;884+0+359+359+1+1+2+13+357;202+155
6;19;2700;083;901+0+438+438+0+0+0+23+438;244+194
6;19;2700;084;1009+0+412+412+0+0+0+33+412;240+172
6;19;2700;085;886+0+381+381+0+1+1+21+380;212+168
6;19;2700;086;927+0+378+378+1+2+3+0+375;232+143
6;19;2700;087;887+0+349+349+1+0+1+17+348;193+155
6;19;2700;088;777+2+301+301+0+0+0+4+301;156+145
6;19;2700;089;719+0+302+302+0+0+0+8+302;166+136
6;19;2700;090;711+0+305+305+3+1+3+12+302;173+129
6;19;2700;091;645+0+303+303+1+0+1+0+302;155+147
6;19;2700;092;976+1+385+385+1+0+1+22+384;232+152
6;19;2700;093;985+0+429+429+0+0+0+0+429;233+196
6;19;2700;094;1046+0+442+442+0+0+0+11+442;270+172
6;19;2700;095;870+0+418+418+2+0+2+19+416;257+159
6;19;2700;096;642+0+316+316+1+0+1+0+315;193+122
6;19;2700;097;820+0+447+447+0+1+1+30+446;225+221
6;19;2700;098;757+0+415+415+1+0+1+20+414;220+194
6;19;2700;099;968+7+517+517+0+0+0+14+517;238+279
6;19;2700;100;857+1+395+395+0+1+1+15+394;226+168
6;19;2700;101;811+0+466+466+1+0+1+19+465;262+203
6;19;2700;102;662+0+337+337+1+0+1+13+336;181+155
6;19;2700;103;804+0+385+385+0+0+0+0+385;226+159
6;19;2700;104;957+0+488+488+0+0+0+31+488;289+199
6;19;2700;105;762+0+440+440+0+0+0+20+440;178+262
6;19;2700;106;748+0+414+414+0+0+0+28+414;216+198
6;19;2700;107;835+3+414+414+1+2+3+24+411;211+200
6;19;2700;108;896+0+456+456+0+0+0+23+456;254+202
6;19;2700;109;973+0+436+436+0+1+1+18+435;233+202
6;19;2700;110;963+0+506+506+0+0+0+16+506;253+253
6;19;2700;111;1020+0+543+543+0+0+0+18+543;252+291
6;19;2700;112;822+0+427+427+0+0+0+30+427;211+216
6;19;2700;113;641+0+389+389+3+2+5+14+384;189+195
6;19;2700;114;795+1+464+464+0+0+0+32+464;244+220
6;19;2700;115;748+2+405+405+0+2+2+27+403;186+217
6;19;2700;116;877+1+533+533+0+1+1+25+532;252+280
6;19;2700;117;825+15+468+468+0+1+1+26+467;233+234
6;19;2700;118;637+0+353+353+0+0+0+17+353;203+150
6;19;2700;119;759+0+447+447+1+0+1+22+446;235+211
6;19;2700;120;749+3+393+393+0+0+0+0+393;183+210
6;19;2700;121;865+2+436+436+0+0+0+0+436;238+198
6;19;2700;122;715+0+356+356+0+1+1+0+355;163+192
6;19;2700;123;975+0+508+508+0+0+0+24+508;260+248
6;19;2700;124;609+0+316+316+2+0+2+17+314;127+187
6;19;2700;125;758+2+390+390+0+0+0+0+390;199+191
6;19;2700;126;722+2+364+364+0+0+0+19+364;175+189
6;19;2700;127;702+0+341+341+0+0+0+0+341;193+148
6;19;2700;128;676+0+308+308+0+0+0+7+308;146+162
6;19;2700;129;730+0+395+395+0+0+0+21+395;174+221
6;19;2700;130;623+0+335+335+0+0+0+0+335;175+160
6;19;2700;131;818+0+404+404+0+0+0+16+404;204+200
6;19;2700;132;994+0+514+514+0+0+0+18+514;257+257
6;19;2700;133;807+0+365+365+0+0+0+0+365;247+118
6;19;2700;134;762+0+310+310+0+0+0+21+310;156+154
6;19;2700;135;656+0+290+290+0+0+0+0+290;160+130
6;19;2700;136;945+0+405+405+1+2+3+27+402;235+167
6;19;2700;137;825+0+425+425+2+1+3+0+422;224+198
6;19;2700;138;931+0+507+507+2+0+2+5+505;207+298
6;19;2700;139;878+0+478+478+2+0+2+23+476;209+267
6;19;2700;140;997+1+565+565+2+0+2+23+563;305+258
6;19;2700;141;667+1+299+299+0+1+1+0+298;152+146
6;19;2700;142;925+0+545+545+2+0+2+9+543;192+351
6;19;2700;143;892+1+444+444+0+0+0+0+444;251+193
6;19;2700;144;984+0+587+587+1+0+1+0+586;290+296
6;19;2700;145;790+0+408+408+0+1+1+16+407;222+185
6;19;2700;146;708+1+409+409+0+0+0+12+409;217+192
6;19;2700;147;744+0+470+470+1+0+1+14+469;257+212
6;19;2700;148;912+1+558+558+0+3+3+35+555;287+268
6;19;2700;149;818+4+474+474+2+0+2+0+472;281+191
6;19;2700;150;700+0+411+411+0+0+0+0+411;214+197
6;19;2700;151;805+0+489+489+0+0+0+19+489;251+238
6;19;2700;152;967+0+553+553+0+0+0+20+553;299+254
6;19;2700;153;970+3+602+602+0+1+1+0+601;328+273
6;19;2700;154;706+0+420+420+3+1+4+8+416;203+213
6;19;2700;155;615+2+176+176+0+0+0+0+176;108+68
6;19;2700;156;869+3+475+475+1+0+1+23+474;225+249
6;19;2700;157;729+0+401+401+0+1+1+0+400;193+207
6;19;2700;158;817+0+441+441+0+0+0+0+441;231+210
6;19;2700;159;870+0+482+482+1+0+1+24+481;267+214
6;19;2700;160;926+3+520+520+1+0+1+16+519;226+293
6;19;2700;161;657+1+355+355+0+0+0+0+355;192+163
6;19;2700;162;721+6+449+449+0+0+0+15+449;232+217
6;19;2700;163;887+0+504+504+0+0+0+29+504;295+209
6;19;2700;164;968+1+533+533+2+0+2+0+531;261+270
6;19;2700;165;722+0+390+390+0+0+1+16+389;212+177
6;19;2700;166;879+0+426+426+0+2+2+8+424;205+219
6;19;2700;167;856+0+369+369+2+0+2+20+367;182+185
6;19;2700;168;602+0+274+274+0+0+0+17+274;121+153
6;19;2700;169;585+0+163+163+0+2+2+10+161;50+111
6;19;2700;170;960+0+419+419+0+0+0+0+419;230+189
6;19;2700;171;939+0+511+511+3+0+3+4+508;294+214
6;19;2700;172;865+4+472+472+1+1+2+5+470;252+218
6;19;2700;173;641+0+351+351+3+1+4+21+347;172+175
6;19;2700;174;655+0+368+368+3+0+3+17+365;194+171
6;19;2700;175;171+0+102+102+0+0+0+0+102;29+73
6;19;2700;176;324+0+175+175+0+0+0+0+175;71+104
6;19;2700;177;582+0+313+313+0+0+0+20+313;174+139
6;19;2700;178;516+0+277+277+0+0+0+0+277;121+156
6;19;2700;179;239+1+177+177+0+0+0+0+177;69+108
6;19;2700;180;886+2+405+405+0+0+0+0+405;214+191
6;19;2700;181;911+2+443+443+0+0+0+0+443;210+233
6;19;2700;182;631+0+261+261+0+0+0+0+261;147+114
6;19;2700;183;879+0+385+385+0+0+0+12+385;226+159
6;19;2700;184;789+1+474+474+0+1+1+6+473;200+273
6;19;2700;185;604+1+392+392+1+1+2+22+390;182+208
6;19;2700;186;625+2+327+327+0+0+0+16+327;224+103
6;19;2700;187;575+1+298+298+0+0+0+20+298;165+133
6;19;2700;188;526+3+342+342+0+1+1+13+341;113+228
6;19;2700;189;539+6+352+352+0+1+1+11+351;130+221
6;19;2700;190;581+8+324+324+1+1+2+0+322;98+224
6;19;2700;191;628+3+344+344+0+2+2+0+342;153+189
6;19;2700;192;607+3+299+299+1+2+3+0+296;124+172
6;19;2700;193;497+0+216+216+1+0+1+10+215;98+117
6;19;2700;194;609+0+264+264+2+0+2+11+262;119+143
6;19;2700;195;917+0+437+437+0+0+0+13+437;121+316
6;19;2700;196;874+5+323+323+0+0+0+18+323;97+226
6;19;2700;197;493+3+282+282+0+0+0+0+282;105+177
6;19;2700;198;641+6+342+342+0+0+0+17+342;150+192
6;19;2700;199;590+0+274+274+0+0+0+5+274;127+147
6;19;2700;200;350+2+109+109+0+0+0+7+109;43+66
6;19;2700;201;91+0+33+33+0+0+0+1+33;18+15
6;19;2700;202;90+0+46+46+0+1+1+2+45;26+19
6;19;2700;203;247+0+199+199+0+1+1+23+198;58+140
6;19;2700;204;133+26+101+101+0+1+1+3+100;51+49
6;19;2700;205;42+0+13+13+0+0+0+0+13;9+4
6;19;2700;206;42+0+39+39+4+0+4+0+35;18+17
6;19;2700;207;51+0+37+37+0+0+0+5+37;12+25
6;19;3300;001;775+1+470+470+0+1+1+0+469;223+246
6;19;3300;002;845+0+306+306+0+0+0+18+306;210+96
6;19;3300;003;628+1+287+287+1+2+3+20+284;135+149
6;19;3300;004;525+0+251+251+1+0+1+29+250;70+180
6;19;3300;005;791+3+456+456+2+0+2+40+454;193+261
6;19;3300;006;870+0+410+410+0+0+0+22+410;171+239
6;19;3300;007;603+0+270+270+0+0+0+12+270;91+179
6;19;3300;008;612+1+286+286+0+1+1+15+285;182+103
6;19;3300;009;653+1+277+277+0+0+0+8+277;108+169
6;19;3300;010;806+0+249+249+0+1+1+11+248;119+129
6;19;3300;011;811+0+402+402+1+0+1+19+401;152+249
6;19;3300;012;599+2+384+384+0+0+0+16+384;132+252
6;19;3300;013;450+2+283+283+0+0+0+22+283;96+187
6;19;3300;014;649+2+375+375+0+1+1+0+374;111+263
6;19;3300;015;704+3+383+383+0+0+0+28+383;140+243
6;19;3300;016;546+1+288+288+0+1+1+21+287;107+180
6;19;3700;001;900+0+581+581+2+1+3+48+578;128+450
6;19;3700;002;846+1+479+479+2+3+5+30+474;141+333
6;19;3700;003;613+0+358+358+1+2+3+35+355;127+228
6;19;3700;004;811+0+433+433+3+0+3+0+430;164+266
6;19;3700;005;1007+3+602+602+3+1+4+42+598;151+447
6;19;3700;006;607+0+378+378+1+2+3+40+375;111+264
6;19;3700;007;339+1+191+191+0+0+0+22+191;57+134
6;19;3700;008;169+0+132+132+0+0+0+5+132;46+86
6;19;3700;009;1058+0+610+610+0+0+0+31+610;141+469
6;19;3700;010;536+1+311+311+1+0+1+41+310;133+177
[END]

[AGGR]
19;6;   ;2+329+329+233873+366+122480+122480+190+134+318+4378+122162;58522+63640
[END]
