[INFO]
20;Сили▒▓░а;301
[END]

[IZB]
20;6;   ;;18.11.2001;2;2;214
[END]

[NM]
2001;001;▒. Алеково;00240;00
2001;002;г░. Ал┤а▓а░;00415;00
2001;003;▒. Би▒▓░а;04145;00
2001;004;▒. Ва▒ил Лев▒ки;10210;00
2001;005;▒. К│▓лови╢а;40751;00
2001;006;▒. Ца░ А▒ен;78063;00
2001;007;▒. Ч│кове╢;81712;00
2007;001;▒. Ба╣ино;03017;00
2007;002;▒. Богдан╢и;04670;00
2007;003;▒. В║лкан;12440;00
2007;004;г░. Главини╢а;15031;00
2007;005;▒. Ди╖ево;21230;00
2007;006;▒. Долно Р┐╡ово;22798;00
2007;007;▒. За┤и░ово;30377;00
2007;008;▒. Звеними░;30507;00
2007;009;▒. Зебил;30689;00
2007;010;▒. За░и╢а;31406;00
2007;011;▒. Кал│ге░ене;35554;00
2007;012;▒. Кола░ово;37993;00
2007;013;▒. Ко▒а░а;38707;00
2007;014;▒. Ли▒▓е╢;43894;00
2007;015;▒. Мал║к П░е▒лаве╢;46927;00
2007;016;▒. Ножа░ево;52338;00
2007;017;▒. О▒ен;54078;00
2007;018;▒. Падина;55138;00
2007;019;▒. Подле▒;57056;00
2007;020;▒. Сокол;67828;00
2007;021;▒. С▓е┤ан Ка░аджа;69184;00
2007;022;▒. С│╡одол;70336;00
2007;023;▒. Че░ного░;81075;00
2010;001;▒. Боил;05124;00
2010;002;▒. Водно;11764;00
2010;003;▒. Вокил;12022;00
2010;004;▒. В║░бино;12721;00
2010;005;▒. Г░║н╖а░ово;18018;00
2010;006;▒. Доле╢;21926;00
2010;007;г░. Д│лово;24030;00
2010;008;▒. Зла▓окла▒;31125;00
2010;009;▒. Коз┐к;37839;00
2010;010;▒. Колоб║░;38073;00
2010;011;▒. Межден;47696;00
2010;012;▒. Овен;53148;00
2010;013;▒. Око░╕;53494;00
2010;014;▒. О░е╕ене;53744;00
2010;015;▒. Паи▒иево;55186;00
2010;016;▒. Полковник Та▒лаково;57296;00
2010;017;▒. По░ойно;57813;00
2010;018;▒. П░авда;57995;00
2010;019;▒. П░о╡лада;58709;00
2010;020;▒. Раздел;61724;00
2010;021;▒. Р│йно;63286;00
2010;022;▒. Сек│лово;66038;00
2010;023;▒. Скала;66696;00
2010;024;▒. Че░ковна;80738;00
2010;025;▒. Че░ник;81966;00
2010;026;▒. Че░нолик;81150;00
2010;027;▒. Я░еби╢а;87504;00
2015;001;▒. Войново;11990;00
2015;002;▒. Голе╕;15566;00
2015;003;▒. Го▒подиново;17333;00
2015;004;▒. Давидово;20047;00
2015;005;▒. Доб░│джанка;21720;00
2015;006;▒. За░ник;30346;00
2015;007;▒. Кайна░джа;35242;00
2015;008;▒. Камен╢и;35938;00
2015;009;▒. К░аново;39462;00
2015;010;▒. Полковник Чолаково;57306;00
2015;011;▒. Поп░│▒аново;57724;00
2015;012;▒. По▒ев;57889;00
2015;013;▒. Све▓о▒лав;65615;00
2015;014;▒. С░еди╣е;68357;00
2015;015;▒. С▓░елково;69804;00
2031;001;▒. Айдеми░;00895;00
2031;002;▒. Баб│к;02097;00
2031;003;▒. Бого░ово;04772;00
2031;004;▒. Б░адва░и;06032;00
2031;005;▒. Б║лга░ка;07329;00
2031;006;▒. Ве▓░ен;10834;00
2031;007;▒. Главан;14948;00
2031;008;▒. Йо░даново;34134;00
2031;010;▒. Калипе▓░ово;41143;00
2031;011;▒. Полковник Ламб░иново;57251;00
2031;012;▒. Поп К░алево;57604;00
2031;013;▒. П░о┤е▒о░ И╕и░ково;58699;00
2031;014;г░. Сили▒▓░а;66425;00
2031;015;▒. Смиле╢;67526;00
2031;016;▒. С░а╢ими░;68254;00
2031;017;▒. С░еб║░на;68299;00
2031;018;▒. С║░пово;70665;00
2031;019;▒. Майо░ Ценови╖;78358;00
2032;001;▒. Бо▒на;05757;00
2032;002;▒. Га░ван;14547;00
2032;003;▒. Доб░о▓и╢а;21693;00
2032;004;▒. И░ник;32799;00
2032;005;▒. И▒к░а;32839;00
2032;006;▒. Л╛бен;44495;00
2032;007;▒. Нова Попина;51901;00
2032;008;▒. Пол┐на;57385;00
2032;009;▒. Попина;57577;00
2032;010;▒. Си▓ово;66665;00
2032;011;▒. Сла▓ина;67249;00
2034;001;▒. Ан▓имово;00494;00
2034;002;▒. Бели╢а;03527;00
2034;003;▒. Б░ени╢а;06389;00
2034;004;▒. Ва░нен╢и;10149;00
2034;005;▒. Д│наве╢;24044;00
2034;006;▒. Нова Че░на;51956;00
2034;007;▒. Пожа░ево;57090;00
2034;008;▒. П░е▒лав╢и;58253;00
2034;009;▒. С▓а░о ▒ело;69078;00
2034;010;▒. С┐ново;70682;00
2034;011;г░. Т│▓░акан;73496;00
2034;012;▒. Т║░нов╢и;73729;00
2034;013;▒. Ца░ев дол;78118;00
2034;014;▒. Ца░ Сам│ил;78238;00
2034;015;▒. Ш│мен╢и;83524;00
[END]

[SEC]
20;0100;201;6;002
20;0100;202;6;002
20;0100;203;6;002
20;0100;204;6;001
20;0100;205;6;003
20;0100;206;6;004
20;0100;207;6;005
20;0100;208;6;006
20;0100;209;6;007
20;0700;301;6;004
20;0700;302;6;004
20;0700;303;6;001
20;0700;304;6;002
20;0700;305;6;003
20;0700;306;6;005
20;0700;307;6;006
20;0700;308;6;010
20;0700;309;6;007
20;0700;310;6;007
20;0700;311;6;009
20;0700;312;6;008
20;0700;313;6;011
20;0700;314;6;012
20;0700;315;6;013
20;0700;316;6;014
20;0700;317;6;015
20;0700;318;6;016
20;0700;319;6;017
20;0700;320;6;018
20;0700;321;6;019
20;0700;322;6;020
20;0700;323;6;021
20;0700;324;6;022
20;0700;325;6;023
20;1000;401;6;007
20;1000;402;6;007
20;1000;403;6;007
20;1000;404;6;007
20;1000;405;6;007
20;1000;406;6;007
20;1000;407;6;007
20;1000;408;6;007
20;1000;409;6;025
20;1000;410;6;025
20;1000;411;6;025
20;1000;412;6;007
20;1000;413;6;002
20;1000;414;6;024
20;1000;415;6;005
20;1000;416;6;019
20;1000;417;6;008
20;1000;418;6;010
20;1000;419;6;011
20;1000;420;6;004
20;1000;421;6;016
20;1000;422;6;009
20;1000;423;6;017
20;1000;424;6;020
20;1000;425;6;022
20;1000;426;6;023
20;1000;427;6;026
20;1000;428;6;026
20;1000;429;6;018
20;1000;430;6;018
20;1000;431;6;027
20;1000;432;6;027
20;1000;433;6;021
20;1000;434;6;006
20;1000;435;6;001
20;1000;436;6;014
20;1000;437;6;015
20;1000;438;6;013
20;1000;439;6;013
20;1000;440;6;003
20;1000;441;6;003
20;1000;442;6;012
20;1500;501;6;001
20;1500;502;6;002
20;1500;503;6;004
20;1500;504;6;005
20;1500;505;6;006
20;1500;506;6;007
20;1500;507;6;009
20;1500;508;6;010
20;1500;509;6;012
20;1500;510;6;011
20;1500;511;6;013
20;1500;512;6;014
20;1500;513;6;014
20;1500;514;6;003
20;1500;515;6;008
20;1500;516;6;015
20;1500;517;6;007
20;3100;101;6;014
20;3100;102;6;014
20;3100;103;6;014
20;3100;104;6;014
20;3100;105;6;014
20;3100;106;6;014
20;3100;107;6;014
20;3100;108;6;014
20;3100;109;6;014
20;3100;110;6;014
20;3100;111;6;014
20;3100;112;6;014
20;3100;113;6;014
20;3100;114;6;014
20;3100;115;6;014
20;3100;116;6;014
20;3100;117;6;014
20;3100;118;6;014
20;3100;119;6;014
20;3100;120;6;014
20;3100;121;6;014
20;3100;122;6;014
20;3100;123;6;014
20;3100;124;6;014
20;3100;125;6;014
20;3100;126;6;014
20;3100;127;6;014
20;3100;128;6;014
20;3100;129;6;014
20;3100;130;6;014
20;3100;131;6;014
20;3100;132;6;014
20;3100;133;6;014
20;3100;134;6;014
20;3100;135;6;014
20;3100;136;6;014
20;3100;137;6;014
20;3100;138;6;014
20;3100;139;6;014
20;3100;140;6;014
20;3100;141;6;014
20;3100;142;6;014
20;3100;143;6;014
20;3100;144;6;014
20;3100;145;6;014
20;3100;146;6;014
20;3100;147;6;014
20;3100;148;6;014
20;3100;149;6;001
20;3100;150;6;001
20;3100;151;6;001
20;3100;152;6;001
20;3100;153;6;001
20;3100;154;6;001
20;3100;155;6;001
20;3100;156;6;001
20;3100;157;6;002
20;3100;158;6;003
20;3100;159;6;004
20;3100;160;6;005
20;3100;161;6;006
20;3100;162;6;007
20;3100;163;6;008
20;3100;164;6;010
20;3100;165;6;010
20;3100;166;6;010
20;3100;167;6;010
20;3100;168;6;010
20;3100;169;6;002
20;3100;170;6;019
20;3100;171;6;011
20;3100;172;6;013
20;3100;173;6;013
20;3100;174;6;012
20;3100;175;6;015
20;3100;176;6;016
20;3100;177;6;017
20;3100;178;6;018
20;3200;601;6;010
20;3200;602;6;001
20;3200;603;6;002
20;3200;604;6;003
20;3200;605;6;004
20;3200;606;6;005
20;3200;607;6;005
20;3200;608;6;006
20;3200;609;6;007
20;3200;610;6;008
20;3200;611;6;009
20;3200;612;6;011
20;3400;701;6;011
20;3400;702;6;011
20;3400;703;6;011
20;3400;704;6;011
20;3400;705;6;011
20;3400;706;6;011
20;3400;707;6;011
20;3400;708;6;011
20;3400;709;6;011
20;3400;710;6;011
20;3400;711;6;011
20;3400;712;6;011
20;3400;713;6;011
20;3400;714;6;002
20;3400;715;6;006
20;3400;716;6;006
20;3400;717;6;006
20;3400;718;6;010
20;3400;719;6;008
20;3400;720;6;003
20;3400;721;6;009
20;3400;722;6;009
20;3400;723;6;015
20;3400;724;6;004
20;3400;725;6;007+005
20;3400;727;6;014
20;3400;728;6;014
20;3400;729;6;012
20;3400;730;6;001
20;3400;731;6;013
20;3400;732;6;011
[END]

[MAJ]
20;6;   ;02;;;Пе▓║░ С▓е┤анов С▓о┐нов и Нели Пе▓░ова К│╢кова;, ;ПСС+НПК;20080;0;1
20;6;   ;05;;;Гео░ги Седе┤╖ов П║░ванов и Ангел Иванов Ма░ин;, ;ГСП+АИМ;43510;1;2
[END]

[PROP]
[END]

[LISTI]
[END]

[PROT]
6;20;0100;201;811+1+468+468+1+1+2+38+466;112+354
6;20;0100;202;632+1+387+387+1+0+1+29+386;79+307
6;20;0100;203;364+0+228+228+0+0+0+24+228;60+168
6;20;0100;204;536+1+306+306+0+0+0+0+306;78+228
6;20;0100;205;287+2+157+157+0+1+1+6+156;92+64
6;20;0100;206;127+3+76+76+0+0+0+0+76;12+64
6;20;0100;207;125+3+91+91+0+1+1+4+90;23+67
6;20;0100;208;124+4+94+94+0+0+0+10+94;17+77
6;20;0100;209;284+1+94+94+0+0+0+6+94;49+45
6;20;0700;301;850+2+531+531+1+2+3+11+528;110+418
6;20;0700;302;863+3+427+427+0+0+0+3+427;104+323
6;20;0700;303;187+1+99+99+0+0+0+5+99;38+61
6;20;0700;304;484+1+216+216+0+0+0+15+216;66+150
6;20;0700;305;310+0+192+192+0+0+0+5+192;96+96
6;20;0700;306;562+2+246+246+0+2+2+17+244;83+161
6;20;0700;307;342+1+242+242+0+0+0+0+242;5+237
6;20;0700;308;402+1+181+181+0+0+0+0+181;114+67
6;20;0700;309;422+1+242+242+0+0+0+0+242;45+197
6;20;0700;310;487+0+213+213+0+1+1+14+212;67+145
6;20;0700;311;653+5+322+322+0+0+0+4+322;108+214
6;20;0700;312;413+2+225+225+0+1+1+7+224;88+136
6;20;0700;313;488+2+233+233+0+0+0+2+233;104+129
6;20;0700;314;431+4+157+157+0+1+1+12+156;62+94
6;20;0700;315;198+0+107+107+1+0+1+3+106;55+51
6;20;0700;316;465+3+280+280+0+0+0+4+280;134+146
6;20;0700;317;354+2+237+237+0+0+0+11+237;24+213
6;20;0700;318;491+3+273+273+0+1+1+0+272;135+137
6;20;0700;319;162+1+138+138+0+0+0+8+138;25+113
6;20;0700;320;311+2+196+196+0+0+0+0+196;39+157
6;20;0700;321;184+5+129+129+0+0+0+2+129;28+101
6;20;0700;322;415+3+327+327+0+0+0+13+327;90+237
6;20;0700;323;815+0+361+361+0+0+0+16+361;95+266
6;20;0700;324;601+2+272+272+1+0+1+7+271;110+161
6;20;0700;325;422+1+212+212+0+1+1+11+211;62+149
6;20;1000;401;784+0+424+424+0+0+0+7+424;69+355
6;20;1000;402;486+0+325+325+0+0+0+17+325;30+295
6;20;1000;403;923+0+391+391+1+0+1+13+390;95+295
6;20;1000;404;811+7+415+415+1+3+4+5+411;73+338
6;20;1000;405;701+0+378+378+0+0+0+16+378;53+325
6;20;1000;406;882+0+341+341+0+1+1+9+340;161+179
6;20;1000;407;773+0+356+356+0+2+2+17+354;75+279
6;20;1000;408;808+9+337+337+0+3+3+10+334;135+199
6;20;1000;409;902+1+253+253+0+0+0+0+253;65+188
6;20;1000;410;788+3+209+209+0+0+0+0+209;76+133
6;20;1000;411;434+3+142+142+0+0+0+6+142;39+103
6;20;1000;412;40+0+22+22+0+0+0+0+22;13+9
6;20;1000;413;763+0+399+399+0+1+1+0+398;85+313
6;20;1000;414;383+2+222+222+0+0+0+4+222;43+179
6;20;1000;415;472+1+284+284+0+2+2+0+282;69+213
6;20;1000;416;191+2+125+125+0+0+0+0+125;28+97
6;20;1000;417;501+4+187+187+0+0+0+0+187;63+124
6;20;1000;418;435+2+161+161+0+1+1+3+160;55+105
6;20;1000;419;628+2+314+314+0+1+1+11+313;38+275
6;20;1000;420;101+1+73+73+0+0+0+0+73;4+69
6;20;1000;421;333+3+292+292+0+0+0+0+292;35+257
6;20;1000;422;277+2+259+259+0+0+0+0+259;11+248
6;20;1000;423;892+3+446+446+2+0+2+0+444;86+358
6;20;1000;424;543+1+229+229+2+0+2+0+227;66+161
6;20;1000;425;708+0+423+423+0+0+0+0+423;181+242
6;20;1000;426;196+1+109+109+0+0+0+0+109;40+69
6;20;1000;427;669+0+241+241+0+2+2+4+239;79+160
6;20;1000;428;588+1+227+227+0+0+0+0+227;72+155
6;20;1000;429;773+1+339+339+0+0+0+0+339;181+158
6;20;1000;430;609+3+259+259+0+0+0+13+259;116+143
6;20;1000;431;636+1+370+370+0+0+0+0+370;69+301
6;20;1000;432;636+4+289+289+0+0+0+0+289;70+219
6;20;1000;433;799+0+430+430+0+1+1+0+429;73+356
6;20;1000;434;414+1+265+265+0+0+0+2+265;32+233
6;20;1000;435;749+2+563+563+1+1+2+5+561;42+519
6;20;1000;436;353+0+181+181+0+0+0+0+181;63+118
6;20;1000;437;791+0+449+449+3+0+3+0+446;140+306
6;20;1000;438;759+1+368+368+1+0+1+18+367;146+221
6;20;1000;439;689+0+344+344+0+0+0+22+344;111+233
6;20;1000;440;529+0+469+469+0+0+0+2+469;72+397
6;20;1000;441;492+2+377+377+0+0+0+3+377;32+345
6;20;1000;442;822+2+369+369+0+0+0+0+369;115+254
6;20;1500;501;179+5+136+136+0+0+0+5+136;31+105
6;20;1500;502;758+0+355+355+1+1+2+9+353;240+113
6;20;1500;503;106+2+58+58+0+0+0+3+58;19+39
6;20;1500;504;90+0+56+56+0+0+0+6+56;30+26
6;20;1500;505;289+1+161+161+0+2+2+4+159;81+78
6;20;1500;506;451+0+344+344+0+0+0+12+344;86+258
6;20;1500;507;177+0+139+139+0+0+0+0+139;10+129
6;20;1500;508;151+0+79+79+0+0+0+0+79;37+42
6;20;1500;509;200+0+84+84+0+1+1+0+83;30+53
6;20;1500;510;40+0+32+32+0+0+0+1+32;8+24
6;20;1500;511;117+1+68+68+0+1+1+1+67;22+45
6;20;1500;512;455+0+290+290+0+0+0+19+290;79+211
6;20;1500;513;506+0+232+232+1+0+1+17+231;149+82
6;20;1500;514;57+0+48+48+0+0+0+0+48;19+29
6;20;1500;515;42+3+40+40+0+1+1+0+39;11+28
6;20;1500;516;35+1+29+29+0+0+0+3+29;6+23
6;20;1500;517;435+0+295+295+0+1+1+10+294;45+249
6;20;3100;101;1190+1+720+720+0+1+1+42+719;275+444
6;20;3100;102;588+1+325+325+1+0+1+14+324;140+184
6;20;3100;103;595+1+308+308+0+0+0+7+308;124+184
6;20;3100;104;589+1+293+293+1+0+1+8+292;99+193
6;20;3100;105;1039+2+586+586+1+0+1+0+585;241+344
6;20;3100;106;751+0+401+401+0+0+0+5+401;164+237
6;20;3100;107;623+1+356+356+1+0+1+0+355;135+220
6;20;3100;108;838+1+455+455+0+0+0+0+455;177+278
6;20;3100;109;805+0+456+456+0+0+0+15+456;150+306
6;20;3100;110;899+3+413+413+1+0+1+10+412;136+276
6;20;3100;111;599+0+318+318+1+0+1+0+317;112+205
6;20;3100;112;718+1+365+365+0+0+0+2+365;122+243
6;20;3100;113;984+0+541+541+0+1+1+14+540;183+357
6;20;3100;114;621+0+349+349+0+0+0+15+349;104+245
6;20;3100;115;770+0+406+406+0+0+0+0+406;138+268
6;20;3100;116;690+3+397+397+1+0+1+17+396;143+253
6;20;3100;117;965+1+410+410+0+0+0+5+410;142+268
6;20;3100;118;1068+0+515+515+0+0+0+0+515;200+315
6;20;3100;119;972+0+387+387+0+1+1+0+386;155+231
6;20;3100;120;546+4+279+279+0+1+1+8+278;84+194
6;20;3100;121;1135+0+506+506+0+0+0+5+506;190+316
6;20;3100;122;850+0+423+423+0+0+0+17+423;155+268
6;20;3100;123;1396+0+732+732+1+0+1+20+731;264+467
6;20;3100;124;791+0+471+471+0+0+0+11+471;174+297
6;20;3100;125;754+0+393+393+0+0+0+0+393;147+246
6;20;3100;126;789+0+447+447+0+0+0+21+447;151+296
6;20;3100;127;995+0+559+559+0+0+0+0+559;194+365
6;20;3100;128;1003+0+594+594+0+0+0+0+594;221+373
6;20;3100;129;534+1+292+292+2+1+3+9+289;95+194
6;20;3100;130;1091+7+490+490+1+0+1+13+489;227+262
6;20;3100;131;676+0+292+292+1+0+1+0+291;133+158
6;20;3100;132;1013+0+504+504+0+1+1+23+503;183+320
6;20;3100;133;955+1+232+232+0+2+2+19+230;137+93
6;20;3100;134;947+0+411+411+0+1+1+8+410;163+247
6;20;3100;135;604+5+302+302+1+1+2+0+300;105+195
6;20;3100;136;832+1+487+487+0+0+0+25+487;234+253
6;20;3100;137;1183+1+698+698+0+4+4+22+694;303+391
6;20;3100;138;804+2+449+449+0+0+0+8+449;177+272
6;20;3100;139;988+7+502+502+0+0+0+0+502;222+280
6;20;3100;140;1213+6+647+647+1+2+3+18+644;285+359
6;20;3100;141;733+2+391+391+0+0+0+14+391;130+261
6;20;3100;142;619+2+352+352+0+0+0+0+352;121+231
6;20;3100;143;825+0+453+453+0+0+0+15+453;163+290
6;20;3100;144;1157+1+593+593+0+0+0+0+593;233+360
6;20;3100;145;612+0+246+246+0+0+0+0+246;97+149
6;20;3100;146;859+2+488+488+0+0+0+20+488;202+286
6;20;3100;147;45+0+22+22+0+0+0+0+22;7+15
6;20;3100;148;206+0+143+143+0+1+1+6+142;37+105
6;20;3100;149;965+1+417+417+1+0+1+0+416;158+258
6;20;3100;150;977+2+483+483+0+0+0+0+483;175+308
6;20;3100;151;974+2+465+465+0+0+0+0+465;145+320
6;20;3100;152;806+1+396+396+0+0+0+6+396;113+283
6;20;3100;153;919+2+525+525+0+0+0+22+525;172+353
6;20;3100;154;655+0+394+394+0+0+0+13+394;121+273
6;20;3100;155;560+1+328+328+0+1+1+10+327;89+238
6;20;3100;156;579+5+343+343+1+1+2+13+341;94+247
6;20;3100;157;583+3+388+388+0+1+1+25+387;118+269
6;20;3100;158;84+2+62+62+0+0+0+2+62;13+49
6;20;3100;159;988+9+312+312+0+0+0+19+312;165+147
6;20;3100;160;179+7+110+110+0+1+1+6+109;24+85
6;20;3100;161;346+6+258+258+0+0+0+0+258;90+168
6;20;3100;162;97+6+84+84+0+0+0+0+84;9+75
6;20;3100;163;441+1+204+204+1+1+2+3+202;121+81
6;20;3100;164;899+1+585+585+0+0+0+0+585;124+461
6;20;3100;165;956+0+561+561+0+0+0+32+561;92+469
6;20;3100;166;569+0+304+304+1+0+1+0+303;63+240
6;20;3100;167;764+2+502+502+0+0+0+0+502;76+426
6;20;3100;168;932+0+361+361+1+5+6+14+355;149+206
6;20;3100;169;149+4+108+108+0+0+0+0+108;20+88
6;20;3100;170;65+2+49+49+0+0+0+0+49;13+36
6;20;3100;171;112+5+86+86+0+0+0+6+86;31+55
6;20;3100;172;580+2+285+285+0+1+1+0+284;60+224
6;20;3100;173;600+2+352+352+0+0+0+0+352;74+278
6;20;3100;174;126+0+83+83+0+0+0+0+83;19+64
6;20;3100;175;463+4+299+299+0+0+0+21+299;51+248
6;20;3100;176;334+3+245+245+1+0+1+8+244;54+190
6;20;3100;177;783+0+515+515+1+1+2+48+513;79+434
6;20;3100;178;49+1+35+35+0+0+0+0+35;19+16
6;20;3200;601;897+1+549+549+0+2+2+23+547;103+444
6;20;3200;602;384+0+173+173+2+0+2+6+171;57+114
6;20;3200;603;510+3+286+286+0+1+1+16+285;79+206
6;20;3200;604;506+1+352+352+0+0+0+26+352;57+295
6;20;3200;605;136+5+95+95+0+0+0+0+95;17+78
6;20;3200;606;980+0+209+209+0+2+2+6+207;89+118
6;20;3200;607;565+0+177+177+0+2+2+3+175;75+100
6;20;3200;608;525+0+159+159+0+0+0+0+159;57+102
6;20;3200;609;94+3+81+81+0+0+0+4+81;33+48
6;20;3200;610;199+4+135+135+0+2+2+3+133;59+74
6;20;3200;611;836+3+473+473+0+1+1+25+472;146+326
6;20;3200;612;160+3+106+106+0+0+0+13+106;30+76
6;20;3400;701;756+0+406+406+0+0+0+15+406;131+275
6;20;3400;702;719+1+355+355+1+0+1+18+354;124+230
6;20;3400;703;754+0+354+354+0+0+0+14+354;173+181
6;20;3400;704;672+0+258+258+1+0+1+14+257;103+154
6;20;3400;705;683+0+346+346+0+0+0+9+346;101+245
6;20;3400;706;796+0+416+416+0+0+0+22+416;121+295
6;20;3400;707;704+0+315+315+0+0+0+0+315;81+234
6;20;3400;708;620+0+269+269+0+0+0+0+269;75+194
6;20;3400;709;718+0+391+391+0+1+1+14+390;77+313
6;20;3400;710;709+1+373+373+0+0+0+5+373;112+261
6;20;3400;711;649+0+315+315+0+1+1+16+314;109+205
6;20;3400;712;747+0+353+353+2+2+4+18+349;98+251
6;20;3400;713;589+0+276+276+0+0+0+6+276;110+166
6;20;3400;714;678+0+432+432+1+1+2+18+430;123+307
6;20;3400;715;535+0+310+310+0+1+1+12+309;102+207
6;20;3400;716;634+0+213+213+0+2+2+3+211;60+151
6;20;3400;717;515+2+249+249+1+1+2+5+247;69+178
6;20;3400;718;98+1+77+77+0+0+0+1+77;20+57
6;20;3400;719;620+1+316+316+0+0+0+0+316;136+180
6;20;3400;720;225+3+110+110+0+1+1+3+109;33+76
6;20;3400;721;504+0+307+307+0+0+0+0+307;56+251
6;20;3400;722;664+1+378+378+0+0+0+0+378;76+302
6;20;3400;723;596+0+319+319+0+0+0+20+319;124+195
6;20;3400;724;375+3+258+258+0+0+0+5+258;66+192
6;20;3400;725;136+3+74+74+0+0+0+1+74;18+56
6;20;3400;727;551+0+268+268+0+2+2+0+266;47+219
6;20;3400;728;795+0+303+303+0+0+0+0+303;110+193
6;20;3400;729;318+2+153+153+0+0+0+0+153;67+86
6;20;3400;730;66+3+50+50+0+0+0+0+50;12+38
6;20;3400;731;94+4+71+71+0+0+0+0+71;22+49
6;20;3400;732;42+0+17+17+1+0+1+0+16;4+12
[END]

[AGGR]
20;6;   ;2+214+214+122100+321+63726+63726+48+88+136+1592+63590;20080+43510
[END]
