[INFO]
21;Сливен;301
[END]

[IZB]
21;6;   ;;18.11.2001;2;2;308
[END]

[NM]
2111;001;▒. Бо░ин╢и;05480;00
2111;002;▒. Б░а▓ан;06135;00
2111;005;▒. Г░аде╢;17436;00
2111;006;▒. Д║бова;24270;00
2111;007;▒. Же░авна;29283;00
2111;010;▒. Ка▓│ни╣е;36681;00
2111;011;▒. Кипилово;36854;00
2111;012;г░. Ко▓ел;39030;00
2111;013;▒. Малко ▒ело;46646;00
2111;014;▒. Медвен;47528;00
2111;016;▒. Мок░ен;00045;00
2111;017;▒. Нейково;51398;00
2111;020;▒. О░лово;53919;00
2111;021;▒. О▒▓░а Могила;54300;00
2111;023;▒. П║да░ево;58966;00
2111;025;▒. Седла░ево;65958;00
2111;026;▒. Сокола░╢и;67859;00
2111;027;▒. С▓░ел╢и;69821;00
2111;028;▒. Ти╖а;72480;00
2111;029;▒. Топ│зево;72833;00
2111;030;▒. Фила░е▓ово;76073;00
2111;031;▒. Ябланово;87031;00
2116;001;▒. А▒енове╢;00713;00
2116;002;▒. Бан┐;02734;00
2116;003;▒. Богданово;04635;00
2116;004;▒. Б░┐▒▓ово;06788;00
2116;005;▒. Б┐л кладене╢;07778;00
2116;007;▒. Г░а┤и▓ово;17810;00
2116;008;▒. Д┐дово;24760;00
2116;009;▒. Езе░о;27111;00
2116;010;▒. Еленово;27245;00
2116;011;▒. Заго░╢и;30171;00
2116;012;▒. Каменово;35907;00
2116;013;▒. Ка░аново;36395;00
2116;014;▒. Кон╝ово;38426;00
2116;015;▒. Ко░▓ен;38683;00
2116;016;▒. К░ива к░│╕а;39757;00
2116;017;▒. Л╛бене╢;44505;00
2116;018;▒. Л╛бенова ма╡ала;44522;00
2116;019;▒. Млека░ево;48725;00
2116;020;▒. На│╖ен;51161;00
2116;021;г░. Нова Заго░а;51809;00
2116;022;▒. Ново▒еле╢;52146;00
2116;023;▒. Ома░╖ево;53518;00
2116;024;▒. Пе▓ могили;56068;00
2116;025;▒. Пи▓ово;56527;00
2116;026;▒. Пол▒ко п║да░ево;57371;00
2116;027;▒. П░о╡о░ово;58726;00
2116;028;▒. Радево;61310;00
2116;029;▒. Раде╢ки;61340;00
2116;030;▒. Сокол;67831;00
2116;031;▒. С▓оил войвода;69314;00
2116;032;▒. С║б░ано;70456;00
2116;033;▒. С║диево;70487;00
2116;034;▒. С║дий▒ко поле;70490;00
2116;035;▒. Ценино;78344;00
2120;001;▒. Биково;04039;00
2120;004;▒. Бинко▒;04114;00
2120;005;▒. Бла▓е╢;04337;00
2120;006;▒. Божев╢и;04947;00
2120;007;▒. Бозаджии;05092;00
2120;008;▒. Б┐ла;07613;00
2120;009;▒. В║глен;12414;00
2120;010;▒. Гав░аилово;14275;00
2120;011;▒. Ге░геве╢;14800;00
2120;012;▒. Гл│┤и╕ево;15206;00
2120;013;▒. Гл│╕ник;15237;00
2120;014;▒. Гол┐мо Чо╖овен;15936;00
2120;015;▒. Го░но Алек▒анд░ово;16688;00
2120;016;▒. Г░ад▒ко;17600;00
2120;017;▒. Д░агоданово;23337;00
2120;018;▒. Жел╝о войвода;29194;00
2120;019;▒. Зай╖а░и;30257;00
2120;020;▒. Зла▓и войвода;30990;00
2120;021;▒. Изг░ев;32545;00
2120;022;▒. И╖е░а;32915;00
2120;023;▒. Кало┐ново;35537;00
2120;024;▒. Камен;35660;00
2120;025;г░. Ке░мен;36779;00
2120;027;▒. Кова╖и▓е;37530;00
2120;029;▒. К░│╕а░е;40083;00
2120;030;▒. Малко Чо╖овен;46694;00
2120;032;▒. Ме╖ка░ево;47980;00
2120;033;▒. Младово;48708;00
2120;035;▒. Николаево;51634;00
2120;037;▒. Нова╖ево;51929;00
2120;038;▒. Пана░е▓ов╢и;55333;00
2120;039;▒. Раково;62061;00
2120;041;▒. Сам│илово;65303;00
2120;042;▒. Селиминово;66041;00
2120;043;▒. Скобелево;66812;00
2120;044;г░. Сливен;67338;00
2120;046;▒. Со▓и░┐;68117;00
2120;047;▒. С░едо░ек;68549;00
2120;048;▒. С▓а░а ░ека;68864;00
2120;049;▒. С▓а░о ▒ело;69081;00
2120;050;▒. Чокоба;81534;00
2120;051;▒. С▓░│пе╢;69986;00
2120;052;▒. Топол╖ане;72816;00
2120;053;▒. Т░апоклово;73016;00
2120;054;▒. Чин▓│лово;81387;00
2124;001;▒. Близне╢;04443;00
2124;002;▒. Бо░ов дол;05551;00
2124;003;▒. Б┐ла паланка;07644;00
2124;004;▒. Ж║л▓ б░┐г;29533;00
2124;005;▒. О░иза░и;53847;00
2124;006;▒. Сбо░и╣е;65499;00
2124;007;▒. С║░╢ево;70679;00
2124;008;г░. Тв║░ди╢а;72165;00
2124;009;▒. Че░венаково;80474;00
2124;010;г░. Шива╖ево;15944;00
[END]

[SEC]
21;1100;001;6;016
21;1100;002;6;001
21;1100;003;6;002
21;1100;004;6;005
21;1100;005;6;005
21;1100;006;6;005
21;1100;007;6;005
21;1100;008;6;005
21;1100;009;6;006
21;1100;010;6;007
21;1100;011;6;010
21;1100;012;6;011
21;1100;013;6;012
21;1100;014;6;012
21;1100;015;6;012
21;1100;016;6;012
21;1100;017;6;012
21;1100;018;6;012
21;1100;019;6;012
21;1100;020;6;012
21;1100;021;6;012
21;1100;022;6;013
21;1100;023;6;014
21;1100;024;6;017
21;1100;025;6;020
21;1100;026;6;021
21;1100;027;6;023
21;1100;028;6;025
21;1100;029;6;026
21;1100;030;6;027
21;1100;031;6;028
21;1100;032;6;028
21;1100;033;6;029
21;1100;034;6;030
21;1100;035;6;031
21;1100;036;6;031
21;1100;037;6;031
21;1100;038;6;031
21;1600;001;6;021
21;1600;002;6;021
21;1600;003;6;021
21;1600;004;6;021
21;1600;005;6;021
21;1600;006;6;021
21;1600;007;6;021
21;1600;008;6;021
21;1600;009;6;021
21;1600;010;6;021
21;1600;011;6;021
21;1600;012;6;021
21;1600;013;6;021
21;1600;014;6;021
21;1600;015;6;021
21;1600;016;6;021
21;1600;017;6;021
21;1600;018;6;021
21;1600;019;6;021
21;1600;020;6;021
21;1600;021;6;021
21;1600;022;6;021
21;1600;023;6;021
21;1600;024;6;021
21;1600;025;6;021
21;1600;026;6;021
21;1600;027;6;021
21;1600;028;6;021
21;1600;029;6;021
21;1600;030;6;015
21;1600;031;6;015
21;1600;032;6;001
21;1600;033;6;004
21;1600;034;6;013
21;1600;035;6;016
21;1600;036;6;002
21;1600;037;6;002
21;1600;038;6;033
21;1600;039;6;035
21;1600;040;6;034
21;1600;041;6;020
21;1600;042;6;012
21;1600;043;6;014
21;1600;044;6;009
21;1600;045;6;026
21;1600;046;6;023+007
21;1600;047;6;025
21;1600;048;6;027
21;1600;049;6;010
21;1600;050;6;030
21;1600;051;6;028
21;1600;052;6;019
21;1600;053;6;005
21;1600;054;6;029
21;1600;055;6;022
21;1600;056;6;024
21;1600;057;6;031
21;1600;058;6;008
21;1600;059;6;003
21;1600;060;6;018
21;1600;061;6;017
21;1600;062;6;032
21;1600;063;6;011
21;2000;001;6;044
21;2000;002;6;044
21;2000;003;6;044
21;2000;004;6;044
21;2000;005;6;044
21;2000;006;6;044
21;2000;007;6;044
21;2000;008;6;044
21;2000;009;6;044
21;2000;010;6;044
21;2000;011;6;044
21;2000;012;6;044
21;2000;013;6;044
21;2000;014;6;044
21;2000;015;6;044
21;2000;016;6;044
21;2000;017;6;044
21;2000;018;6;044
21;2000;019;6;044
21;2000;020;6;044
21;2000;021;6;044
21;2000;022;6;044
21;2000;023;6;044
21;2000;024;6;044
21;2000;025;6;044
21;2000;026;6;044
21;2000;027;6;044
21;2000;028;6;044
21;2000;029;6;044
21;2000;030;6;044
21;2000;031;6;044
21;2000;032;6;044
21;2000;033;6;044
21;2000;034;6;044
21;2000;035;6;044
21;2000;036;6;044
21;2000;037;6;044
21;2000;038;6;044
21;2000;039;6;044
21;2000;040;6;044
21;2000;041;6;044
21;2000;042;6;044
21;2000;043;6;044
21;2000;044;6;044
21;2000;045;6;044
21;2000;046;6;044
21;2000;047;6;044
21;2000;048;6;044
21;2000;049;6;044
21;2000;050;6;044
21;2000;051;6;044
21;2000;052;6;044
21;2000;053;6;044
21;2000;054;6;044
21;2000;055;6;044
21;2000;056;6;044
21;2000;057;6;044
21;2000;058;6;044
21;2000;059;6;044
21;2000;060;6;044
21;2000;061;6;044
21;2000;062;6;044
21;2000;063;6;044
21;2000;064;6;044
21;2000;065;6;044
21;2000;066;6;044
21;2000;067;6;044
21;2000;068;6;044
21;2000;069;6;044
21;2000;070;6;044
21;2000;071;6;044
21;2000;072;6;044
21;2000;073;6;044
21;2000;074;6;044
21;2000;075;6;044
21;2000;076;6;044
21;2000;077;6;044
21;2000;078;6;044
21;2000;079;6;044
21;2000;080;6;044
21;2000;081;6;044
21;2000;082;6;044
21;2000;083;6;044
21;2000;084;6;044
21;2000;085;6;044
21;2000;086;6;044
21;2000;087;6;044
21;2000;088;6;044
21;2000;089;6;044
21;2000;090;6;044
21;2000;091;6;044
21;2000;092;6;044
21;2000;093;6;044
21;2000;094;6;044
21;2000;095;6;044
21;2000;096;6;044
21;2000;097;6;044
21;2000;098;6;044
21;2000;099;6;044
21;2000;100;6;044
21;2000;101;6;044
21;2000;102;6;044
21;2000;103;6;044
21;2000;104;6;044
21;2000;105;6;044
21;2000;106;6;044
21;2000;107;6;044
21;2000;108;6;044
21;2000;109;6;044
21;2000;110;6;044
21;2000;111;6;044
21;2000;112;6;044
21;2000;113;6;044
21;2000;114;6;044
21;2000;115;6;044
21;2000;116;6;044
21;2000;117;6;044
21;2000;118;6;044
21;2000;119;6;044
21;2000;120;6;044
21;2000;121;6;044
21;2000;122;6;044
21;2000;123;6;044
21;2000;124;6;044
21;2000;125;6;044
21;2000;126;6;044
21;2000;127;6;046
21;2000;128;6;046
21;2000;129;6;022
21;2000;130;6;039
21;2000;131;6;048
21;2000;132;6;021
21;2000;133;6;006
21;2000;134;6;047
21;2000;135;6;019
21;2000;136;6;016
21;2000;137;6;037
21;2000;138;6;009
21;2000;139;6;008
21;2000;140;6;008
21;2000;141;6;054
21;2000;142;6;030
21;2000;143;6;014
21;2000;144;6;010
21;2000;145;6;010
21;2000;146;6;042
21;2000;147;6;042
21;2000;148;6;004
21;2000;149;6;051
21;2000;150;6;049
21;2000;151;6;020
21;2000;152;6;020
21;2000;153;6;027
21;2000;154;6;027
21;2000;155;6;035
21;2000;156;6;033
21;2000;157;6;001
21;2000;158;6;007
21;2000;159;6;043
21;2000;160;6;025
21;2000;161;6;025
21;2000;162;6;025
21;2000;163;6;050
21;2000;164;6;012
21;2000;165;6;038
21;2000;166;6;041
21;2000;167;6;041
21;2000;168;6;032
21;2000;169;6;011
21;2000;170;6;029
21;2000;171;6;029
21;2000;172;6;024
21;2000;173;6;024
21;2000;174;6;018
21;2000;175;6;018
21;2000;176;6;018
21;2000;177;6;018
21;2000;178;6;052
21;2000;179;6;052
21;2000;180;6;052
21;2000;181;6;023
21;2000;182;6;013
21;2000;183;6;053
21;2000;184;6;017
21;2000;185;6;005
21;2000;186;6;015
21;2000;187;6;044
21;2000;188;6;044
21;2000;189;6;044
21;2400;001;6;008
21;2400;002;6;008
21;2400;003;6;008
21;2400;004;6;008
21;2400;005;6;008
21;2400;006;6;008
21;2400;008;6;005
21;2400;009;6;006
21;2400;010;6;006
21;2400;011;6;010
21;2400;012;6;010
21;2400;013;6;010
21;2400;014;6;009
21;2400;015;6;001
21;2400;016;6;007
21;2400;017;6;002
21;2400;018;6;004
21;2400;019;6;003
[END]

[MAJ]
21;6;   ;02;;;Пе▓║░ С▓е┤анов С▓о┐нов и Нели Пе▓░ова К│╢кова;, ;ПСС+НПК;38329;0;1
21;6;   ;05;;;Гео░ги Седе┤╖ов П║░ванов и Ангел Иванов Ма░ин;, ;ГСП+АИМ;54869;1;2
[END]

[PROP]
[END]

[LISTI]
[END]

[PROT]
6;21;1100;001;660+29+415+415+1+0+1+21+414;125+289
6;21;1100;002;175+4+96+96+0+0+0+0+96;37+59
6;21;1100;003;45+0+22+22+0+0+0+0+22;3+19
6;21;1100;004;623+4+299+299+1+0+1+0+298;96+202
6;21;1100;005;462+0+99+99+0+1+1+0+98;29+69
6;21;1100;006;395+2+67+67+0+0+0+0+67;17+50
6;21;1100;007;534+0+125+125+0+2+2+13+123;25+98
6;21;1100;008;432+2+71+71+0+1+1+4+70;21+49
6;21;1100;009;102+7+85+85+0+0+0+0+85;19+66
6;21;1100;010;452+2+259+259+1+1+2+0+257;94+163
6;21;1100;011;44+2+36+36+0+0+0+0+36;7+29
6;21;1100;012;683+3+413+413+0+0+0+20+413;58+355
6;21;1100;013;629+0+338+338+1+0+1+0+337;113+224
6;21;1100;014;726+1+383+383+2+0+2+0+381;126+255
6;21;1100;015;536+1+261+261+0+1+1+0+260;98+162
6;21;1100;016;818+0+453+453+2+0+2+0+451;145+306
6;21;1100;017;678+1+327+327+0+0+0+0+327;129+198
6;21;1100;018;554+0+265+265+0+0+0+4+265;79+186
6;21;1100;019;523+1+228+228+0+1+1+10+227;81+146
6;21;1100;020;662+0+265+265+0+0+0+10+265;147+118
6;21;1100;021;688+0+309+309+0+0+0+8+309;132+177
6;21;1100;022;444+3+214+214+0+1+1+3+213;149+64
6;21;1100;023;169+5+134+134+0+0+0+4+134;44+90
6;21;1100;024;467+4+284+284+0+0+0+9+284;59+225
6;21;1100;025;177+0+75+75+0+0+0+3+75;18+57
6;21;1100;026;188+1+90+90+1+0+1+0+89;44+45
6;21;1100;027;504+14+307+307+0+0+0+6+307;91+216
6;21;1100;028;52+1+44+44+0+0+0+1+44;13+31
6;21;1100;029;507+0+189+189+0+2+2+6+187;62+125
6;21;1100;030;387+0+155+155+0+1+1+0+154;84+70
6;21;1100;031;478+1+190+190+1+0+1+0+189;96+93
6;21;1100;032;488+1+195+195+0+0+0+0+195;72+123
6;21;1100;033;135+1+55+55+0+0+0+0+55;14+41
6;21;1100;034;689+0+202+202+0+0+0+0+202;69+133
6;21;1100;035;702+1+316+316+1+0+1+3+315;248+67
6;21;1100;036;680+0+240+240+0+0+0+9+240;174+66
6;21;1100;037;624+1+262+262+0+0+0+0+262;212+50
6;21;1100;038;711+0+317+317+0+0+0+9+317;215+102
6;21;1600;001;1147+2+555+555+0+0+0+15+555;257+298
6;21;1600;002;997+1+502+502+0+0+0+17+502;239+263
6;21;1600;003;797+2+446+446+1+0+1+23+445;228+217
6;21;1600;004;1068+0+587+587+1+0+1+26+586;305+281
6;21;1600;005;808+1+442+442+1+0+1+13+441;222+219
6;21;1600;006;881+0+462+462+1+0+1+35+461;224+237
6;21;1600;007;667+3+394+394+0+0+0+29+394;188+206
6;21;1600;008;948+0+466+466+0+0+0+26+466;191+275
6;21;1600;009;564+2+154+154+0+2+2+11+152;34+118
6;21;1600;010;574+0+179+179+0+2+2+16+177;43+134
6;21;1600;011;699+0+238+238+0+1+1+0+237;35+202
6;21;1600;012;305+0+116+116+0+0+0+1+116;19+97
6;21;1600;013;364+0+106+106+0+2+2+0+104;22+82
6;21;1600;014;563+1+182+182+0+1+1+0+181;38+143
6;21;1600;015;657+0+237+237+2+1+3+0+234;41+193
6;21;1600;016;689+0+197+197+0+1+1+0+196;29+167
6;21;1600;017;724+0+407+407+0+1+1+20+406;174+232
6;21;1600;018;876+0+490+490+2+0+2+25+488;205+283
6;21;1600;019;484+2+263+263+2+0+2+6+261;103+158
6;21;1600;020;473+0+263+263+0+0+0+0+263;110+153
6;21;1600;021;752+1+435+435+0+0+0+19+435;220+215
6;21;1600;022;638+0+367+367+1+0+1+15+366;196+170
6;21;1600;023;753+0+408+408+0+0+0+10+408;198+210
6;21;1600;024;911+1+411+411+0+0+0+4+411;199+212
6;21;1600;025;948+1+445+445+1+0+1+0+444;231+213
6;21;1600;026;705+0+392+392+0+0+0+5+392;121+271
6;21;1600;027;880+0+507+507+1+0+1+16+506;224+282
6;21;1600;028;831+1+493+493+0+0+0+0+493;206+287
6;21;1600;029;48+0+31+31+0+0+0+0+31;10+21
6;21;1600;030;781+4+498+498+1+1+2+29+496;178+318
6;21;1600;031;895+4+572+572+3+0+3+14+569;208+361
6;21;1600;032;577+4+383+383+1+0+1+0+382;154+228
6;21;1600;033;336+8+191+191+1+0+1+13+190;70+120
6;21;1600;034;583+2+419+419+0+2+2+14+417;108+309
6;21;1600;035;46+4+30+30+0+0+0+5+30;13+17
6;21;1600;036;464+1+284+284+0+1+1+16+283;40+243
6;21;1600;037;531+13+302+302+0+2+2+16+300;93+207
6;21;1600;038;699+4+509+509+0+3+3+11+506;182+324
6;21;1600;039;124+2+87+87+0+0+0+1+87;21+66
6;21;1600;040;312+5+248+248+0+0+0+5+248;113+135
6;21;1600;041;174+6+129+129+1+0+1+0+128;53+75
6;21;1600;042;451+2+225+225+0+0+0+0+225;83+142
6;21;1600;043;838+1+589+589+0+0+0+38+589;138+451
6;21;1600;044;433+0+257+257+0+0+0+0+257;84+173
6;21;1600;045;345+7+228+228+1+0+1+13+227;82+145
6;21;1600;046;454+1+294+294+0+1+1+11+293;102+191
6;21;1600;047;472+3+337+337+0+0+0+16+337;157+180
6;21;1600;048;196+3+127+127+0+0+0+8+127;47+80
6;21;1600;049;581+6+376+376+0+0+0+19+376;137+239
6;21;1600;050;215+0+130+130+0+0+0+0+130;50+80
6;21;1600;051;237+1+152+152+0+0+0+0+152;83+69
6;21;1600;052;731+2+518+518+0+1+1+12+517;270+247
6;21;1600;053;338+5+213+213+0+0+0+0+213;90+123
6;21;1600;054;446+4+309+309+0+0+0+0+309;77+232
6;21;1600;055;474+3+306+306+0+0+0+16+306;127+179
6;21;1600;056;597+1+433+433+0+1+1+25+432;194+238
6;21;1600;057;604+4+422+422+0+0+0+0+422;176+246
6;21;1600;058;351+4+195+195+0+0+0+0+195;101+94
6;21;1600;059;327+8+222+222+0+0+0+9+222;75+147
6;21;1600;060;869+2+554+554+0+0+0+35+554;262+292
6;21;1600;061;426+1+311+311+0+0+0+0+311;134+177
6;21;1600;062;348+2+250+250+0+0+0+0+250;83+167
6;21;1600;063;353+7+243+243+0+0+0+0+243;75+168
6;21;2000;001;707+1+423+423+0+0+0+20+423;199+224
6;21;2000;002;770+1+424+424+1+0+1+19+423;201+222
6;21;2000;003;690+0+354+354+0+1+1+15+353;180+173
6;21;2000;004;708+0+373+373+0+0+0+29+373;190+183
6;21;2000;005;675+1+332+332+0+0+0+0+332;190+142
6;21;2000;006;867+2+408+408+0+1+1+14+407;211+196
6;21;2000;007;735+0+334+334+0+0+0+11+334;137+197
6;21;2000;008;755+0+317+317+0+0+0+0+317;194+123
6;21;2000;009;755+0+331+331+0+0+0+17+331;170+161
6;21;2000;010;523+2+291+291+1+1+2+3+289;128+161
6;21;2000;011;657+0+319+319+1+0+1+22+318;145+173
6;21;2000;012;664+0+295+295+0+0+0+11+295;133+162
6;21;2000;013;491+0+248+248+0+0+0+0+248;133+115
6;21;2000;014;595+3+299+299+0+0+0+0+299;141+158
6;21;2000;015;413+2+191+191+0+0+0+0+191;73+118
6;21;2000;016;739+1+374+374+0+0+0+0+374;175+199
6;21;2000;017;770+1+431+431+1+0+1+0+430;211+219
6;21;2000;018;678+1+371+371+0+1+1+22+370;181+189
6;21;2000;019;429+0+246+246+0+1+1+4+245;105+140
6;21;2000;020;565+0+265+265+0+0+0+0+265;111+154
6;21;2000;021;785+0+408+408+0+1+1+0+407;112+295
6;21;2000;022;644+0+321+321+0+1+1+0+320;174+146
6;21;2000;023;703+1+332+332+0+0+0+15+332;139+193
6;21;2000;024;587+0+293+293+0+0+0+14+293;149+144
6;21;2000;025;604+2+350+350+0+1+1+16+349;189+160
6;21;2000;026;851+4+471+471+0+0+0+17+471;240+231
6;21;2000;027;570+0+312+312+0+0+0+12+312;170+142
6;21;2000;028;598+0+262+262+0+0+0+16+262;130+132
6;21;2000;029;736+0+383+383+0+0+0+18+383;179+204
6;21;2000;030;633+0+375+375+1+0+1+17+374;189+185
6;21;2000;031;660+1+386+386+0+0+0+10+386;194+192
6;21;2000;032;797+2+472+472+0+0+0+10+472;209+263
6;21;2000;033;725+0+422+422+1+0+1+0+421;195+226
6;21;2000;034;650+0+422+422+0+0+0+9+422;183+239
6;21;2000;035;423+0+268+268+0+0+0+7+268;105+163
6;21;2000;036;613+0+360+360+1+0+1+16+359;195+164
6;21;2000;037;632+0+427+427+4+1+5+12+422;191+231
6;21;2000;038;582+0+317+317+0+0+0+13+317;147+170
6;21;2000;039;705+1+404+404+1+0+1+12+403;203+200
6;21;2000;040;692+0+406+406+2+0+2+0+404;199+205
6;21;2000;041;695+1+384+384+0+0+0+15+384;200+184
6;21;2000;042;497+3+206+206+0+0+0+0+206;101+105
6;21;2000;043;743+2+440+440+0+0+0+20+440;186+254
6;21;2000;044;562+2+326+326+0+0+0+0+326;128+198
6;21;2000;045;673+2+359+359+0+1+1+5+358;142+216
6;21;2000;046;470+0+240+240+0+0+0+4+240;149+91
6;21;2000;047;772+0+387+387+1+1+2+0+385;202+183
6;21;2000;048;622+0+300+300+0+0+0+13+300;148+152
6;21;2000;049;723+0+344+344+0+0+0+14+344;166+178
6;21;2000;050;747+0+254+254+0+0+0+7+254;163+91
6;21;2000;051;659+2+323+323+0+0+0+17+323;165+158
6;21;2000;052;557+0+286+286+0+0+0+0+286;146+140
6;21;2000;053;789+1+466+466+0+0+0+16+466;207+259
6;21;2000;054;660+2+313+313+1+0+1+17+312;140+172
6;21;2000;055;777+0+408+408+0+0+0+0+408;210+198
6;21;2000;056;339+0+187+187+0+0+0+14+187;96+91
6;21;2000;057;751+1+360+360+0+1+1+0+359;181+178
6;21;2000;058;1068+2+520+520+3+0+3+11+517;248+269
6;21;2000;059;680+1+332+332+1+1+2+0+330;200+130
6;21;2000;060;765+0+328+328+0+0+0+2+328;146+182
6;21;2000;061;774+3+393+393+0+0+0+0+393;203+190
6;21;2000;062;804+0+424+424+0+0+0+22+424;182+242
6;21;2000;063;853+0+368+368+2+0+2+0+366;183+183
6;21;2000;064;785+0+342+342+0+0+0+3+342;169+173
6;21;2000;065;697+0+314+314+0+0+0+4+314;132+182
6;21;2000;066;848+0+379+379+0+0+0+8+379;193+186
6;21;2000;067;710+0+253+253+3+0+3+7+250;116+134
6;21;2000;068;761+1+341+341+0+0+0+0+341;163+178
6;21;2000;069;780+2+314+314+0+0+0+13+314;141+173
6;21;2000;070;703+0+286+286+0+0+0+8+286;152+134
6;21;2000;071;785+0+394+394+0+0+0+0+394;187+207
6;21;2000;072;715+1+359+359+0+0+0+7+359;140+219
6;21;2000;073;674+2+337+337+0+0+0+0+337;132+205
6;21;2000;074;557+2+280+280+0+0+0+0+280;102+178
6;21;2000;075;693+0+321+321+0+1+1+0+320;153+167
6;21;2000;076;777+0+312+312+0+0+0+7+312;168+144
6;21;2000;077;756+8+376+376+0+1+1+0+375;155+220
6;21;2000;078;829+0+392+392+0+0+0+16+392;190+202
6;21;2000;079;848+0+359+359+0+1+1+17+358;179+179
6;21;2000;080;669+0+271+271+0+0+0+8+271;144+127
6;21;2000;081;691+0+298+298+0+1+1+0+297;114+183
6;21;2000;082;700+3+345+345+0+0+0+0+345;143+202
6;21;2000;083;603+1+310+310+1+0+1+6+309;109+200
6;21;2000;084;620+0+278+278+0+0+0+0+278;153+125
6;21;2000;085;704+0+320+320+0+1+1+0+319;178+141
6;21;2000;086;753+0+312+312+0+1+1+0+311;121+190
6;21;2000;087;727+0+322+322+0+0+0+8+322;135+187
6;21;2000;088;822+0+369+369+3+0+3+13+366;162+204
6;21;2000;089;759+0+268+268+1+0+1+0+267;147+120
6;21;2000;090;702+0+289+289+0+0+0+0+289;148+141
6;21;2000;091;766+0+370+370+0+0+0+0+370;174+196
6;21;2000;092;808+0+392+392+0+1+1+11+391;175+216
6;21;2000;093;619+2+308+308+0+0+0+0+308;158+150
6;21;2000;094;495+2+213+213+0+1+1+5+212;104+108
6;21;2000;095;746+2+417+417+1+0+1+24+416;156+260
6;21;2000;096;612+1+345+345+0+0+0+17+345;85+260
6;21;2000;097;638+0+365+365+0+0+0+5+365;175+190
6;21;2000;098;1141+2+295+295+0+0+0+0+295;123+172
6;21;2000;099;773+1+377+377+0+1+1+18+376;106+270
6;21;2000;100;745+0+371+371+0+1+1+16+370;110+260
6;21;2000;101;726+2+390+390+0+0+0+3+390;115+275
6;21;2000;102;683+1+334+334+0+0+0+0+334;112+222
6;21;2000;103;712+2+341+341+0+0+0+6+341;104+237
6;21;2000;104;566+0+275+275+0+0+0+11+275;119+156
6;21;2000;105;640+1+347+347+0+0+0+11+347;162+185
6;21;2000;106;528+0+278+278+0+0+0+11+278;107+171
6;21;2000;107;624+0+359+359+0+0+0+8+359;145+214
6;21;2000;108;874+1+421+421+0+0+0+17+421;158+263
6;21;2000;109;691+1+363+363+1+1+2+17+361;146+215
6;21;2000;110;818+0+404+404+0+0+0+0+404;188+216
6;21;2000;111;631+0+357+357+0+0+0+0+357;181+176
6;21;2000;112;769+6+354+354+0+0+0+8+354;181+173
6;21;2000;113;746+0+254+254+0+0+0+0+254;94+160
6;21;2000;114;723+0+233+233+0+0+0+0+233;106+127
6;21;2000;115;599+1+198+198+0+0+0+0+198;100+98
6;21;2000;116;770+0+268+268+1+0+1+0+267;133+134
6;21;2000;117;934+4+363+363+0+0+0+0+363;174+189
6;21;2000;118;825+3+266+266+0+0+0+0+266;151+115
6;21;2000;119;384+0+209+209+0+0+0+0+209;39+170
6;21;2000;120;639+1+328+328+0+0+0+7+328;27+301
6;21;2000;121;623+0+275+275+0+1+1+12+274;165+109
6;21;2000;122;839+0+355+355+0+0+0+9+355;222+133
6;21;2000;123;771+0+235+235+0+2+2+0+233;147+86
6;21;2000;124;724+0+268+268+0+0+0+9+268;156+112
6;21;2000;125;905+1+416+416+0+0+0+28+416;214+202
6;21;2000;126;547+2+254+254+0+0+0+17+254;110+144
6;21;2000;127;525+2+247+247+1+0+1+14+246;140+106
6;21;2000;128;539+0+244+244+2+2+4+20+240;120+120
6;21;2000;129;181+12+124+124+0+0+0+0+124;76+48
6;21;2000;130;43+6+42+42+2+0+2+0+40;18+22
6;21;2000;131;529+6+305+305+1+0+1+4+304;53+251
6;21;2000;132;116+1+46+46+0+0+0+0+46;11+35
6;21;2000;133;267+1+158+158+0+0+0+11+158;56+102
6;21;2000;134;120+3+46+46+0+0+0+2+46;17+29
6;21;2000;135;45+1+28+28+0+0+0+0+28;9+19
6;21;2000;136;538+2+235+235+1+3+4+14+231;83+148
6;21;2000;137;875+1+261+261+0+0+0+8+261;140+121
6;21;2000;138;94+1+32+32+0+0+0+0+32;19+13
6;21;2000;139;610+2+377+377+0+0+0+0+377;57+320
6;21;2000;140;626+1+340+340+0+1+1+0+339;43+296
6;21;2000;141;717+3+465+465+0+0+0+15+465;39+426
6;21;2000;142;318+4+230+230+0+0+0+15+230;73+157
6;21;2000;143;213+4+99+99+0+0+0+0+99;36+63
6;21;2000;144;487+0+288+288+0+0+0+6+288;66+222
6;21;2000;145;524+0+298+298+0+0+0+9+298;99+199
6;21;2000;146;501+2+313+313+0+3+3+19+310;53+257
6;21;2000;147;530+1+357+357+0+0+0+2+357;106+251
6;21;2000;148;178+5+128+128+0+0+0+0+128;40+88
6;21;2000;149;195+11+153+153+0+0+0+0+153;12+141
6;21;2000;150;229+6+161+161+0+0+0+6+161;49+112
6;21;2000;151;355+1+212+212+0+0+0+0+212;69+143
6;21;2000;152;530+0+274+274+0+0+0+0+274;60+214
6;21;2000;153;477+0+263+263+0+0+0+0+263;120+143
6;21;2000;154;417+1+261+261+0+0+0+0+261;112+149
6;21;2000;155;350+1+267+267+0+0+0+20+267;89+178
6;21;2000;156;416+9+425+425+0+0+0+0+425;171+254
6;21;2000;157;330+4+234+234+0+1+1+0+233;89+144
6;21;2000;158;71+4+75+75+0+0+0+0+75;36+39
6;21;2000;159;409+1+298+298+0+0+0+0+298;131+167
6;21;2000;160;649+1+412+412+0+0+0+0+412;167+245
6;21;2000;161;503+2+323+323+2+0+2+0+321;154+167
6;21;2000;162;566+0+384+384+1+0+1+0+383;137+246
6;21;2000;163;513+4+343+343+0+0+0+0+343;134+209
6;21;2000;164;481+3+261+261+1+1+2+0+259;136+123
6;21;2000;165;317+2+194+194+0+0+0+0+194;88+106
6;21;2000;166;690+4+394+394+0+0+0+0+394;203+191
6;21;2000;167;784+3+454+454+0+1+1+16+453;105+348
6;21;2000;168;484+3+264+264+0+1+1+5+263;105+158
6;21;2000;169;559+3+363+363+0+0+0+0+363;163+200
6;21;2000;170;842+2+437+437+0+0+0+16+437;99+338
6;21;2000;171;692+3+351+351+0+1+1+24+350;144+206
6;21;2000;172;423+0+219+219+1+0+1+17+218;86+132
6;21;2000;173;443+0+258+258+0+1+1+4+257;65+192
6;21;2000;174;672+2+356+356+0+0+0+0+356;121+235
6;21;2000;175;619+3+378+378+1+0+1+13+377;125+252
6;21;2000;176;460+10+266+266+1+0+1+0+265;118+147
6;21;2000;177;406+1+238+238+0+0+0+0+238;78+160
6;21;2000;178;573+2+355+355+2+2+4+6+351;90+261
6;21;2000;179;619+0+398+398+0+0+0+0+398;115+283
6;21;2000;180;631+1+371+371+0+0+0+0+371;170+201
6;21;2000;181;400+1+270+270+1+1+2+0+268;70+198
6;21;2000;182;264+6+177+177+0+0+0+4+177;60+117
6;21;2000;183;345+5+238+238+0+0+0+14+238;75+163
6;21;2000;184;473+5+307+307+0+0+0+0+307;110+197
6;21;2000;185;745+6+494+494+0+0+0+17+494;134+360
6;21;2000;186;501+4+274+274+0+0+0+0+274;81+193
6;21;2000;187;111+2+86+86+1+0+1+11+85;21+64
6;21;2000;188;154+38+91+91+0+0+0+0+91;28+63
6;21;2000;189;52+0+43+43+1+0+1+0+42;12+30
6;21;2400;001;642+1+371+371+3+1+4+10+367;113+254
6;21;2400;002;958+1+487+487+0+1+1+26+486;188+298
6;21;2400;003;764+0+429+429+2+0+2+0+427;161+266
6;21;2400;004;868+1+490+490+0+1+1+0+489;173+316
6;21;2400;005;867+0+482+482+1+1+2+0+480;110+370
6;21;2400;006;797+0+445+445+0+0+0+0+445;131+314
6;21;2400;008;507+3+256+256+0+2+2+5+254;96+158
6;21;2400;009;846+0+424+424+0+0+0+0+424;139+285
6;21;2400;010;625+0+304+304+0+0+0+0+304;73+231
6;21;2400;011;992+0+518+518+0+1+1+0+517;120+397
6;21;2400;012;1028+0+552+552+1+0+1+0+551;116+435
6;21;2400;013;1004+1+487+487+1+0+1+0+486;110+376
6;21;2400;014;244+3+167+167+0+1+1+0+166;27+139
6;21;2400;015;76+6+66+66+0+0+0+0+66;26+40
6;21;2400;016;43+3+38+38+0+0+0+0+38;8+30
6;21;2400;017;565+1+264+264+0+0+0+5+264;69+195
6;21;2400;018;395+1+175+175+0+2+2+3+173;98+75
6;21;2400;019;896+0+233+233+0+1+1+0+232;128+104
[END]

[AGGR]
21;6;   ;2+308+308+181283+571+93380+93380+92+90+182+2135+93198;38329+54869
[END]
