[INFO]
22;Смол┐н;301
[END]

[IZB]
22;6;   ;;18.11.2001;2;2;272
[END]

[NM]
2202;001;▒. Г║л║бово;00850;00
2202;002;▒. Бо▒илково;05737;00
2202;003;▒. Ви╕нево;11377;00
2202;004;▒. В║л╖андол;12526;00
2202;005;▒. Глогино;15117;00
2202;006;▒. Давидково;20033;00
2202;007;▒. Две ▓ополи;20198;00
2202;008;▒. Дебел┐ново;20290;00
2202;009;▒. Д░┐нка;23875;00
2202;010;▒. Заг░ажден;30209;00
2202;011;▒. К░║▒▓а▓и╢а;40326;00
2202;012;▒. Бани▓е;44402;00
2202;013;▒. Малка А░да;46406;00
2202;016;▒. О░┐╡ове╢;54002;00
2202;017;▒. Планин▒ко;59313;00
2202;018;▒. Рибен дол;62606;00
2202;019;▒. Сливка;67355;00
2202;020;▒. С▓║░ни╢а;70158;00
2202;021;▒. Т░еве;72922;00
2205;001;▒. Бо░ино;05462;00
2205;002;▒. Б│йново;06879;00
2205;003;▒. Кожа░и;37592;00
2205;004;▒. Чала;80159;00
2205;005;▒. Ягодина;87223;00
2209;001;▒. Беден;03112;00
2209;002;▒. Б░езе;06269;00
2209;004;▒. Г░о╡о▓но;17957;00
2209;005;▒. Г╝ов░ен;18424;00
2209;006;г░. Девин;20465;00
2209;007;▒. Ж░ебово;29502;00
2209;008;▒. Ке▒▓ен;36796;00
2209;009;▒. Л┐▒ково;44848;00
2209;010;▒. Ми╡алково;48547;00
2209;012;▒. О▒иково;54198;00
2209;013;▒. Сел╖а;66130;00
2209;015;▒. С▓оманово;69465;00
2209;016;▒. Т░иг░ад;73105;00
2209;017;▒. Ч│░еково;81815;00
2210;001;▒. Ба░│▓ин;02779;00
2210;002;▒. Б░║╣ен;06700;00
2210;003;г░. До▒па▓;23025;00
2210;004;▒. Змей╢а;31259;00
2210;005;▒. Ка▒║ка;41006;00
2210;006;▒. Л╛б╖а;44642;00
2210;007;▒. Ц░║н╖а;78567;00
2210;008;▒. Чавда░;80025;00
2211;001;▒. Аламов╢и;00196;00
2211;002;▒. Долен;21871;00
2211;003;▒. Е░ма ░ека;27588;00
2211;004;г░. Зла▓ог░ад;31111;00
2211;005;▒. К│╕ла;40806;00
2211;006;▒. П░е▒ока;59344;00
2211;008;▒. С▓а░╢ево;69105;00
2211;009;▒. С▓░а╕ими░;69759;00
2211;011;▒. Ца╢а░ов╢и;78241;00
2216;004;▒. Бо░иново;05476;00
2216;005;▒. Бо░овина;05579;00
2216;006;▒. Б│кова пол┐на;06937;00
2216;007;▒. Б│ково;07017;00
2216;010;▒. Ве╡▓ино;10910;00
2216;011;▒. В║░ба;12655;00
2216;014;▒. В║░бина;12718;00
2216;021;▒. Гали╣е;14413;00
2216;023;▒. К│пен;40662;00
2216;025;▒. Л┐▒ка;43387;00
2216;026;▒. Ле╣ак;43582;00
2216;028;▒. Лов╢и;43983;00
2216;029;г░. Мадан;46045;00
2216;031;▒. Ми▓ов▒ка;48461;00
2216;033;▒. М║гли╣а;49504;00
2216;034;▒. Пе╖ин▒ко;56246;00
2216;037;▒. Равнил;61162;00
2216;039;▒. Равни╣а;61176;00
2216;040;▒. С░едного░╢и;68451;00
2216;042;▒. С▓│дена;70041;00
2216;044;▒. Т║нко▓о;73599;00
2216;045;▒. Ци░ка;78505;00
2216;046;▒. Ша░ен▒ка;83048;00
2216;047;▒. Ч│░ка;81801;00
2218;001;▒. Б│░ево;07911;00
2218;002;▒. В║░ли дол;12896;00
2218;003;▒. В║░лино;12927;00
2218;005;▒. Г║░на▓и;18374;00
2218;006;▒. Диманово;21004;00
2218;008;▒. Д│н┐;24952;00
2218;009;▒. Еленка;41157;00
2218;010;▒. Изг░ев;32559;00
2218;011;▒. Коза░ка;37695;00
2218;012;▒. Ко╖ани;39092;00
2218;013;▒. К░айна;41277;00
2218;014;▒. К│ндево;40628;00
2218;015;г░. Неделино;51319;00
2218;016;▒. Ог░адна;53388;00
2218;017;▒. С░еде╢;68309;00
2218;018;▒. Т║нка ба░а;73883;00
2227;002;▒. Бо░ие;05365;00
2227;006;▒. Б┐ла ░ека;07689;00
2227;007;▒. Ви▓ина;11301;00
2227;011;▒. Войкова л║ка;11870;00
2227;012;▒. Ел╡ове╢;27365;00
2227;014;▒. Иваново;32929;00
2227;015;▒. Ко░и▓а;38604;00
2227;016;▒. Мо╖│░а;49165;00
2227;017;▒. Оглед;53309;00
2227;018;▒. Пловдив╢и;56798;00
2227;019;▒. Пол┐на;57399;00
2227;020;▒. Равнина▓а;61193;00
2227;022;▒. Рибни╢а;62637;00
2227;023;г░. Р│дозем;63207;00
2227;024;▒. Сопо▓а;68093;00
2227;025;▒. Чепин╢и;80399;00
2231;002;▒. А░да;00597;00
2231;004;м. Б│ка╢и▓е;02988;00
2231;005;м. Белев дол;03321;00
2231;007;▒. Бо░иково;05414;00
2231;008;▒. Бо▒▓ина;05801;00
2231;009;▒. Б│ка▓а;06923;00
2231;010;▒. Виево;11048;00
2231;011;▒. Вла╡ово;11572;00
2231;012;м. В║л╖ан;12512;00
2231;015;▒. Гела;14605;00
2231;017;м. Го░на А░да;02782;00
2231;018;▒. Го░ово;17052;00
2231;021;▒. Г░ад║▓;17631;00
2231;022;▒. Д│нево;24089;00
2231;028;▒. Елен▒ка;27262;00
2231;029;▒. Ка▓░ани╢а;36631;00
2231;030;▒. Ки▒ел╖ово;36974;00
2231;031;м. Коко░ово;37945;00
2231;032;м. Ко╕ни╢а;39181;00
2231;034;▒. К░емене;39637;00
2231;035;▒. К│▓ела;40748;00
2231;037;▒. Лево╖ево;43219;00
2231;040;▒. Л║ка;44433;00
2231;041;▒. Могили╢а;48814;00
2231;042;▒. Мом╖илов╢и;49014;00
2231;044;▒. М│гла;49285;00
2231;046;▒. О░е╕е╢;53792;00
2231;048;▒. О▒▓░и Пазлак;54359;00
2231;049;▒. Пе▓ково;55991;00
2231;050;▒. Пи▒ани╢а;56455;00
2231;053;м. Подви▒;56962;00
2231;054;▒. Полковник Се░а┤имово;57282;00
2231;058;м. Ровина;67760;00
2231;059;▒. Р┐ка;62462;00
2231;060;м. Сели╣е;66069;00
2231;061;▒. Сивино;66384;00
2231;062;▒. Славейно;66957;00
2231;063;▒. Смил┐н;67547;00
2231;065;г░. Смол┐н;67653;00
2231;066;▒. Соколов╢и;67965;00
2231;067;▒. Соли╣а;68000;00
2231;069;▒. С▓ик║л;69256;00
2231;070;▒. С▓ойки▓е;69345;00
2231;071;▒. С▓░ажа;69585;00
2231;072;▒. Тикале;72391;00
2231;074;м. Т░еби╣е;73033;00
2231;076;▒. Т│░┐н;73482;00
2231;078;▒. Т║░║н;73777;00
2231;080;▒. Фа▓ово;76042;00
2231;081;▒. Чепле▓ен;80412;00
2231;088;▒. Че░е╕ево;80666;00
2231;089;▒. Чокманово;81520;00
2231;090;▒. Ч│╖│░;31841;00
2231;091;▒. Ши░ока л║ка;83274;00
2231;092;▒. Ха▒ови╢а;77205;00
2231;093;м. Змиево;31285;00
2231;094;м. Милково;48218;00
2231;095;м. Ел╝ово;27415;00
2231;096;м. Липе╢;43743;00
2231;097;м. С║░нино;70620;00
2231;098;м. Л╛лка;44673;00
2231;099;м. По▓ока;57916;00
2231;100;м. Че░е╕ки▓е;80604;00
2231;101;м. И▒╝ов╢и;32891;00
2231;102;▒. Пе╣е░а;56294;00
2231;103;м. Мага░джи╢а;46019;00
2231;104;м. Заеви▓е;03026;00
2238;001;▒. Бог│▓ево;04801;00
2238;003;▒. Заб║░до;30034;00
2238;004;▒. Зо░ни╢а;31351;00
2238;005;▒. Лилеково;43668;00
2238;006;▒. Малево;46286;00
2238;007;▒. О░е╡ово;53669;00
2238;008;▒. О▒▓░и╢а;54376;00
2238;009;▒. Павел▒ко;55035;00
2238;010;к.▒. Пампо░ово;;00
2238;012;▒. П░оглед;58517;00
2238;013;▒. Хвойна;77219;00
2238;014;г░. Чепела░е;80371;00
[END]

[SEC]
22;0200;001;6;012
22;0200;002;6;009
22;0200;003;6;016
22;0200;004;6;003
22;0200;005;6;001
22;0200;006;6;021
22;0200;007;6;019
22;0200;008;6;013
22;0200;009;6;011
22;0200;010;6;006
22;0200;011;6;006
22;0200;012;6;020
22;0200;013;6;002
22;0200;014;6;008
22;0200;015;6;010+017
22;0200;016;6;005
22;0200;017;6;004
22;0200;018;6;018
22;0200;019;6;007
22;0200;020;6;012
22;0500;001;6;001
22;0500;002;6;001
22;0500;003;6;001
22;0500;004;6;004
22;0500;005;6;005
22;0500;006;6;002
22;0500;007;6;003
22;0900;001;6;006
22;0900;002;6;006
22;0900;003;6;006
22;0900;004;6;006
22;0900;005;6;006
22;0900;006;6;006
22;0900;007;6;006
22;0900;008;6;006
22;0900;009;6;006
22;0900;010;6;001
22;0900;011;6;002
22;0900;012;6;004
22;0900;013;6;005
22;0900;014;6;016
22;0900;015;6;007
22;0900;016;6;008
22;0900;017;6;009
22;0900;018;6;010
22;0900;019;6;013
22;0900;020;6;015
22;0900;021;6;012
22;0900;022;6;017
22;0900;023;6;006
22;1000;001;6;003
22;1000;002;6;003
22;1000;003;6;003
22;1000;004;6;005
22;1000;005;6;001
22;1000;006;6;001
22;1000;007;6;007
22;1000;008;6;002
22;1000;009;6;008
22;1000;010;6;004
22;1000;011;6;004
22;1000;012;6;006
22;1100;001;6;004
22;1100;002;6;004
22;1100;003;6;004
22;1100;004;6;004
22;1100;005;6;004
22;1100;006;6;004
22;1100;007;6;004
22;1100;008;6;004
22;1100;009;6;004
22;1100;010;6;001
22;1100;011;6;003
22;1100;012;6;003
22;1100;013;6;005
22;1100;014;6;002
22;1100;015;6;004
22;1100;016;6;011
22;1100;017;6;009
22;1100;018;6;006
22;1100;019;6;008
22;1100;020;6;008
22;1100;021;6;008
22;1600;001;6;029
22;1600;002;6;029
22;1600;003;6;029
22;1600;004;6;029
22;1600;005;6;029
22;1600;006;6;029
22;1600;007;6;029
22;1600;008;6;029
22;1600;009;6;029
22;1600;010;6;029
22;1600;011;6;029
22;1600;012;6;031
22;1600;013;6;044
22;1600;014;6;004
22;1600;015;6;011
22;1600;016;6;046
22;1600;017;6;033
22;1600;018;6;028
22;1600;019;6;040
22;1600;020;6;039
22;1600;021;6;026
22;1600;022;6;025
22;1600;023;6;037
22;1600;024;6;005
22;1600;025;6;042
22;1600;026;6;023
22;1600;027;6;014
22;1600;028;6;014
22;1600;029;6;045
22;1600;030;6;010
22;1600;031;6;006
22;1600;032;6;007
22;1600;033;6;021
22;1600;034;6;034
22;1600;035;6;047
22;1600;036;6;029
22;1800;001;6;015
22;1800;002;6;015
22;1800;003;6;015
22;1800;004;6;015
22;1800;005;6;015
22;1800;006;6;015
22;1800;007;6;013
22;1800;008;6;011
22;1800;009;6;003
22;1800;010;6;018
22;1800;011;6;009
22;1800;012;6;012
22;1800;013;6;006
22;1800;014;6;005
22;1800;015;6;001
22;1800;016;6;017
22;1800;017;6;010
22;1800;018;6;014
22;1800;019;6;016
22;1800;020;6;002
22;1800;021;6;002
22;1800;022;6;008
22;2700;001;6;023
22;2700;002;6;023
22;2700;003;6;023
22;2700;004;6;023
22;2700;005;6;023
22;2700;006;6;023
22;2700;007;6;006
22;2700;008;6;011
22;2700;009;6;022
22;2700;010;6;017
22;2700;011;6;025
22;2700;012;6;025
22;2700;013;6;012
22;2700;014;6;007
22;2700;015;6;019
22;2700;016;6;016
22;2700;017;6;018
22;2700;018;6;015
22;2700;019;6;014
22;2700;020;6;002
22;2700;021;6;020
22;2700;022;6;024
22;2700;023;6;012
22;3100;001;6;065
22;3100;002;6;065
22;3100;003;6;065
22;3100;004;6;065
22;3100;005;6;065
22;3100;006;6;065
22;3100;007;6;065
22;3100;008;6;065
22;3100;009;6;065
22;3100;010;6;065
22;3100;011;6;065
22;3100;012;6;065
22;3100;013;6;065
22;3100;014;6;065
22;3100;015;6;065
22;3100;016;6;065
22;3100;017;6;065
22;3100;018;6;065
22;3100;019;6;065
22;3100;020;6;065
22;3100;021;6;065
22;3100;022;6;065
22;3100;023;6;065
22;3100;024;6;065
22;3100;025;6;065
22;3100;026;6;065
22;3100;027;6;065
22;3100;028;6;065
22;3100;029;6;065
22;3100;030;6;065
22;3100;031;6;065
22;3100;032;6;065
22;3100;033;6;065
22;3100;034;6;065
22;3100;035;6;065
22;3100;036;6;011
22;3100;037;6;022
22;3100;038;6;037
22;3100;039;6;008
22;3100;040;6;050+092
22;3100;041;6;066
22;3100;042;6;042
22;3100;043;6;042
22;3100;044;6;035
22;3100;045;6;010
22;3100;046;6;062
22;3100;047;6;049
22;3100;048;6;005
22;3100;049;6;029
22;3100;050;6;072
22;3100;051;6;021
22;3100;052;6;059
22;3100;053;6;060
22;3100;054;6;074
22;3100;055;6;078
22;3100;056;6;028
22;3100;057;6;053+048+058
22;3100;058;6;040
22;3100;059;6;071
22;3100;060;6;046
22;3100;061;6;031
22;3100;062;6;054+090
22;3100;063;6;080
22;3100;064;6;089
22;3100;065;6;063
22;3100;066;6;063
22;3100;067;6;012+093
22;3100;068;6;081
22;3100;069;6;032+094
22;3100;070;6;018+095
22;3100;071;6;004+096
22;3100;072;6;061+097+098
22;3100;073;6;017
22;3100;074;6;002
22;3100;075;6;007+099+100
22;3100;076;6;041+101
22;3100;077;6;088
22;3100;078;6;009
22;3100;079;6;030
22;3100;080;6;076+102
22;3100;081;6;034
22;3100;082;6;044
22;3100;083;6;015+103+104
22;3100;084;6;067
22;3100;085;6;069
22;3100;086;6;091
22;3100;087;6;070
22;3100;088;6;065
22;3100;089;6;065
22;3100;090;6;065
22;3800;001;6;014
22;3800;002;6;014
22;3800;003;6;014
22;3800;004;6;014
22;3800;005;6;014
22;3800;006;6;014
22;3800;007;6;009
22;3800;008;6;009
22;3800;009;6;013
22;3800;010;6;006
22;3800;011;6;007
22;3800;012;6;001
22;3800;013;6;003
22;3800;014;6;008
22;3800;015;6;005
22;3800;016;6;004
22;3800;017;6;012
22;3800;018;6;010
[END]

[MAJ]
22;6;   ;02;;;Пе▓║░ С▓е┤анов С▓о┐нов и Нели Пе▓░ова К│╢кова;, ;ПСС+НПК;31874;0;1
22;6;   ;05;;;Гео░ги Седе┤╖ов П║░ванов и Ангел Иванов Ма░ин;, ;ГСП+АИМ;32931;1;2
[END]

[PROP]
[END]

[LISTI]
[END]

[PROT]
6;22;0200;001;1029+2+616+616+0+0+0+16+616;244+372
6;22;0200;002;297+1+210+210+0+0+0+2+210;77+133
6;22;0200;003;709+0+441+441+1+0+1+30+440;152+288
6;22;0200;004;366+0+255+255+1+0+1+14+254;163+91
6;22;0200;005;592+1+333+333+0+1+1+19+332;174+158
6;22;0200;006;71+3+46+46+0+0+0+0+46;20+26
6;22;0200;007;48+4+40+40+1+0+1+0+39;10+29
6;22;0200;008;293+2+200+200+0+0+0+7+200;62+138
6;22;0200;009;105+0+81+81+0+0+0+0+81;32+49
6;22;0200;010;379+0+227+227+0+0+0+0+227;120+107
6;22;0200;011;555+0+308+308+0+0+0+0+308;146+162
6;22;0200;012;396+0+270+270+0+0+0+12+270;103+167
6;22;0200;013;84+0+53+53+0+0+0+0+53;28+25
6;22;0200;014;40+5+37+37+0+0+0+0+37;17+20
6;22;0200;015;561+0+303+303+0+1+1+0+302;115+187
6;22;0200;016;138+1+73+73+0+0+0+3+73;22+51
6;22;0200;017;166+1+91+91+0+1+1+0+90;35+55
6;22;0200;018;26+0+16+16+0+0+0+0+16;6+10
6;22;0200;019;29+0+13+13+0+0+0+0+13;11+2
6;22;0200;020;26+0+20+20+0+0+0+0+20;8+12
6;22;0500;001;737+0+350+350+5+0+5+0+345;238+107
6;22;0500;002;692+0+389+389+2+3+5+23+384;249+135
6;22;0500;003;809+0+438+438+1+2+3+10+435;336+99
6;22;0500;004;168+0+123+123+0+0+0+0+123;50+73
6;22;0500;005;526+1+363+363+1+2+3+22+360;114+246
6;22;0500;006;368+0+288+288+0+1+1+0+287;68+219
6;22;0500;007;132+0+99+99+0+0+0+0+99;17+82
6;22;0900;001;693+0+418+418+0+0+0+10+418;117+301
6;22;0900;002;746+0+400+400+0+1+1+6+399;167+232
6;22;0900;003;629+0+334+334+2+0+2+16+332;103+229
6;22;0900;004;804+17+434+434+2+1+3+13+431;201+230
6;22;0900;005;604+0+364+364+0+1+1+17+363;126+237
6;22;0900;006;597+0+364+364+0+0+0+11+364;177+187
6;22;0900;007;907+0+467+467+0+0+0+18+467;233+234
6;22;0900;008;591+0+338+338+0+0+0+15+338;120+218
6;22;0900;009;631+0+356+356+0+0+0+12+356;174+182
6;22;0900;010;506+3+312+312+0+1+1+15+311;74+237
6;22;0900;011;569+1+313+313+0+0+0+7+313;71+242
6;22;0900;012;766+0+329+329+3+1+4+10+325;256+69
6;22;0900;013;781+0+257+257+0+0+0+0+257;134+123
6;22;0900;014;712+2+470+470+0+0+0+15+470;151+319
6;22;0900;015;136+0+117+117+0+0+0+0+117;32+85
6;22;0900;016;154+0+112+112+0+0+0+0+112;28+84
6;22;0900;017;889+0+614+614+0+0+0+39+614;131+483
6;22;0900;018;379+0+248+248+0+0+0+0+248;84+164
6;22;0900;019;812+0+495+495+0+0+0+0+495;205+290
6;22;0900;020;263+1+125+125+0+0+0+0+125;34+91
6;22;0900;021;349+0+208+208+0+1+1+6+207;43+164
6;22;0900;022;84+1+72+72+0+0+0+2+72;11+61
6;22;0900;023;66+0+33+33+1+0+1+0+32;13+19
6;22;1000;001;695+1+465+465+0+2+2+0+463;282+181
6;22;1000;002;730+1+388+388+0+3+3+16+385;157+228
6;22;1000;003;712+0+432+432+2+2+4+6+428;210+218
6;22;1000;004;626+0+289+289+0+0+0+0+289;199+90
6;22;1000;005;748+0+359+359+3+0+3+0+356;188+168
6;22;1000;006;753+0+457+457+0+0+0+0+457;230+227
6;22;1000;007;512+0+291+291+1+0+1+0+290;107+183
6;22;1000;008;748+0+456+456+2+0+2+11+454;387+67
6;22;1000;009;328+0+163+163+0+0+0+9+163;63+100
6;22;1000;010;771+0+499+499+0+1+1+0+498;71+427
6;22;1000;011;656+0+341+341+0+0+0+16+341;86+255
6;22;1000;012;825+0+529+529+0+2+2+25+527;279+248
6;22;1100;001;908+1+405+405+0+0+0+23+405;228+177
6;22;1100;002;566+2+256+256+0+0+0+0+256;110+146
6;22;1100;003;504+0+233+233+0+0+0+9+233;151+82
6;22;1100;004;858+0+454+454+0+0+0+25+454;266+188
6;22;1100;005;883+1+526+526+0+0+0+0+526;316+210
6;22;1100;006;583+0+312+312+0+1+1+26+311;222+89
6;22;1100;007;889+0+516+516+0+0+0+14+516;355+161
6;22;1100;008;838+1+394+394+1+1+2+22+392;224+168
6;22;1100;009;951+0+404+404+1+0+1+7+403;222+181
6;22;1100;010;321+2+139+139+0+0+0+5+139;82+57
6;22;1100;011;582+4+280+280+0+1+1+15+279;153+126
6;22;1100;012;421+3+209+209+0+1+1+9+208;113+95
6;22;1100;013;73+3+38+38+0+0+0+1+38;29+9
6;22;1100;014;959+3+252+252+0+1+1+9+251;157+94
6;22;1100;015;102+4+49+49+0+0+0+0+49;37+12
6;22;1100;016;125+2+70+70+0+0+0+0+70;40+30
6;22;1100;017;135+4+89+89+1+0+1+2+88;57+31
6;22;1100;018;61+2+38+38+0+0+0+0+38;22+16
6;22;1100;019;911+2+440+440+0+1+1+35+439;325+114
6;22;1100;020;687+1+286+286+0+0+0+0+286;185+101
6;22;1100;021;642+1+278+278+0+0+0+0+278;156+122
6;22;1600;001;936+0+448+448+0+0+0+20+448;225+223
6;22;1600;002;570+1+258+258+0+0+0+2+258;88+170
6;22;1600;003;595+0+255+255+0+0+0+8+255;120+135
6;22;1600;004;439+0+192+192+1+0+1+0+191;99+92
6;22;1600;005;434+1+195+195+0+0+0+0+195;78+117
6;22;1600;006;677+0+312+312+0+0+0+0+312;137+175
6;22;1600;007;822+0+366+366+0+1+1+0+365;165+200
6;22;1600;008;286+4+139+139+0+0+0+0+139;112+27
6;22;1600;009;479+1+226+226+0+0+0+0+226;139+87
6;22;1600;010;87+4+28+28+0+0+0+0+28;12+16
6;22;1600;011;334+0+135+135+2+0+2+0+133;103+30
6;22;1600;012;182+4+129+129+3+0+3+0+126;117+9
6;22;1600;013;170+2+98+98+0+0+0+0+98;86+12
6;22;1600;014;178+2+88+88+0+0+0+0+88;70+18
6;22;1600;015;85+4+71+71+0+0+0+0+71;65+6
6;22;1600;016;197+1+125+125+0+0+0+0+125;98+27
6;22;1600;017;228+2+141+141+0+0+0+0+141;133+8
6;22;1600;018;184+2+85+85+0+0+0+9+85;69+16
6;22;1600;019;822+5+529+529+0+1+1+0+528;343+185
6;22;1600;020;208+0+120+120+0+0+0+0+120;97+23
6;22;1600;021;318+4+212+212+0+0+0+0+212;196+16
6;22;1600;022;356+1+190+190+0+0+0+12+190;156+34
6;22;1600;023;123+3+79+79+0+0+0+0+79;60+19
6;22;1600;024;379+1+248+248+0+0+0+12+248;147+101
6;22;1600;025;193+0+109+109+0+0+0+0+109;103+6
6;22;1600;026;146+0+113+113+0+1+1+0+112;104+8
6;22;1600;027;455+0+203+203+0+0+0+0+203;166+37
6;22;1600;028;512+1+226+226+0+0+0+0+226;184+42
6;22;1600;029;98+1+69+69+0+0+0+0+69;49+20
6;22;1600;030;178+1+94+94+0+0+0+0+94;45+49
6;22;1600;031;410+2+245+245+0+1+1+0+244;203+41
6;22;1600;032;336+1+218+218+0+0+0+0+218;54+164
6;22;1600;033;257+1+187+187+1+0+1+0+186;33+153
6;22;1600;034;38+2+23+23+0+0+0+0+23;19+4
6;22;1600;035;117+4+68+68+0+1+1+0+67;44+23
6;22;1600;036;28+1+13+13+0+0+0+0+13;5+8
6;22;1800;001;720+1+397+397+0+0+0+5+397;197+200
6;22;1800;002;689+2+307+307+0+0+0+16+307;110+197
6;22;1800;003;783+2+324+324+0+1+1+0+323;109+214
6;22;1800;004;603+2+276+276+0+1+1+0+275;100+175
6;22;1800;005;588+1+235+235+1+0+1+14+234;100+134
6;22;1800;006;713+0+358+358+0+0+0+0+358;169+189
6;22;1800;007;107+2+50+50+0+0+0+0+50;19+31
6;22;1800;008;173+4+73+73+0+0+0+3+73;20+53
6;22;1800;009;158+5+115+115+0+0+0+0+115;22+93
6;22;1800;010;85+3+74+74+0+0+0+0+74;18+56
6;22;1800;011;177+0+101+101+0+0+0+1+101;42+59
6;22;1800;012;182+1+124+124+0+0+0+0+124;68+56
6;22;1800;013;126+4+100+100+0+0+0+0+100;38+62
6;22;1800;014;290+0+132+132+0+0+0+0+132;26+106
6;22;1800;015;122+1+91+91+0+0+0+0+91;15+76
6;22;1800;016;459+2+262+262+0+0+0+8+262;52+210
6;22;1800;017;211+1+148+148+0+0+0+0+148;23+125
6;22;1800;018;237+1+170+170+0+0+0+0+170;52+118
6;22;1800;019;211+2+154+154+0+0+0+0+154;44+110
6;22;1800;020;71+1+71+71+0+0+0+0+71;21+50
6;22;1800;021;85+5+57+57+0+0+0+0+57;44+13
6;22;1800;022;47+5+35+35+0+0+0+0+35;23+12
6;22;2700;001;605+5+290+290+0+1+1+5+289;195+94
6;22;2700;002;746+1+367+367+1+0+1+0+366;191+175
6;22;2700;003;484+1+250+250+0+1+1+0+249;97+152
6;22;2700;004;518+1+293+293+0+2+2+0+291;140+151
6;22;2700;005;531+13+279+279+0+1+1+0+278;94+184
6;22;2700;006;801+1+399+399+1+1+2+0+397;191+206
6;22;2700;007;216+3+122+122+0+1+1+2+121;101+20
6;22;2700;008;449+5+268+268+0+0+0+0+268;214+54
6;22;2700;009;275+2+216+216+0+0+0+0+216;193+23
6;22;2700;010;280+2+167+167+0+0+0+0+167;134+33
6;22;2700;011;890+1+475+475+0+0+0+19+475;433+42
6;22;2700;012;845+0+402+402+0+0+0+0+402;314+88
6;22;2700;013;676+2+377+377+0+0+0+0+377;244+133
6;22;2700;014;156+4+108+108+0+0+0+3+108;80+28
6;22;2700;015;116+3+76+76+0+0+0+0+76;13+63
6;22;2700;016;51+9+45+45+0+0+0+0+45;34+11
6;22;2700;017;251+3+171+171+0+0+0+0+171;130+41
6;22;2700;018;174+0+99+99+0+0+0+1+99;37+62
6;22;2700;019;68+4+43+43+0+0+0+0+43;16+27
6;22;2700;020;197+2+128+128+0+0+0+6+128;120+8
6;22;2700;021;190+3+136+136+0+0+0+9+136;110+26
6;22;2700;022;260+3+152+152+0+0+0+0+152;136+16
6;22;2700;023;359+2+223+223+0+0+0+5+223;198+25
6;22;3100;001;866+2+424+424+0+0+0+5+424;212+212
6;22;3100;002;625+1+351+351+0+0+0+18+351;155+196
6;22;3100;003;892+1+526+526+0+1+1+40+525;295+230
6;22;3100;004;124+2+95+95+0+0+0+0+95;62+33
6;22;3100;005;1080+2+475+475+1+1+2+0+473;260+213
6;22;3100;006;741+1+462+462+0+0+0+9+462;189+273
6;22;3100;007;778+1+389+389+0+0+0+15+389;161+228
6;22;3100;008;712+0+432+432+0+3+3+0+429;143+286
6;22;3100;009;615+2+399+399+1+0+1+16+398;148+250
6;22;3100;010;613+1+319+319+1+1+2+14+317;151+166
6;22;3100;011;813+1+467+467+1+1+2+0+465;188+277
6;22;3100;012;684+4+417+417+1+1+2+22+415;182+233
6;22;3100;013;587+1+342+342+1+1+2+20+340;115+225
6;22;3100;014;795+1+377+377+0+0+0+7+377;227+150
6;22;3100;015;1025+2+510+510+0+0+0+14+510;212+298
6;22;3100;016;826+1+409+409+0+0+0+14+409;198+211
6;22;3100;017;783+5+404+404+0+0+0+0+404;230+174
6;22;3100;018;818+3+423+423+1+0+1+23+422;204+218
6;22;3100;019;764+0+398+398+1+0+1+23+397;204+193
6;22;3100;020;656+3+353+353+0+0+0+16+353;151+202
6;22;3100;021;775+2+429+429+1+0+1+33+428;216+212
6;22;3100;022;813+2+424+424+0+0+0+16+424;225+199
6;22;3100;023;871+0+437+437+4+1+5+13+432;245+187
6;22;3100;024;831+1+467+467+1+0+1+28+466;231+235
6;22;3100;025;795+0+482+482+0+2+2+16+480;203+277
6;22;3100;026;786+1+432+432+1+1+2+34+430;169+261
6;22;3100;027;713+1+379+379+0+0+0+14+379;156+223
6;22;3100;028;793+1+455+455+0+0+0+34+455;187+268
6;22;3100;029;669+1+409+409+3+0+3+22+406;176+230
6;22;3100;030;796+1+432+432+0+0+0+17+432;202+230
6;22;3100;031;627+1+339+339+0+0+0+11+339;170+169
6;22;3100;032;787+1+339+339+1+0+1+21+338;189+149
6;22;3100;033;740+1+332+332+1+0+1+5+331;165+166
6;22;3100;034;847+0+377+377+0+0+0+0+377;202+175
6;22;3100;035;466+1+236+236+0+1+1+6+235;155+80
6;22;3100;036;320+3+178+178+0+0+0+8+178;123+55
6;22;3100;037;110+2+85+85+1+0+1+4+84;22+62
6;22;3100;038;196+0+136+136+0+0+0+7+136;17+119
6;22;3100;039;150+4+135+135+0+0+0+0+135;36+99
6;22;3100;040;35+6+29+29+0+0+0+1+29;6+23
6;22;3100;041;231+1+142+142+0+0+0+0+142;77+65
6;22;3100;042;649+7+393+393+0+2+2+0+391;187+204
6;22;3100;043;620+2+338+338+1+0+1+0+337;149+188
6;22;3100;044;387+1+241+241+0+0+0+9+241;85+156
6;22;3100;045;518+1+299+299+0+0+0+10+299;79+220
6;22;3100;046;206+4+146+146+0+0+0+6+146;66+80
6;22;3100;047;290+1+189+189+0+0+0+15+189;45+144
6;22;3100;048;87+2+74+74+0+0+0+0+74;4+70
6;22;3100;049;196+1+126+126+1+0+1+0+125;55+70
6;22;3100;050;157+1+98+98+0+0+0+0+98;58+40
6;22;3100;051;129+0+90+90+1+0+1+0+89;62+27
6;22;3100;052;221+2+148+148+0+0+0+0+148;78+70
6;22;3100;053;106+1+75+75+0+0+0+0+75;30+45
6;22;3100;054;143+3+102+102+2+1+3+0+99;83+16
6;22;3100;055;615+1+371+371+0+0+0+0+371;252+119
6;22;3100;056;81+3+73+73+1+0+1+0+72;61+11
6;22;3100;057;179+2+107+107+2+0+2+0+105;74+31
6;22;3100;058;93+4+86+86+3+0+3+0+83;60+23
6;22;3100;059;108+0+79+79+0+0+0+0+79;52+27
6;22;3100;060;56+3+51+51+0+0+0+0+51;13+38
6;22;3100;061;34+4+32+32+0+0+0+0+32;26+6
6;22;3100;062;195+7+131+131+0+0+0+0+131;46+85
6;22;3100;063;82+5+46+46+0+0+0+0+46;13+33
6;22;3100;064;126+8+103+103+0+0+0+0+103;14+89
6;22;3100;065;743+1+420+420+1+0+1+22+419;211+208
6;22;3100;066;756+1+439+439+0+0+0+23+439;128+311
6;22;3100;067;86+5+64+64+0+0+0+0+64;18+46
6;22;3100;068;81+4+56+56+0+1+1+0+55;20+35
6;22;3100;069;95+2+73+73+0+0+0+4+73;25+48
6;22;3100;070;77+9+62+62+1+0+1+0+61;17+44
6;22;3100;071;103+1+54+54+1+0+1+0+53;19+34
6;22;3100;072;233+3+164+164+0+0+0+11+164;95+69
6;22;3100;073;197+2+141+141+0+0+0+10+141;95+46
6;22;3100;074;442+2+310+310+0+1+1+18+309;120+189
6;22;3100;075;100+3+64+64+0+0+0+0+64;17+47
6;22;3100;076;460+4+268+268+1+0+1+20+267;146+121
6;22;3100;077;50+3+30+30+0+0+0+0+30;12+18
6;22;3100;078;76+0+56+56+0+0+0+0+56;11+45
6;22;3100;079;61+2+42+42+0+0+0+0+42;28+14
6;22;3100;080;97+13+92+92+0+0+0+0+92;26+66
6;22;3100;081;46+4+31+31+0+0+0+0+31;11+20
6;22;3100;082;429+3+327+327+2+0+2+29+325;138+187
6;22;3100;083;106+3+69+69+0+0+0+0+69;23+46
6;22;3100;084;48+5+39+39+0+0+0+0+39;8+31
6;22;3100;085;59+4+48+48+0+0+0+0+48;6+42
6;22;3100;086;516+5+349+349+0+0+0+29+349;122+227
6;22;3100;087;318+3+183+183+0+0+0+11+183;44+139
6;22;3100;088;746+1+444+444+0+0+0+24+444;176+268
6;22;3100;089;577+1+253+253+1+1+2+3+251;144+107
6;22;3100;090;125+1+61+61+0+0+0+0+61;36+25
6;22;3800;001;907+1+529+529+0+1+1+24+528;248+280
6;22;3800;002;566+1+367+367+0+0+0+22+367;208+159
6;22;3800;003;1112+1+658+658+3+0+3+11+655;349+306
6;22;3800;004;708+0+357+357+1+0+1+0+356;236+120
6;22;3800;005;751+0+388+388+0+0+0+0+388;169+219
6;22;3800;006;496+0+248+248+0+1+1+6+247;79+168
6;22;3800;007;459+0+334+334+0+0+0+0+334;174+160
6;22;3800;008;396+3+287+287+0+0+0+13+287;112+175
6;22;3800;009;614+2+382+382+1+0+1+18+381;136+245
6;22;3800;010;239+0+179+179+1+0+1+4+178;36+142
6;22;3800;011;286+1+192+192+0+0+0+10+192;93+99
6;22;3800;012;224+0+115+115+0+0+0+0+115;61+54
6;22;3800;013;570+0+383+383+0+0+0+7+383;84+299
6;22;3800;014;55+0+40+40+0+0+0+0+40;8+32
6;22;3800;015;60+0+34+34+0+0+0+0+34;6+28
6;22;3800;016;52+8+30+30+0+0+0+0+30;3+27
6;22;3800;017;90+2+67+67+0+0+0+0+67;55+12
6;22;3800;018;64+4+10+10+0+0+0+1+10;8+2
[END]

[AGGR]
22;6;   ;2+272+272+116647+490+64960+64960+86+69+155+1721+64805;31874+32931
[END]
