[INFO]
23;ëÆ¥®ø 1;301
[END]

[IZB]
23;6;   ;;18.11.2001;2;2;528
[END]

[NM]
2346;001;£∞. ëÆ¥®ø;68134;02
2346;001;£∞. ëÆ¥®ø;68134;08
2346;001;£∞. ëÆ¥®ø;68134;09
2346;001;£∞. ëÆ¥®ø;68134;10
2346;001;£∞. ëÆ¥®ø;68134;15
2346;001;£∞. ëÆ¥®ø;68134;16
2346;001;£∞. ëÆ¥®ø;68134;17
2346;002;±. Ç´†§†ø;11394;17
2346;003;±. å∫∞∑†•¢Æ;49597;17
2346;004;±. Å®±≤∞®∂†;04234;23
2346;005;±. É•∞¨†≠;14831;23
2346;006;±. Ü•´•ß≠®∂†;29150;23
2346;007;±. ä†ß®∑•≠•;35239;23
2346;008;±. äÆ™†´ø≠•;37914;23
2346;009;±. ä∞®¢®≠†;39791;23
2346;010;±. ãÆß•≠;44063;23
2346;011;±. è†≠∑†∞•¢Æ;55419;23
2346;012;±. è†±†∞•´;22472;23
2346;013;±. è´†≠†;56624;23
[END]

[SEC]
23;4602;001;6;001
23;4602;002;6;001
23;4602;003;6;001
23;4602;004;6;001
23;4602;005;6;001
23;4602;006;6;001
23;4602;007;6;001
23;4602;008;6;001
23;4602;009;6;001
23;4602;010;6;001
23;4602;011;6;001
23;4602;012;6;001
23;4602;013;6;001
23;4602;014;6;001
23;4602;015;6;001
23;4602;016;6;001
23;4602;017;6;001
23;4602;018;6;001
23;4602;019;6;001
23;4602;020;6;001
23;4602;021;6;001
23;4602;022;6;001
23;4602;023;6;001
23;4602;024;6;001
23;4602;025;6;001
23;4602;026;6;001
23;4602;027;6;001
23;4602;028;6;001
23;4602;029;6;001
23;4602;030;6;001
23;4602;031;6;001
23;4602;032;6;001
23;4602;033;6;001
23;4602;034;6;001
23;4602;035;6;001
23;4602;036;6;001
23;4602;037;6;001
23;4602;038;6;001
23;4602;039;6;001
23;4602;040;6;001
23;4602;041;6;001
23;4602;042;6;001
23;4602;043;6;001
23;4602;044;6;001
23;4602;045;6;001
23;4602;046;6;001
23;4602;047;6;001
23;4602;048;6;001
23;4602;049;6;001
23;4602;050;6;001
23;4602;051;6;001
23;4602;052;6;001
23;4602;053;6;001
23;4602;054;6;001
23;4602;055;6;001
23;4602;056;6;001
23;4602;057;6;001
23;4602;058;6;001
23;4602;059;6;001
23;4602;060;6;001
23;4602;061;6;001
23;4602;062;6;001
23;4602;063;6;001
23;4602;064;6;001
23;4602;065;6;001
23;4602;066;6;001
23;4602;067;6;001
23;4602;068;6;001
23;4602;069;6;001
23;4602;070;6;001
23;4602;071;6;001
23;4602;072;6;001
23;4602;073;6;001
23;4602;074;6;001
23;4602;075;6;001
23;4602;076;6;001
23;4602;077;6;001
23;4602;078;6;001
23;4602;079;6;001
23;4602;080;6;001
23;4602;081;6;001
23;4602;082;6;001
23;4602;083;6;001
23;4602;084;6;001
23;4602;085;6;001
23;4602;086;6;001
23;4602;089;6;001
23;4608;001;6;001
23;4608;002;6;001
23;4608;003;6;001
23;4608;004;6;001
23;4608;005;6;001
23;4608;006;6;001
23;4608;007;6;001
23;4608;008;6;001
23;4608;009;6;001
23;4608;010;6;001
23;4608;011;6;001
23;4608;012;6;001
23;4608;013;6;001
23;4608;014;6;001
23;4608;015;6;001
23;4608;016;6;001
23;4608;017;6;001
23;4608;018;6;001
23;4608;019;6;001
23;4608;020;6;001
23;4608;021;6;001
23;4608;022;6;001
23;4608;023;6;001
23;4608;024;6;001
23;4608;025;6;001
23;4608;026;6;001
23;4608;027;6;001
23;4608;028;6;001
23;4608;029;6;001
23;4608;030;6;001
23;4608;031;6;001
23;4609;001;6;001
23;4609;002;6;001
23;4609;003;6;001
23;4609;004;6;001
23;4609;005;6;001
23;4609;006;6;001
23;4609;007;6;001
23;4609;008;6;001
23;4609;009;6;001
23;4609;010;6;001
23;4609;011;6;001
23;4609;012;6;001
23;4609;013;6;001
23;4609;014;6;001
23;4609;015;6;001
23;4609;016;6;001
23;4609;017;6;001
23;4609;018;6;001
23;4609;019;6;001
23;4609;020;6;001
23;4609;021;6;001
23;4609;022;6;001
23;4609;023;6;001
23;4609;024;6;001
23;4609;025;6;001
23;4609;026;6;001
23;4609;027;6;001
23;4609;028;6;001
23;4609;029;6;001
23;4609;030;6;001
23;4609;031;6;001
23;4609;032;6;001
23;4609;033;6;001
23;4609;034;6;001
23;4609;035;6;001
23;4609;036;6;001
23;4609;037;6;001
23;4609;038;6;001
23;4609;039;6;001
23;4609;040;6;001
23;4609;041;6;001
23;4609;042;6;001
23;4609;043;6;001
23;4609;044;6;001
23;4609;045;6;001
23;4609;046;6;001
23;4609;047;6;001
23;4609;048;6;001
23;4609;049;6;001
23;4609;050;6;001
23;4609;051;6;001
23;4609;052;6;001
23;4609;053;6;001
23;4609;054;6;001
23;4609;055;6;001
23;4609;056;6;001
23;4609;057;6;001
23;4609;058;6;001
23;4609;059;6;001
23;4610;001;6;001
23;4610;002;6;001
23;4610;003;6;001
23;4610;004;6;001
23;4610;005;6;001
23;4610;006;6;001
23;4610;007;6;001
23;4610;008;6;001
23;4610;009;6;001
23;4610;010;6;001
23;4610;011;6;001
23;4610;012;6;001
23;4610;013;6;001
23;4610;014;6;001
23;4610;015;6;001
23;4610;016;6;001
23;4610;017;6;001
23;4610;018;6;001
23;4610;019;6;001
23;4610;020;6;001
23;4610;021;6;001
23;4610;022;6;001
23;4610;023;6;001
23;4610;024;6;001
23;4610;025;6;001
23;4610;026;6;001
23;4610;027;6;001
23;4610;028;6;001
23;4610;029;6;001
23;4610;030;6;001
23;4610;031;6;001
23;4610;032;6;001
23;4610;033;6;001
23;4610;034;6;001
23;4610;035;6;001
23;4610;036;6;001
23;4610;037;6;001
23;4610;038;6;001
23;4610;039;6;001
23;4610;040;6;001
23;4610;041;6;001
23;4610;042;6;001
23;4610;043;6;001
23;4610;044;6;001
23;4610;045;6;001
23;4610;046;6;001
23;4610;047;6;001
23;4610;048;6;001
23;4610;049;6;001
23;4610;050;6;001
23;4610;051;6;001
23;4610;052;6;001
23;4610;053;6;001
23;4610;054;6;001
23;4610;055;6;001
23;4610;056;6;001
23;4610;057;6;001
23;4610;058;6;001
23;4610;059;6;001
23;4610;060;6;001
23;4610;061;6;001
23;4610;062;6;001
23;4610;063;6;001
23;4610;064;6;001
23;4610;065;6;001
23;4610;066;6;001
23;4610;067;6;001
23;4610;068;6;001
23;4610;069;6;001
23;4610;070;6;001
23;4610;071;6;001
23;4610;072;6;001
23;4610;073;6;001
23;4610;074;6;001
23;4610;075;6;001
23;4610;076;6;001
23;4610;077;6;001
23;4610;078;6;001
23;4610;079;6;001
23;4610;080;6;001
23;4610;081;6;001
23;4610;082;6;001
23;4610;083;6;001
23;4610;084;6;001
23;4610;085;6;001
23;4610;087;6;001
23;4610;089;6;001
23;4610;090;6;001
23;4610;093;6;001
23;4615;001;6;001
23;4615;002;6;001
23;4615;003;6;001
23;4615;004;6;001
23;4615;005;6;001
23;4615;006;6;001
23;4615;007;6;001
23;4615;008;6;001
23;4615;009;6;001
23;4615;010;6;001
23;4615;011;6;001
23;4615;012;6;001
23;4615;013;6;001
23;4615;014;6;001
23;4615;015;6;001
23;4615;016;6;001
23;4615;017;6;001
23;4615;018;6;001
23;4615;019;6;001
23;4615;020;6;001
23;4615;021;6;001
23;4615;022;6;001
23;4615;023;6;001
23;4615;024;6;001
23;4615;025;6;001
23;4615;026;6;001
23;4615;027;6;001
23;4615;028;6;001
23;4615;029;6;001
23;4615;030;6;001
23;4615;031;6;001
23;4615;032;6;001
23;4615;033;6;001
23;4615;034;6;001
23;4615;035;6;001
23;4615;036;6;001
23;4615;037;6;001
23;4615;038;6;001
23;4615;039;6;001
23;4615;040;6;001
23;4615;041;6;001
23;4615;042;6;001
23;4615;043;6;001
23;4615;044;6;001
23;4615;045;6;001
23;4615;046;6;001
23;4615;047;6;001
23;4615;048;6;001
23;4615;049;6;001
23;4615;050;6;001
23;4615;051;6;001
23;4615;052;6;001
23;4615;053;6;001
23;4615;054;6;001
23;4615;055;6;001
23;4615;056;6;001
23;4615;057;6;001
23;4615;058;6;001
23;4615;059;6;001
23;4615;060;6;001
23;4615;061;6;001
23;4615;062;6;001
23;4615;063;6;001
23;4615;064;6;001
23;4615;065;6;001
23;4615;066;6;001
23;4615;067;6;001
23;4615;068;6;001
23;4615;069;6;001
23;4615;070;6;001
23;4615;071;6;001
23;4615;072;6;001
23;4615;073;6;001
23;4615;074;6;001
23;4615;075;6;001
23;4615;076;6;001
23;4615;077;6;001
23;4615;078;6;001
23;4615;079;6;001
23;4615;080;6;001
23;4615;081;6;001
23;4615;082;6;001
23;4615;083;6;001
23;4615;084;6;001
23;4615;085;6;001
23;4615;086;6;001
23;4615;087;6;001
23;4615;088;6;001
23;4615;089;6;001
23;4615;090;6;001
23;4615;091;6;001
23;4615;092;6;001
23;4615;093;6;001
23;4615;094;6;001
23;4615;095;6;001
23;4615;096;6;001
23;4615;097;6;001
23;4615;098;6;001
23;4615;099;6;001
23;4615;100;6;001
23;4615;101;6;001
23;4615;102;6;001
23;4615;103;6;001
23;4615;104;6;001
23;4615;105;6;001
23;4615;106;6;001
23;4615;107;6;001
23;4615;108;6;001
23;4615;109;6;001
23;4615;110;6;001
23;4615;111;6;001
23;4615;112;6;001
23;4615;113;6;001
23;4615;114;6;001
23;4615;115;6;001
23;4615;116;6;001
23;4615;117;6;001
23;4615;118;6;001
23;4615;119;6;001
23;4615;120;6;001
23;4615;121;6;001
23;4616;001;6;001
23;4616;002;6;001
23;4616;003;6;001
23;4616;004;6;001
23;4616;005;6;001
23;4616;006;6;001
23;4616;007;6;001
23;4616;008;6;001
23;4616;009;6;001
23;4616;010;6;001
23;4616;011;6;001
23;4616;012;6;001
23;4616;013;6;001
23;4616;014;6;001
23;4616;015;6;001
23;4616;016;6;001
23;4616;017;6;001
23;4616;018;6;001
23;4616;019;6;001
23;4616;020;6;001
23;4616;021;6;001
23;4616;022;6;001
23;4616;023;6;001
23;4616;024;6;001
23;4616;025;6;001
23;4616;026;6;001
23;4616;027;6;001
23;4616;028;6;001
23;4616;029;6;001
23;4616;030;6;001
23;4616;031;6;001
23;4616;032;6;001
23;4616;033;6;001
23;4616;034;6;001
23;4616;035;6;001
23;4616;036;6;001
23;4616;037;6;001
23;4616;038;6;001
23;4616;039;6;001
23;4616;040;6;001
23;4616;041;6;001
23;4616;042;6;001
23;4616;043;6;001
23;4616;044;6;001
23;4616;045;6;001
23;4616;046;6;001
23;4616;047;6;001
23;4616;048;6;001
23;4616;049;6;001
23;4616;050;6;001
23;4616;051;6;001
23;4616;052;6;001
23;4616;053;6;001
23;4616;054;6;001
23;4616;055;6;001
23;4616;056;6;001
23;4616;057;6;001
23;4616;058;6;001
23;4617;001;6;001
23;4617;002;6;001
23;4617;003;6;001
23;4617;004;6;001
23;4617;005;6;001
23;4617;006;6;001
23;4617;007;6;001
23;4617;008;6;001
23;4617;009;6;001
23;4617;010;6;001
23;4617;011;6;003
23;4617;012;6;002
23;4617;013;6;002
23;4617;014;6;002
23;4617;015;6;002
23;4617;017;6;001
23;4617;018;6;001
23;4617;019;6;001
23;4617;020;6;001
23;4617;021;6;001
23;4617;022;6;001
23;4617;023;6;001
23;4617;024;6;001
23;4617;025;6;001
23;4617;026;6;001
23;4617;027;6;001
23;4617;028;6;001
23;4617;029;6;001
23;4617;030;6;001
23;4617;031;6;001
23;4617;032;6;001
23;4617;033;6;001
23;4617;034;6;001
23;4617;035;6;001
23;4617;036;6;001
23;4617;038;6;001
23;4617;039;6;001
23;4617;040;6;001
23;4617;041;6;001
23;4617;042;6;001
23;4617;043;6;001
23;4617;044;6;001
23;4617;045;6;001
23;4617;046;6;001
23;4617;047;6;001
23;4617;048;6;001
23;4617;049;6;001
23;4617;050;6;001
23;4617;051;6;001
23;4617;052;6;001
23;4617;053;6;001
23;4617;054;6;001
23;4623;001;6;009
23;4623;002;6;009
23;4623;003;6;007
23;4623;004;6;007
23;4623;005;6;007
23;4623;006;6;007
23;4623;007;6;007
23;4623;008;6;010
23;4623;009;6;010
23;4623;010;6;010
23;4623;011;6;010
23;4623;012;6;010
23;4623;013;6;010
23;4623;014;6;010
23;4623;015;6;005
23;4623;016;6;005
23;4623;017;6;005
23;4623;018;6;005
23;4623;019;6;011
23;4623;020;6;011
23;4623;021;6;008
23;4623;022;6;008
23;4623;023;6;012
23;4623;024;6;012
23;4623;025;6;004
23;4623;026;6;004
23;4623;027;6;004
23;4623;028;6;004
23;4623;029;6;006
23;4623;030;6;006
23;4623;031;6;013
[END]

[MAJ]
23;6;   ;02;;;è•≤∫∞ ë≤•¥†≠Æ¢ ë≤Æø≠Æ¢ ® ç•´® è•≤∞Æ¢† ä≥∂™Æ¢†;, ;èëë+çèä;121541;0;1
23;6;   ;05;;;É•Æ∞£® ë•§•¥∑Æ¢ è∫∞¢†≠Æ¢ ® Ä≠£•´ à¢†≠Æ¢ å†∞®≠;, ;Éëè+Äàå;95185;1;2
[END]

[PROP]
[END]

[LISTI]
[END]

[PROT]
6;23;4602;001;852+43+517+517+0+0+0+13+517;345+172
6;23;4602;002;978+2+597+597+0+0+0+0+597;405+192
6;23;4602;003;860+2+538+538+0+0+0+0+538;369+169
6;23;4602;004;591+1+354+354+1+1+2+6+352;258+94
6;23;4602;005;763+6+474+474+4+0+4+11+470;352+118
6;23;4602;006;695+0+404+404+0+0+0+5+404;297+107
6;23;4602;007;810+0+496+496+0+1+1+21+495;343+152
6;23;4602;008;834+2+525+525+0+0+0+0+525;365+160
6;23;4602;009;1034+1+641+641+1+0+1+25+640;443+197
6;23;4602;010;401+0+257+257+0+0+0+7+257;177+80
6;23;4602;011;1128+2+681+681+0+0+0+15+681;474+207
6;23;4602;012;777+1+480+480+2+2+4+0+476;280+196
6;23;4602;013;917+8+627+627+0+1+1+25+626;322+304
6;23;4602;014;947+5+665+665+1+0+1+0+664;412+252
6;23;4602;015;840+0+569+569+2+2+4+0+565;345+220
6;23;4602;016;837+0+541+541+0+0+0+14+541;369+172
6;23;4602;017;870+1+556+556+1+1+2+0+554;413+141
6;23;4602;018;866+0+573+573+3+0+3+0+570;370+200
6;23;4602;019;810+28+579+579+7+0+7+20+572;376+196
6;23;4602;020;886+1+536+536+1+0+1+16+535;264+271
6;23;4602;021;829+7+566+566+2+0+2+19+564;275+289
6;23;4602;022;844+0+573+573+1+0+1+0+572;285+287
6;23;4602;023;801+1+503+503+0+0+0+16+503;228+275
6;23;4602;024;857+0+548+548+1+2+3+20+545;302+243
6;23;4602;025;779+0+501+501+1+0+1+21+500;280+220
6;23;4602;026;847+0+523+523+1+0+1+0+522;295+227
6;23;4602;027;1105+0+630+630+0+1+1+29+629;399+230
6;23;4602;028;846+0+529+529+0+0+0+17+529;330+199
6;23;4602;029;1097+13+638+638+1+2+3+29+635;426+209
6;23;4602;030;752+0+441+441+2+0+2+0+439;289+150
6;23;4602;031;1097+15+648+648+2+0+2+0+646;361+285
6;23;4602;032;814+0+473+473+0+0+0+0+473;289+184
6;23;4602;033;871+0+513+513+1+0+1+0+512;162+350
6;23;4602;034;843+0+502+502+1+1+2+8+500;195+305
6;23;4602;035;763+0+473+473+1+1+2+17+471;177+294
6;23;4602;036;788+3+466+466+0+0+0+9+466;156+310
6;23;4602;037;818+1+504+504+0+0+0+0+504;160+344
6;23;4602;038;858+1+555+555+2+0+2+20+553;322+231
6;23;4602;039;904+0+523+523+1+0+1+0+522;349+173
6;23;4602;040;842+0+503+503+0+0+0+19+503;309+194
6;23;4602;041;851+0+473+473+2+0+2+9+471;288+183
6;23;4602;042;819+0+532+532+0+0+0+18+532;201+331
6;23;4602;043;940+2+575+575+1+0+1+12+574;230+344
6;23;4602;044;814+1+492+492+0+2+2+0+490;248+242
6;23;4602;045;863+0+534+534+0+0+0+16+534;300+234
6;23;4602;046;915+0+606+606+4+1+5+22+601;308+293
6;23;4602;047;776+9+473+473+2+0+2+0+471;260+211
6;23;4602;048;935+1+579+579+1+0+1+18+578;342+236
6;23;4602;049;1094+0+637+637+0+0+0+24+637;356+281
6;23;4602;050;798+0+375+375+0+0+0+0+375;189+186
6;23;4602;051;750+4+398+398+0+1+1+0+397;131+266
6;23;4602;052;877+0+555+555+1+1+2+0+553;276+277
6;23;4602;053;752+0+516+516+0+1+1+0+515;251+264
6;23;4602;054;866+3+510+510+0+0+0+31+510;309+201
6;23;4602;055;768+3+485+485+1+0+1+20+484;241+243
6;23;4602;056;786+1+506+506+6+1+7+0+499;236+263
6;23;4602;057;844+1+533+533+0+0+0+0+533;261+272
6;23;4602;058;868+0+529+529+1+1+2+0+527;186+341
6;23;4602;059;781+1+529+529+1+0+1+0+528;239+289
6;23;4602;060;848+0+558+558+0+0+0+0+558;327+231
6;23;4602;061;880+1+549+549+0+0+0+0+549;299+250
6;23;4602;062;842+0+522+522+0+0+0+14+522;317+205
6;23;4602;063;797+0+446+446+1+0+1+19+445;153+292
6;23;4602;064;853+2+453+453+0+1+1+12+452;175+277
6;23;4602;065;878+0+504+504+2+2+4+0+500;299+201
6;23;4602;066;801+2+484+484+1+0+1+0+483;211+272
6;23;4602;067;746+1+454+454+1+0+1+0+453;270+183
6;23;4602;068;799+0+507+507+1+0+1+0+506;260+246
6;23;4602;069;830+0+515+515+0+1+1+0+514;272+242
6;23;4602;070;814+3+511+511+2+1+3+15+508;299+209
6;23;4602;071;816+3+474+474+1+1+2+18+472;281+191
6;23;4602;072;925+0+569+569+0+0+0+7+569;230+339
6;23;4602;073;1219+0+744+744+3+1+4+18+740;392+348
6;23;4602;074;870+1+595+595+0+0+0+22+595;217+378
6;23;4602;075;916+1+625+625+1+0+1+0+624;399+225
6;23;4602;076;887+0+508+508+0+1+1+0+507;298+209
6;23;4602;077;781+0+468+468+0+0+0+14+468;195+273
6;23;4602;078;828+1+509+509+0+1+1+0+508;267+241
6;23;4602;079;754+0+400+400+1+1+2+15+398;215+183
6;23;4602;080;943+0+615+615+0+1+1+0+614;320+294
6;23;4602;081;847+0+462+462+1+3+4+17+458;235+223
6;23;4602;082;765+0+436+436+0+0+0+0+436;201+235
6;23;4602;083;847+0+500+500+1+0+1+0+499;231+268
6;23;4602;084;243+20+152+152+0+1+1+16+151;90+61
6;23;4602;085;180+2+130+130+0+0+0+0+130;24+106
6;23;4602;086;62+2+48+48+0+0+0+1+48;24+24
6;23;4602;089;28+2+30+30+0+0+0+1+30;15+15
6;23;4608;001;902+0+567+567+2+1+3+24+564;338+226
6;23;4608;002;847+2+514+514+0+0+0+22+514;325+189
6;23;4608;003;943+2+584+584+0+0+0+10+584;315+269
6;23;4608;004;1001+2+654+654+3+0+3+9+651;288+363
6;23;4608;005;994+1+625+625+2+2+4+20+621;303+318
6;23;4608;006;920+0+559+559+1+2+3+19+556;289+267
6;23;4608;007;859+2+541+541+2+2+4+16+537;211+326
6;23;4608;008;911+0+605+605+0+0+0+18+605;279+326
6;23;4608;009;938+1+571+571+0+0+0+0+571;339+232
6;23;4608;010;981+0+611+611+1+1+2+16+609;298+311
6;23;4608;011;1044+1+598+598+0+0+0+10+598;355+243
6;23;4608;012;1010+0+629+629+0+2+2+16+627;355+272
6;23;4608;013;974+0+621+621+1+1+2+0+619;303+316
6;23;4608;014;1016+3+606+606+3+0+3+13+603;292+311
6;23;4608;015;1028+3+619+619+0+0+0+2+619;322+297
6;23;4608;016;874+3+605+605+0+1+1+0+604;236+368
6;23;4608;017;897+11+636+636+0+1+1+12+635;325+310
6;23;4608;018;866+0+571+571+2+1+3+15+568;310+258
6;23;4608;019;937+0+567+567+2+2+4+0+563;293+270
6;23;4608;020;911+0+564+564+2+0+2+8+562;286+276
6;23;4608;021;878+1+582+582+2+3+5+23+577;227+350
6;23;4608;022;872+1+555+555+0+1+1+16+554;249+305
6;23;4608;023;928+0+574+574+3+0+3+22+571;329+242
6;23;4608;024;858+19+576+576+1+0+1+18+575;311+264
6;23;4608;025;1032+1+600+600+1+0+1+16+599;274+325
6;23;4608;026;1033+2+619+619+1+0+1+16+618;278+340
6;23;4608;027;1022+2+644+644+3+1+4+26+640;294+346
6;23;4608;028;1053+1+679+679+1+0+1+0+678;241+437
6;23;4608;029;1021+5+660+660+1+1+2+19+658;327+331
6;23;4608;030;181+4+156+156+2+1+3+3+153;96+57
6;23;4608;031;54+0+40+40+0+0+0+0+40;21+19
6;23;4609;001;729+2+483+483+1+0+1+16+482;304+178
6;23;4609;002;440+0+277+277+0+0+0+6+277;212+65
6;23;4609;003;636+0+392+392+0+0+0+13+392;234+158
6;23;4609;004;620+0+393+393+0+0+0+9+393;263+130
6;23;4609;005;636+2+412+412+0+0+0+0+412;276+136
6;23;4609;006;786+3+480+480+2+2+4+0+476;316+160
6;23;4609;007;606+1+395+395+0+1+1+11+394;223+171
6;23;4609;008;700+1+442+442+0+0+0+21+442;337+105
6;23;4609;009;782+4+476+476+1+0+1+19+475;328+147
6;23;4609;010;649+1+417+417+0+1+1+11+416;268+148
6;23;4609;011;459+7+296+296+1+0+1+16+295;233+62
6;23;4609;012;685+3+441+441+1+0+1+12+440;303+137
6;23;4609;013;791+0+474+474+0+0+0+21+474;349+125
6;23;4609;014;695+0+418+418+1+0+1+14+417;267+150
6;23;4609;015;547+1+327+327+2+0+2+14+325;212+113
6;23;4609;016;788+4+473+473+1+0+1+11+472;346+126
6;23;4609;017;563+0+334+334+2+1+3+7+331;217+114
6;23;4609;018;791+2+484+484+0+1+1+22+483;320+163
6;23;4609;019;549+1+330+330+2+0+2+8+328;162+166
6;23;4609;020;363+1+227+227+0+0+0+3+227;134+93
6;23;4609;021;504+0+330+330+2+2+4+0+326;223+103
6;23;4609;022;830+0+514+514+0+1+1+22+513;250+263
6;23;4609;023;636+0+401+401+2+0+2+18+399;222+177
6;23;4609;024;787+1+478+478+2+0+2+13+476;298+178
6;23;4609;025;584+0+396+396+1+0+1+5+395;217+178
6;23;4609;026;643+3+395+395+0+0+0+12+395;253+142
6;23;4609;027;814+2+506+506+2+0+2+14+504;318+186
6;23;4609;028;519+0+320+320+0+2+2+10+318;189+129
6;23;4609;029;683+12+408+408+0+0+0+13+408;258+150
6;23;4609;030;575+0+386+386+0+3+3+0+383;209+174
6;23;4609;031;732+0+464+464+1+1+2+15+462;298+164
6;23;4609;032;678+2+421+421+2+0+2+14+419;284+135
6;23;4609;033;776+4+509+509+1+2+3+15+506;251+255
6;23;4609;034;726+0+408+408+0+1+1+17+407;252+155
6;23;4609;035;823+7+544+544+0+0+0+0+544;327+217
6;23;4609;036;731+0+441+441+0+1+1+8+440;288+152
6;23;4609;037;786+0+519+519+0+0+0+8+519;292+227
6;23;4609;038;557+0+368+368+0+0+0+0+368;223+145
6;23;4609;039;547+12+364+363+1+1+2+4+361;136+225
6;23;4609;040;582+11+365+365+0+0+0+0+365;176+189
6;23;4609;041;472+0+250+250+0+0+0+10+250;176+74
6;23;4609;042;433+1+279+279+0+0+0+10+279;162+117
6;23;4609;043;660+0+432+432+0+0+0+8+432;226+206
6;23;4609;044;719+1+458+458+1+0+1+0+457;266+191
6;23;4609;045;721+1+454+454+2+0+2+8+452;238+214
6;23;4609;046;566+0+381+381+0+1+1+10+380;132+248
6;23;4609;047;808+1+487+487+0+0+0+0+487;265+222
6;23;4609;048;633+0+396+396+2+0+2+0+394;162+232
6;23;4609;049;696+0+434+434+1+0+1+0+433;255+178
6;23;4609;050;689+0+409+409+1+1+2+10+407;232+175
6;23;4609;051;530+1+311+311+0+0+0+5+311;145+166
6;23;4609;052;749+0+494+494+1+0+1+26+493;234+259
6;23;4609;053;724+1+475+475+0+0+0+10+475;269+206
6;23;4609;054;738+0+502+502+0+0+0+10+502;225+277
6;23;4609;055;253+0+155+155+0+0+0+0+155;97+58
6;23;4609;056;686+1+398+398+0+0+0+23+398;252+146
6;23;4609;057;625+1+335+335+0+0+0+9+335;240+95
6;23;4609;058;725+0+393+393+0+0+0+4+393;247+146
6;23;4609;059;371+0+205+205+0+0+0+5+205;132+73
6;23;4610;001;592+3+369+369+0+0+0+0+369;266+103
6;23;4610;002;495+2+294+294+0+0+0+9+294;213+81
6;23;4610;003;774+0+446+446+0+1+1+14+445;327+118
6;23;4610;004;558+0+322+322+0+0+0+13+322;224+98
6;23;4610;005;492+4+296+296+0+1+1+9+295;215+80
6;23;4610;006;596+0+371+371+1+1+2+22+369;262+107
6;23;4610;007;626+0+382+382+0+0+0+9+382;283+99
6;23;4610;008;600+0+356+356+0+0+0+0+356;251+105
6;23;4610;009;483+0+271+271+2+0+2+0+269;206+63
6;23;4610;010;629+0+370+370+0+2+2+17+368;265+103
6;23;4610;011;449+0+255+255+1+0+1+11+254;212+42
6;23;4610;012;451+0+312+312+3+0+3+10+309;231+78
6;23;4610;013;625+1+389+389+1+1+2+0+387;262+125
6;23;4610;014;553+0+311+311+0+1+1+8+310;232+78
6;23;4610;015;494+2+283+283+1+1+2+12+281;190+91
6;23;4610;016;663+0+417+417+1+1+2+25+415;312+103
6;23;4610;017;558+1+327+327+0+1+1+11+326;241+85
6;23;4610;018;670+1+406+406+0+1+1+14+405;294+111
6;23;4610;019;762+0+488+488+0+0+0+5+488;294+194
6;23;4610;020;591+1+355+355+0+0+0+17+355;265+90
6;23;4610;021;490+0+316+316+0+0+0+7+316;220+96
6;23;4610;022;661+0+395+395+0+2+2+0+393;233+160
6;23;4610;023;653+1+423+423+2+0+2+0+421;303+118
6;23;4610;024;699+0+451+451+0+0+0+29+451;267+184
6;23;4610;025;698+0+423+423+2+0+2+0+421;283+138
6;23;4610;026;549+0+341+341+0+0+0+14+341;247+94
6;23;4610;027;437+1+269+269+1+0+1+11+268;188+80
6;23;4610;028;1095+9+690+690+1+0+1+24+689;387+302
6;23;4610;029;744+1+459+459+0+0+0+24+459;265+194
6;23;4610;030;492+0+319+319+2+0+2+19+317;166+151
6;23;4610;031;669+3+443+443+0+1+1+16+442;287+155
6;23;4610;032;704+0+460+460+0+0+0+16+460;277+183
6;23;4610;033;788+1+487+487+1+1+2+23+485;282+203
6;23;4610;034;554+1+364+364+0+0+0+16+364;207+157
6;23;4610;035;694+0+423+423+0+0+0+15+423;271+152
6;23;4610;036;991+5+593+593+0+0+0+15+593;352+241
6;23;4610;037;855+0+535+535+0+0+0+30+535;335+200
6;23;4610;038;1163+1+685+685+0+0+0+0+685;434+251
6;23;4610;039;1062+2+694+694+4+0+4+0+690;365+325
6;23;4610;040;907+3+554+554+2+1+3+34+551;311+240
6;23;4610;041;441+4+445+445+0+0+0+0+445;259+186
6;23;4610;042;637+6+391+391+1+0+1+18+390;226+164
6;23;4610;043;587+0+372+372+0+1+1+20+371;215+156
6;23;4610;044;706+0+468+468+0+0+0+15+468;248+220
6;23;4610;045;882+0+547+547+0+0+0+13+547;361+186
6;23;4610;046;750+0+462+462+1+0+1+10+461;216+245
6;23;4610;047;702+2+417+417+0+0+0+13+417;210+207
6;23;4610;048;767+0+476+476+0+0+0+5+476;192+284
6;23;4610;049;647+2+391+391+3+0+3+11+388;212+176
6;23;4610;050;759+0+449+449+1+0+1+0+448;160+288
6;23;4610;051;756+0+454+454+1+0+1+0+453;242+211
6;23;4610;052;684+0+416+416+0+0+0+0+416;226+190
6;23;4610;053;838+0+467+467+0+0+0+0+467;282+185
6;23;4610;054;726+2+451+451+1+1+2+17+449;265+184
6;23;4610;055;842+1+510+510+1+0+1+0+509;305+204
6;23;4610;056;907+0+556+556+0+0+0+9+556;315+241
6;23;4610;057;610+1+376+376+1+1+2+0+374;164+210
6;23;4610;058;759+0+488+488+2+0+2+24+486;268+218
6;23;4610;059;553+0+326+326+0+0+0+9+326;159+167
6;23;4610;060;688+0+416+416+0+1+1+7+415;243+172
6;23;4610;061;456+2+262+262+0+1+1+8+261;104+157
6;23;4610;062;717+0+422+422+0+0+0+0+422;222+200
6;23;4610;063;882+0+537+537+0+0+0+9+537;299+238
6;23;4610;064;787+1+486+486+0+0+0+0+486;259+227
6;23;4610;065;520+2+336+336+0+0+0+13+336;182+154
6;23;4610;066;501+0+340+340+1+0+1+0+339;164+175
6;23;4610;067;939+0+597+597+0+2+2+17+595;268+327
6;23;4610;068;724+1+426+426+1+0+1+9+425;247+178
6;23;4610;069;888+4+563+563+1+0+1+12+562;281+281
6;23;4610;070;848+0+475+475+1+1+2+8+473;289+184
6;23;4610;071;686+0+441+441+3+0+3+14+438;206+232
6;23;4610;072;611+4+398+398+1+0+1+15+397;238+159
6;23;4610;073;740+0+428+428+0+0+0+4+428;237+191
6;23;4610;074;717+0+450+450+2+1+3+29+447;278+169
6;23;4610;075;855+0+488+488+2+0+2+0+486;276+210
6;23;4610;076;783+0+376+376+1+1+2+14+374;247+127
6;23;4610;077;742+6+448+448+0+0+0+0+448;210+238
6;23;4610;078;846+6+496+496+1+0+1+0+495;207+288
6;23;4610;079;843+3+378+378+1+0+1+0+377;233+144
6;23;4610;080;38+0+24+24+0+0+0+0+24;13+11
6;23;4610;081;62+8+39+39+0+0+0+1+39;13+26
6;23;4610;082;58+1+47+47+0+0+0+0+47;18+29
6;23;4610;083;78+17+54+54+0+0+0+0+54;39+15
6;23;4610;084;75+0+47+47+0+0+0+2+47;21+26
6;23;4610;085;33+1+31+31+0+0+0+0+31;13+18
6;23;4610;087;75+0+47+47+0+0+0+0+47;29+18
6;23;4610;089;87+0+48+48+0+0+0+2+48;21+27
6;23;4610;090;124+19+124+124+0+0+0+0+124;50+74
6;23;4610;093;42+11+35+35+0+0+0+0+35;21+14
6;23;4615;001;671+0+295+295+0+0+0+0+295;113+182
6;23;4615;002;636+1+327+327+1+0+1+12+326;99+227
6;23;4615;003;836+0+410+410+0+0+0+7+410;173+237
6;23;4615;004;541+1+109+109+0+0+0+1+109;42+67
6;23;4615;005;652+1+423+423+0+0+0+0+423;230+193
6;23;4615;006;663+0+423+423+0+0+0+10+423;114+309
6;23;4615;007;608+3+386+386+0+0+0+13+386;242+144
6;23;4615;008;501+0+269+269+0+0+0+0+269;149+120
6;23;4615;009;587+0+376+376+0+1+1+0+375;222+153
6;23;4615;010;833+2+536+536+2+1+3+21+533;256+277
6;23;4615;011;735+1+445+445+0+0+0+10+445;250+195
6;23;4615;012;709+6+413+413+1+1+2+0+411;205+206
6;23;4615;013;649+1+417+417+1+0+1+0+416;265+151
6;23;4615;014;734+0+495+495+0+1+1+10+494;238+256
6;23;4615;015;726+1+414+414+0+0+0+10+414;152+262
6;23;4615;016;664+0+369+369+0+0+0+4+369;187+182
6;23;4615;017;767+4+398+398+1+0+1+0+397;209+188
6;23;4615;018;850+1+564+564+0+0+0+0+564;282+282
6;23;4615;019;706+1+411+411+0+0+0+14+411;158+253
6;23;4615;020;770+0+489+489+0+0+0+7+489;213+276
6;23;4615;021;750+2+486+486+0+0+0+0+486;232+254
6;23;4615;022;838+1+510+510+0+0+0+0+510;269+241
6;23;4615;023;786+0+492+492+2+0+2+0+490;272+218
6;23;4615;024;888+0+587+587+2+0+2+19+585;308+277
6;23;4615;025;729+1+428+428+0+0+0+0+428;218+210
6;23;4615;026;810+0+502+502+0+0+0+0+502;236+266
6;23;4615;027;579+1+358+358+0+0+0+0+358;186+172
6;23;4615;028;712+0+420+420+0+0+0+0+420;196+224
6;23;4615;029;868+0+564+564+0+1+1+26+563;157+406
6;23;4615;030;722+0+436+436+0+0+0+0+436;199+237
6;23;4615;031;689+1+397+397+0+0+0+0+397;198+199
6;23;4615;032;628+0+373+373+1+0+1+0+372;184+188
6;23;4615;033;763+0+444+444+0+1+1+0+443;196+247
6;23;4615;034;737+2+409+409+0+2+2+9+407;235+172
6;23;4615;035;662+0+376+376+0+0+0+0+376;199+177
6;23;4615;036;703+2+373+373+1+1+2+0+371;191+180
6;23;4615;037;653+0+413+413+1+0+1+0+412;232+180
6;23;4615;038;743+0+386+386+0+0+0+0+386;198+188
6;23;4615;039;759+0+421+421+0+0+0+15+421;244+177
6;23;4615;040;591+2+344+344+2+0+2+0+342;170+172
6;23;4615;041;502+2+323+323+1+0+1+0+322;230+92
6;23;4615;042;922+0+531+531+0+0+0+11+531;323+208
6;23;4615;043;749+0+442+442+0+0+0+0+442;246+196
6;23;4615;044;673+0+388+388+2+0+2+0+386;232+154
6;23;4615;045;618+2+385+385+0+0+0+10+385;188+197
6;23;4615;046;811+2+431+431+0+1+1+0+430;233+197
6;23;4615;047;726+1+423+423+0+0+0+0+423;217+206
6;23;4615;048;767+0+440+440+0+0+0+0+440;214+226
6;23;4615;049;544+2+342+342+1+0+1+0+341;87+254
6;23;4615;050;746+2+452+452+0+1+1+0+451;216+235
6;23;4615;051;814+6+457+457+0+1+1+10+456;228+228
6;23;4615;052;816+0+510+510+1+0+1+15+509;215+294
6;23;4615;053;671+1+384+384+1+0+1+14+383;211+172
6;23;4615;054;758+1+488+488+1+2+3+0+485;196+289
6;23;4615;055;846+0+502+502+1+0+1+0+501;301+200
6;23;4615;056;565+0+342+342+0+0+0+9+342;202+140
6;23;4615;057;752+0+382+382+0+0+0+0+382;203+179
6;23;4615;058;563+5+345+345+0+0+0+0+345;169+176
6;23;4615;059;808+0+487+487+1+0+1+0+486;271+215
6;23;4615;060;782+0+437+437+0+0+0+0+437;270+167
6;23;4615;061;784+0+432+432+0+0+0+0+432;262+170
6;23;4615;062;741+1+448+448+0+0+0+0+448;224+224
6;23;4615;063;549+0+321+321+0+0+0+16+321;99+222
6;23;4615;064;780+0+454+454+0+0+0+19+454;214+240
6;23;4615;065;750+0+387+387+0+0+0+0+387;216+171
6;23;4615;066;751+7+445+445+0+0+0+0+445;274+171
6;23;4615;067;812+0+460+460+1+0+1+12+459;219+240
6;23;4615;068;734+0+420+420+0+0+0+0+420;192+228
6;23;4615;069;938+0+565+565+0+0+0+31+565;212+353
6;23;4615;070;825+0+474+474+0+1+1+0+473;250+223
6;23;4615;071;899+0+534+534+2+0+2+0+532;245+287
6;23;4615;072;730+0+391+391+0+0+0+0+391;211+180
6;23;4615;073;770+0+436+436+0+0+0+8+436;284+152
6;23;4615;074;680+0+326+326+0+0+0+9+326;191+135
6;23;4615;075;669+7+374+374+0+0+0+0+374;216+158
6;23;4615;076;866+1+482+482+1+1+2+0+480;291+189
6;23;4615;077;789+2+424+424+1+0+1+0+423;128+295
6;23;4615;078;769+1+431+431+0+1+1+11+430;229+201
6;23;4615;079;705+0+356+356+1+0+1+0+355;124+231
6;23;4615;080;800+0+489+489+1+0+1+8+488;149+339
6;23;4615;081;669+0+353+353+1+1+2+0+351;209+142
6;23;4615;082;654+0+393+393+0+0+0+0+393;151+242
6;23;4615;083;697+1+381+381+0+1+1+0+380;181+199
6;23;4615;084;901+1+559+559+2+0+2+0+557;137+420
6;23;4615;085;984+0+604+604+0+0+0+19+604;214+390
6;23;4615;086;616+2+378+378+1+1+2+7+376;123+253
6;23;4615;087;566+0+353+353+0+1+1+0+352;111+241
6;23;4615;088;835+1+500+500+0+0+0+3+500;137+363
6;23;4615;089;676+0+404+404+0+0+0+0+404;140+264
6;23;4615;090;675+0+417+417+0+0+0+3+417;139+278
6;23;4615;091;823+3+445+445+1+0+1+0+444;266+178
6;23;4615;092;750+0+407+407+0+0+0+11+407;240+167
6;23;4615;093;869+0+521+521+0+0+0+0+521;295+226
6;23;4615;094;611+0+404+404+0+0+0+12+404;164+240
6;23;4615;095;742+0+402+402+0+1+1+0+401;205+196
6;23;4615;096;599+0+350+350+0+0+0+21+350;202+148
6;23;4615;097;722+1+403+403+0+0+0+0+403;221+182
6;23;4615;098;646+0+291+291+0+2+2+9+289;142+147
6;23;4615;099;739+2+443+443+0+0+0+10+443;146+297
6;23;4615;100;715+0+392+392+0+0+0+0+392;250+142
6;23;4615;101;799+0+404+404+0+1+1+0+403;238+165
6;23;4615;102;787+0+441+441+0+0+0+13+441;283+158
6;23;4615;103;698+0+350+350+0+0+0+0+350;238+112
6;23;4615;104;770+0+406+406+0+0+0+10+406;227+179
6;23;4615;105;797+1+398+398+0+0+0+0+398;251+147
6;23;4615;106;688+1+338+338+0+0+0+0+338;202+136
6;23;4615;107;717+0+355+355+0+0+0+0+355;199+156
6;23;4615;108;869+1+457+457+1+0+1+0+456;281+175
6;23;4615;109;657+0+316+316+1+0+1+14+315;185+130
6;23;4615;110;770+0+392+392+1+0+1+14+391;209+182
6;23;4615;111;622+0+357+357+0+0+0+0+357;213+144
6;23;4615;112;770+2+371+371+0+0+0+4+371;226+145
6;23;4615;113;949+0+507+507+0+0+0+0+507;298+209
6;23;4615;114;741+0+375+375+0+0+0+17+375;230+145
6;23;4615;115;764+1+460+460+0+0+0+0+460;310+150
6;23;4615;116;685+0+351+351+1+1+2+9+349;236+113
6;23;4615;117;860+0+481+481+0+0+0+17+481;333+148
6;23;4615;118;791+0+433+433+1+1+2+0+431;303+128
6;23;4615;119;737+0+273+273+1+1+2+3+271;168+103
6;23;4615;120;641+0+289+289+0+1+1+5+288;187+101
6;23;4615;121;123+2+77+77+0+0+0+0+77;41+36
6;23;4616;001;495+5+194+194+0+0+0+10+194;115+79
6;23;4616;002;300+5+77+77+0+0+0+1+77;50+27
6;23;4616;003;389+3+80+80+0+0+0+0+80;57+23
6;23;4616;004;513+5+95+95+0+0+0+1+95;66+29
6;23;4616;005;466+3+142+142+1+0+1+0+141;105+36
6;23;4616;006;321+3+76+76+0+0+0+0+76;53+23
6;23;4616;007;375+13+102+102+0+0+0+0+102;67+35
6;23;4616;008;437+6+78+78+0+0+0+0+78;54+24
6;23;4616;009;221+4+78+78+0+0+0+0+78;56+22
6;23;4616;010;322+3+98+98+0+0+0+5+98;73+25
6;23;4616;011;594+5+272+272+1+0+1+5+271;195+76
6;23;4616;012;400+7+78+78+0+0+0+0+78;51+27
6;23;4616;013;382+1+105+105+0+0+0+0+105;66+39
6;23;4616;014;482+9+167+167+0+0+0+7+167;123+44
6;23;4616;015;402+8+58+58+0+1+1+0+57;37+20
6;23;4616;016;528+5+205+205+0+0+0+5+205;126+79
6;23;4616;017;465+1+161+161+1+0+1+0+160;119+41
6;23;4616;018;411+4+150+150+0+0+0+7+150;102+48
6;23;4616;019;497+3+321+321+4+0+4+0+317;211+106
6;23;4616;020;261+2+161+161+0+0+0+8+161;105+56
6;23;4616;021;414+0+227+227+1+0+1+0+226;125+101
6;23;4616;022;340+0+199+199+0+0+0+0+199;140+59
6;23;4616;023;513+0+315+315+2+0+2+0+313;173+140
6;23;4616;024;242+0+164+164+0+0+0+6+164;77+87
6;23;4616;025;375+0+204+204+0+0+0+10+204;109+95
6;23;4616;026;514+1+252+252+1+1+2+0+250;153+97
6;23;4616;027;1072+1+657+657+1+0+1+9+656;377+279
6;23;4616;028;528+0+320+320+2+0+2+5+318;198+120
6;23;4616;029;277+0+159+159+0+0+0+0+159;112+47
6;23;4616;030;341+0+203+203+0+0+0+0+203;149+54
6;23;4616;031;302+3+183+183+0+1+1+8+182;120+62
6;23;4616;032;320+0+209+209+2+0+2+0+207;138+69
6;23;4616;033;592+0+361+361+1+2+3+0+358;235+123
6;23;4616;034;450+2+253+253+0+0+0+6+253;170+83
6;23;4616;035;372+1+239+239+0+0+0+0+239;130+109
6;23;4616;036;511+0+296+296+2+0+2+0+294;180+114
6;23;4616;037;590+4+390+390+0+0+0+0+390;160+230
6;23;4616;038;525+0+327+327+0+0+0+12+327;220+107
6;23;4616;039;540+0+358+358+0+0+0+0+358;134+224
6;23;4616;040;551+0+336+336+0+0+0+23+336;189+147
6;23;4616;041;568+0+360+360+0+0+0+14+360;147+213
6;23;4616;042;439+0+282+282+4+0+4+12+278;174+104
6;23;4616;043;407+1+240+240+0+0+0+0+240;116+124
6;23;4616;044;611+0+364+364+1+0+1+0+363;196+167
6;23;4616;045;515+0+316+316+0+1+1+0+315;175+140
6;23;4616;046;663+0+394+394+4+3+7+0+387;157+230
6;23;4616;047;512+0+330+330+0+0+0+0+330;113+217
6;23;4616;048;569+2+348+348+0+0+0+21+348;202+146
6;23;4616;049;429+0+244+244+0+0+0+0+244;157+87
6;23;4616;050;499+0+284+284+0+0+0+0+284;152+132
6;23;4616;051;677+0+394+394+0+0+0+0+394;218+176
6;23;4616;052;489+0+288+288+0+0+0+8+288;119+169
6;23;4616;053;540+1+326+326+0+0+0+0+326;173+153
6;23;4616;054;704+0+423+423+1+1+2+16+421;203+218
6;23;4616;055;862+0+475+475+1+0+1+18+474;278+196
6;23;4616;056;368+0+171+171+0+0+0+6+171;115+56
6;23;4616;057;83+0+39+39+0+0+0+1+39;22+17
6;23;4616;058;393+0+237+237+0+2+2+30+235;119+116
6;23;4617;001;850+11+516+516+0+1+1+18+515;362+153
6;23;4617;002;871+1+537+537+2+0+2+19+535;358+177
6;23;4617;003;933+0+548+548+2+1+3+19+545;355+190
6;23;4617;004;190+1+116+116+0+0+0+6+116;79+37
6;23;4617;005;717+0+450+450+0+1+1+25+449;319+130
6;23;4617;006;882+2+581+581+1+0+1+25+580;467+113
6;23;4617;007;910+1+573+573+1+0+1+11+572;426+146
6;23;4617;008;750+0+476+476+0+0+0+13+476;298+178
6;23;4617;009;643+0+424+424+0+0+0+0+424;307+117
6;23;4617;010;574+0+358+358+0+0+0+0+358;198+160
6;23;4617;011;247+1+247+247+2+0+2+0+245;125+120
6;23;4617;012;744+12+429+429+0+0+0+0+429;269+160
6;23;4617;013;749+1+431+431+2+0+2+20+429;300+129
6;23;4617;014;761+2+400+400+0+1+1+0+399;240+159
6;23;4617;015;593+2+331+331+1+1+2+12+329;217+112
6;23;4617;017;788+0+493+493+0+0+0+16+493;334+159
6;23;4617;018;693+0+380+380+0+1+1+10+379;231+148
6;23;4617;019;895+0+557+557+0+0+0+25+557;393+164
6;23;4617;020;1104+0+724+724+3+0+3+0+721;463+258
6;23;4617;021;916+4+543+543+2+0+2+16+541;338+203
6;23;4617;022;1008+0+350+350+0+0+0+15+350;262+88
6;23;4617;023;817+1+452+452+0+1+1+0+451;289+162
6;23;4617;024;972+2+536+536+1+0+1+0+535;361+174
6;23;4617;025;911+0+475+475+0+0+0+18+475;318+157
6;23;4617;026;590+2+307+307+1+0+1+18+306;213+93
6;23;4617;027;779+0+402+402+0+0+0+23+402;235+167
6;23;4617;028;1007+0+334+334+0+0+0+0+334;241+93
6;23;4617;029;799+0+437+437+0+0+0+20+437;271+166
6;23;4617;030;846+0+451+451+1+0+1+0+450;279+171
6;23;4617;031;850+0+489+489+0+0+0+30+489;331+158
6;23;4617;032;867+1+530+530+0+1+1+0+529;311+218
6;23;4617;033;573+0+336+336+3+1+4+0+332;210+122
6;23;4617;034;844+1+399+399+0+0+0+21+399;229+170
6;23;4617;035;883+2+504+504+0+0+0+7+504;227+277
6;23;4617;036;104+0+35+35+1+0+1+5+34;18+16
6;23;4617;038;1005+0+591+591+1+0+1+0+590;358+232
6;23;4617;039;1017+3+591+591+1+0+1+0+590;392+198
6;23;4617;040;648+0+377+377+2+0+2+0+375;233+142
6;23;4617;041;1103+1+667+667+1+0+1+33+666;400+266
6;23;4617;042;1036+0+587+587+0+1+1+21+586;389+197
6;23;4617;043;619+0+361+361+1+0+1+0+360;232+128
6;23;4617;044;607+0+337+337+0+0+0+9+337;182+155
6;23;4617;045;773+0+441+441+0+0+0+0+441;239+202
6;23;4617;046;446+1+272+272+0+0+0+12+272;161+111
6;23;4617;047;711+0+441+441+0+2+2+0+439;254+185
6;23;4617;048;752+0+481+481+1+0+1+12+480;240+240
6;23;4617;049;696+0+457+457+1+2+3+22+454;228+226
6;23;4617;050;648+4+392+392+0+0+0+0+392;199+193
6;23;4617;051;663+0+385+385+0+1+1+13+384;230+154
6;23;4617;052;881+1+539+539+0+0+0+18+539;268+271
6;23;4617;053;748+0+436+436+1+0+1+13+435;249+186
6;23;4617;054;546+4+253+253+0+0+0+6+253;153+100
6;23;4623;001;613+0+372+372+0+0+0+0+372;169+203
6;23;4623;002;463+0+265+265+0+2+2+0+263;144+119
6;23;4623;003;952+0+510+510+4+0+4+0+506;265+241
6;23;4623;004;835+0+412+412+2+0+2+0+410;240+170
6;23;4623;005;771+0+411+411+0+0+0+0+411;221+190
6;23;4623;006;617+0+309+309+0+0+0+13+309;171+138
6;23;4623;007;317+0+91+91+0+0+0+0+91;37+54
6;23;4623;008;606+0+336+336+2+0+2+0+334;220+114
6;23;4623;009;664+0+402+402+0+0+0+0+402;254+148
6;23;4623;010;727+0+407+407+1+0+1+0+406;252+154
6;23;4623;011;670+0+390+390+2+0+2+20+388;265+123
6;23;4623;012;636+0+382+382+1+0+1+9+381;229+152
6;23;4623;013;647+2+376+376+0+1+1+21+375;234+141
6;23;4623;014;565+0+340+340+0+2+2+19+338;219+119
6;23;4623;015;525+0+302+302+0+0+0+23+302;204+98
6;23;4623;016;435+0+265+265+0+0+0+8+265;164+101
6;23;4623;017;873+0+315+315+0+1+1+15+314;192+122
6;23;4623;018;984+0+145+145+0+0+0+0+145;90+55
6;23;4623;019;798+0+468+468+0+0+0+12+468;334+134
6;23;4623;020;835+1+485+485+2+0+2+8+483;333+150
6;23;4623;021;725+2+401+401+0+1+1+16+400;229+171
6;23;4623;022;560+0+352+352+1+1+2+10+350;195+155
6;23;4623;023;511+0+337+337+0+3+3+25+334;161+173
6;23;4623;024;553+0+383+383+0+0+0+23+383;189+194
6;23;4623;025;926+0+628+628+1+0+1+0+627;477+150
6;23;4623;026;952+0+615+615+0+1+1+0+614;455+159
6;23;4623;027;761+0+497+497+0+0+0+0+497;344+153
6;23;4623;028;576+2+345+345+0+0+0+0+345;220+125
6;23;4623;029;566+3+294+294+0+0+0+17+294;141+153
6;23;4623;030;724+0+435+435+1+2+3+16+432;226+206
6;23;4623;031;127+2+94+94+0+0+0+0+94;52+42
[END]

[AGGR]
23;6;   ;2+528+528+367599+801+217227+217226+321+179+500+4179+216726;121541+95185
[END]
