[INFO]
24;ëÆ¥®ø 2;301
[END]

[IZB]
24;6;   ;;18.11.2001;2;2;524
[END]

[NM]
2446;001;£∞. ëÆ¥®ø;68134;01
2446;001;£∞. ëÆ¥®ø;68134;03
2446;001;£∞. ëÆ¥®ø;68134;04
2446;001;£∞. ëÆ¥®ø;68134;05
2446;001;£∞. ëÆ¥®ø;68134;06
2446;001;£∞. ëÆ¥®ø;68134;07
2446;001;£∞. ëÆ¥®ø;68134;14
2446;001;£∞. ëÆ¥®ø;68134;22
2446;003;£∞. Å≥µÆ¢Æ;07140;22
2446;004;±. ÉÆ∞≠® ÅÆ£∞Æ¢;16448;22
2446;005;±. ÑÆ´≠® ÅÆ£∞Æ¢;22304;22
2446;006;±. Ü•´ø¢†;29204;22
2446;007;™¢. ë•±´†¢∂®;;22
2446;008;±. ü≠†;87401;22
[END]

[SEC]
24;4601;001;6;001
24;4601;002;6;001
24;4601;003;6;001
24;4601;005;6;001
24;4601;006;6;001
24;4601;007;6;001
24;4601;008;6;001
24;4601;009;6;001
24;4601;010;6;001
24;4601;011;6;001
24;4601;012;6;001
24;4601;013;6;001
24;4601;014;6;001
24;4601;015;6;001
24;4601;016;6;001
24;4601;017;6;001
24;4601;018;6;001
24;4601;019;6;001
24;4601;020;6;001
24;4601;021;6;001
24;4601;022;6;001
24;4601;023;6;001
24;4601;024;6;001
24;4601;025;6;001
24;4601;026;6;001
24;4601;027;6;001
24;4601;028;6;001
24;4601;029;6;001
24;4601;030;6;001
24;4601;031;6;001
24;4601;032;6;001
24;4601;033;6;001
24;4601;034;6;001
24;4601;035;6;001
24;4601;036;6;001
24;4601;037;6;001
24;4601;038;6;001
24;4601;039;6;001
24;4601;040;6;001
24;4601;041;6;001
24;4601;042;6;001
24;4601;043;6;001
24;4601;044;6;001
24;4601;045;6;001
24;4601;046;6;001
24;4601;047;6;001
24;4601;048;6;001
24;4601;049;6;001
24;4601;050;6;001
24;4601;051;6;001
24;4601;052;6;001
24;4601;053;6;001
24;4601;054;6;001
24;4601;055;6;001
24;4601;056;6;001
24;4601;057;6;001
24;4601;058;6;001
24;4601;059;6;001
24;4601;060;6;001
24;4601;061;6;001
24;4601;062;6;001
24;4603;001;6;001
24;4603;002;6;001
24;4603;003;6;001
24;4603;004;6;001
24;4603;006;6;001
24;4603;008;6;001
24;4603;009;6;001
24;4603;011;6;001
24;4603;012;6;001
24;4603;014;6;001
24;4603;016;6;001
24;4603;017;6;001
24;4603;018;6;001
24;4603;020;6;001
24;4603;021;6;001
24;4603;022;6;001
24;4603;024;6;001
24;4603;025;6;001
24;4603;026;6;001
24;4603;028;6;001
24;4603;031;6;001
24;4603;032;6;001
24;4603;034;6;001
24;4603;035;6;001
24;4603;036;6;001
24;4603;037;6;001
24;4603;038;6;001
24;4603;039;6;001
24;4603;040;6;001
24;4603;041;6;001
24;4603;042;6;001
24;4603;043;6;001
24;4603;044;6;001
24;4603;045;6;001
24;4603;046;6;001
24;4603;047;6;001
24;4603;048;6;001
24;4603;050;6;001
24;4603;052;6;001
24;4603;053;6;001
24;4603;054;6;001
24;4603;055;6;001
24;4603;056;6;001
24;4603;057;6;001
24;4603;058;6;001
24;4603;059;6;001
24;4603;060;6;001
24;4603;061;6;001
24;4603;062;6;001
24;4603;063;6;001
24;4603;064;6;001
24;4604;001;6;001
24;4604;002;6;001
24;4604;003;6;001
24;4604;004;6;001
24;4604;005;6;001
24;4604;006;6;001
24;4604;007;6;001
24;4604;008;6;001
24;4604;009;6;001
24;4604;010;6;001
24;4604;011;6;001
24;4604;012;6;001
24;4604;013;6;001
24;4604;015;6;001
24;4604;016;6;001
24;4604;017;6;001
24;4604;018;6;001
24;4604;019;6;001
24;4604;020;6;001
24;4604;021;6;001
24;4604;022;6;001
24;4604;023;6;001
24;4604;024;6;001
24;4604;025;6;001
24;4604;027;6;001
24;4604;028;6;001
24;4604;029;6;001
24;4604;030;6;001
24;4604;031;6;001
24;4604;032;6;001
24;4604;033;6;001
24;4604;034;6;001
24;4604;035;6;001
24;4604;036;6;001
24;4604;037;6;001
24;4604;038;6;001
24;4604;039;6;001
24;4604;040;6;001
24;4604;042;6;001
24;4604;043;6;001
24;4604;044;6;001
24;4604;045;6;001
24;4604;046;6;001
24;4604;047;6;001
24;4604;049;6;001
24;4604;050;6;001
24;4604;051;6;001
24;4604;053;6;001
24;4604;054;6;001
24;4604;055;6;001
24;4604;056;6;001
24;4604;057;6;001
24;4604;058;6;001
24;4605;001;6;001
24;4605;002;6;001
24;4605;003;6;001
24;4605;004;6;001
24;4605;005;6;001
24;4605;006;6;001
24;4605;007;6;001
24;4605;008;6;001
24;4605;009;6;001
24;4605;010;6;001
24;4605;011;6;001
24;4605;012;6;001
24;4605;013;6;001
24;4605;014;6;001
24;4605;015;6;001
24;4605;016;6;001
24;4605;017;6;001
24;4605;018;6;001
24;4605;019;6;001
24;4605;020;6;001
24;4605;021;6;001
24;4605;022;6;001
24;4605;023;6;001
24;4605;024;6;001
24;4605;025;6;001
24;4605;026;6;001
24;4605;027;6;001
24;4605;028;6;001
24;4605;029;6;001
24;4605;030;6;001
24;4605;031;6;001
24;4605;032;6;001
24;4605;033;6;001
24;4605;034;6;001
24;4605;035;6;001
24;4605;036;6;001
24;4605;037;6;001
24;4605;038;6;001
24;4605;039;6;001
24;4605;040;6;001
24;4605;041;6;001
24;4605;042;6;001
24;4605;043;6;001
24;4605;044;6;001
24;4605;045;6;001
24;4605;046;6;001
24;4605;047;6;001
24;4605;048;6;001
24;4605;049;6;001
24;4605;050;6;001
24;4605;051;6;001
24;4605;052;6;001
24;4605;053;6;001
24;4605;054;6;001
24;4605;055;6;001
24;4605;056;6;001
24;4605;057;6;001
24;4605;058;6;001
24;4605;059;6;001
24;4605;060;6;001
24;4605;061;6;001
24;4605;062;6;001
24;4605;063;6;001
24;4605;064;6;001
24;4605;065;6;001
24;4605;066;6;001
24;4605;067;6;001
24;4605;068;6;001
24;4606;001;6;001
24;4606;002;6;001
24;4606;003;6;001
24;4606;004;6;001
24;4606;005;6;001
24;4606;006;6;001
24;4606;007;6;001
24;4606;008;6;001
24;4606;009;6;001
24;4606;010;6;001
24;4606;011;6;001
24;4606;012;6;001
24;4606;013;6;001
24;4606;014;6;001
24;4606;015;6;001
24;4606;016;6;001
24;4606;017;6;001
24;4606;018;6;001
24;4606;019;6;001
24;4606;020;6;001
24;4606;021;6;001
24;4606;022;6;001
24;4606;023;6;001
24;4606;024;6;001
24;4606;025;6;001
24;4606;026;6;001
24;4606;027;6;001
24;4606;028;6;001
24;4606;029;6;001
24;4606;030;6;001
24;4606;031;6;001
24;4606;032;6;001
24;4606;033;6;001
24;4606;034;6;001
24;4606;035;6;001
24;4606;036;6;001
24;4606;037;6;001
24;4606;038;6;001
24;4606;039;6;001
24;4606;040;6;001
24;4606;041;6;001
24;4606;042;6;001
24;4606;043;6;001
24;4606;044;6;001
24;4606;045;6;001
24;4606;046;6;001
24;4606;047;6;001
24;4606;048;6;001
24;4606;049;6;001
24;4606;050;6;001
24;4606;051;6;001
24;4606;052;6;001
24;4606;053;6;001
24;4606;054;6;001
24;4606;055;6;001
24;4606;056;6;001
24;4606;057;6;001
24;4606;058;6;001
24;4606;059;6;001
24;4606;060;6;001
24;4606;061;6;001
24;4606;062;6;001
24;4606;063;6;001
24;4606;064;6;001
24;4606;065;6;001
24;4606;066;6;001
24;4606;067;6;001
24;4606;068;6;001
24;4606;069;6;001
24;4606;070;6;001
24;4606;071;6;001
24;4606;072;6;001
24;4606;073;6;001
24;4606;074;6;001
24;4606;075;6;001
24;4606;076;6;001
24;4606;077;6;001
24;4606;078;6;001
24;4606;079;6;001
24;4606;080;6;001
24;4606;081;6;001
24;4606;082;6;001
24;4606;083;6;001
24;4606;084;6;001
24;4606;085;6;001
24;4606;086;6;001
24;4606;087;6;001
24;4606;088;6;001
24;4606;089;6;001
24;4606;090;6;001
24;4606;091;6;001
24;4606;092;6;001
24;4606;093;6;001
24;4606;094;6;001
24;4606;095;6;001
24;4606;096;6;001
24;4606;097;6;001
24;4606;098;6;001
24;4606;099;6;001
24;4606;100;6;001
24;4606;101;6;001
24;4606;102;6;001
24;4606;103;6;001
24;4607;001;6;001
24;4607;002;6;001
24;4607;003;6;001
24;4607;004;6;001
24;4607;005;6;001
24;4607;006;6;001
24;4607;007;6;001
24;4607;008;6;001
24;4607;009;6;001
24;4607;010;6;001
24;4607;011;6;001
24;4607;012;6;001
24;4607;013;6;001
24;4607;014;6;001
24;4607;015;6;001
24;4607;016;6;001
24;4607;017;6;001
24;4607;018;6;001
24;4607;019;6;001
24;4607;020;6;001
24;4607;021;6;001
24;4607;022;6;001
24;4607;023;6;001
24;4607;024;6;001
24;4607;025;6;001
24;4607;026;6;001
24;4607;027;6;001
24;4607;028;6;001
24;4607;029;6;001
24;4607;030;6;001
24;4607;031;6;001
24;4607;032;6;001
24;4607;033;6;001
24;4607;034;6;001
24;4607;035;6;001
24;4607;036;6;001
24;4607;037;6;001
24;4607;038;6;001
24;4607;039;6;001
24;4607;040;6;001
24;4607;041;6;001
24;4607;042;6;001
24;4607;043;6;001
24;4607;044;6;001
24;4607;045;6;001
24;4607;046;6;001
24;4607;047;6;001
24;4607;048;6;001
24;4607;049;6;001
24;4607;050;6;001
24;4607;051;6;001
24;4607;052;6;001
24;4607;053;6;001
24;4607;054;6;001
24;4607;055;6;001
24;4607;056;6;001
24;4607;057;6;001
24;4607;058;6;001
24;4607;059;6;001
24;4607;060;6;001
24;4607;061;6;001
24;4607;062;6;001
24;4607;063;6;001
24;4607;064;6;001
24;4607;065;6;001
24;4607;066;6;001
24;4607;067;6;001
24;4607;068;6;001
24;4607;069;6;001
24;4607;070;6;001
24;4607;071;6;001
24;4607;072;6;001
24;4607;073;6;001
24;4607;074;6;001
24;4607;075;6;001
24;4607;076;6;001
24;4607;077;6;001
24;4607;078;6;001
24;4607;079;6;001
24;4607;080;6;001
24;4607;081;6;001
24;4607;082;6;001
24;4614;001;6;001
24;4614;002;6;001
24;4614;003;6;001
24;4614;004;6;001
24;4614;005;6;001
24;4614;006;6;001
24;4614;007;6;001
24;4614;008;6;001
24;4614;009;6;001
24;4614;011;6;001
24;4614;012;6;001
24;4614;013;6;001
24;4614;014;6;001
24;4614;015;6;001
24;4614;016;6;001
24;4614;017;6;001
24;4614;018;6;001
24;4614;019;6;001
24;4614;021;6;001
24;4614;022;6;001
24;4614;023;6;001
24;4614;024;6;001
24;4614;025;6;001
24;4614;026;6;001
24;4614;027;6;001
24;4614;028;6;001
24;4614;029;6;001
24;4614;030;6;001
24;4614;032;6;001
24;4614;033;6;001
24;4614;034;6;001
24;4614;035;6;001
24;4614;036;6;001
24;4614;037;6;001
24;4614;038;6;001
24;4614;039;6;001
24;4614;040;6;001
24;4614;041;6;001
24;4614;043;6;001
24;4614;044;6;001
24;4614;045;6;001
24;4614;046;6;001
24;4614;047;6;001
24;4614;048;6;001
24;4614;049;6;001
24;4614;050;6;001
24;4614;051;6;001
24;4614;052;6;001
24;4614;053;6;001
24;4614;055;6;001
24;4614;056;6;001
24;4614;057;6;001
24;4614;058;6;001
24;4614;059;6;001
24;4614;060;6;001
24;4614;061;6;001
24;4614;062;6;001
24;4614;063;6;001
24;4614;064;6;001
24;4614;065;6;001
24;4614;066;6;001
24;4614;067;6;001
24;4614;068;6;001
24;4614;069;6;001
24;4614;071;6;001
24;4614;072;6;001
24;4614;073;6;001
24;4614;074;6;001
24;4614;075;6;001
24;4622;001;6;001
24;4622;002;6;001
24;4622;003;6;001
24;4622;004;6;001
24;4622;005;6;001
24;4622;006;6;001
24;4622;007;6;001
24;4622;008;6;001
24;4622;009;6;001
24;4622;010;6;001
24;4622;011;6;001
24;4622;012;6;001
24;4622;013;6;001
24;4622;014;6;001
24;4622;015;6;001
24;4622;016;6;001
24;4622;017;6;001
24;4622;018;6;001
24;4622;019;6;001
24;4622;020;6;001
24;4622;021;6;001
24;4622;022;6;001
24;4622;023;6;001
24;4622;024;6;001
24;4622;025;6;007
24;4622;026;6;007
24;4622;027;6;003
24;4622;028;6;003
24;4622;029;6;003
24;4622;030;6;003
24;4622;031;6;008
24;4622;032;6;008
24;4622;033;6;006
24;4622;034;6;004
24;4622;035;6;004
24;4622;036;6;005
24;4622;037;6;005
[END]

[MAJ]
24;6;   ;02;;;è•≤∫∞ ë≤•¥†≠Æ¢ ë≤Æø≠Æ¢ ® ç•´® è•≤∞Æ¢† ä≥∂™Æ¢†;, ;èëë+çèä;112424;0;1
24;6;   ;05;;;É•Æ∞£® ë•§•¥∑Æ¢ è∫∞¢†≠Æ¢ ® Ä≠£•´ à¢†≠Æ¢ å†∞®≠;, ;Éëè+Äàå;76646;1;2
[END]

[PROP]
[END]

[LISTI]
[END]

[PROT]
6;24;4601;001;592+0+380+380+0+0+0+19+380;229+151
6;24;4601;002;641+0+386+386+1+0+1+0+385;250+135
6;24;4601;003;626+1+352+352+1+0+1+31+351;196+155
6;24;4601;005;635+0+413+413+1+1+2+20+411;299+112
6;24;4601;006;742+0+453+453+1+0+1+0+452;316+136
6;24;4601;007;694+0+424+424+0+0+0+9+424;326+98
6;24;4601;008;412+0+276+276+0+0+0+15+276;179+97
6;24;4601;009;607+0+366+366+0+0+0+10+366;277+89
6;24;4601;010;754+0+485+485+0+0+0+15+485;353+132
6;24;4601;011;436+0+250+250+0+0+0+0+250;160+90
6;24;4601;012;520+0+325+325+0+0+0+8+325;267+58
6;24;4601;013;595+1+370+370+1+0+1+2+369;269+100
6;24;4601;014;695+0+411+411+1+0+1+25+410;323+87
6;24;4601;015;767+0+475+475+1+0+1+13+474;353+121
6;24;4601;016;401+2+403+403+0+0+0+0+403;290+113
6;24;4601;017;412+1+281+281+1+0+1+0+280;198+82
6;24;4601;018;432+0+282+282+0+0+0+9+282;219+63
6;24;4601;019;733+0+463+463+2+0+2+23+461;348+113
6;24;4601;020;614+0+385+385+0+0+0+24+385;259+126
6;24;4601;021;797+1+504+504+1+0+1+24+503;373+130
6;24;4601;022;658+0+446+446+0+1+1+28+445;335+110
6;24;4601;023;467+0+280+280+1+2+3+0+277;170+107
6;24;4601;024;605+3+381+381+0+0+0+39+381;284+97
6;24;4601;025;443+1+268+268+0+0+0+0+268;197+71
6;24;4601;026;540+1+306+306+0+0+0+22+306;206+100
6;24;4601;027;647+0+419+419+1+2+3+0+416;264+152
6;24;4601;028;682+0+416+416+1+0+1+20+415;288+127
6;24;4601;029;501+0+345+345+0+0+0+0+345;212+133
6;24;4601;030;623+1+385+385+1+0+1+0+384;229+155
6;24;4601;031;653+0+386+386+0+1+1+27+385;266+119
6;24;4601;032;499+0+301+301+0+0+0+23+301;190+111
6;24;4601;033;568+0+363+363+0+0+0+11+363;241+122
6;24;4601;034;695+0+446+446+1+1+2+23+444;283+161
6;24;4601;035;455+0+295+295+0+0+0+7+295;229+66
6;24;4601;036;530+0+322+322+2+1+3+21+319;225+94
6;24;4601;037;609+5+353+353+0+0+0+5+353;215+138
6;24;4601;038;722+0+436+436+2+1+3+28+433;234+199
6;24;4601;039;575+0+404+404+0+2+2+14+402;170+232
6;24;4601;040;736+0+459+459+2+0+2+18+457;290+167
6;24;4601;041;546+0+372+372+0+0+0+24+372;147+225
6;24;4601;042;675+2+405+405+3+0+3+18+402;297+105
6;24;4601;043;596+0+382+382+0+2+2+6+380;232+148
6;24;4601;044;523+0+296+296+0+0+0+7+296;183+113
6;24;4601;045;785+0+467+467+2+0+2+18+465;320+145
6;24;4601;046;658+0+411+411+1+0+1+0+410;259+151
6;24;4601;047;430+0+305+305+2+0+2+0+303;139+164
6;24;4601;048;432+0+281+281+1+0+1+13+280;191+89
6;24;4601;049;666+0+411+411+0+0+0+18+411;269+142
6;24;4601;050;615+1+397+397+1+1+2+6+395;273+122
6;24;4601;051;539+0+333+333+0+1+1+14+332;262+70
6;24;4601;052;582+0+369+369+0+0+0+13+369;286+83
6;24;4601;053;480+1+300+300+0+1+1+13+299;220+79
6;24;4601;054;581+0+350+350+0+0+0+0+350;274+76
6;24;4601;055;585+1+346+346+0+0+0+0+346;266+80
6;24;4601;056;515+1+330+330+0+0+0+0+330;268+62
6;24;4601;057;559+1+349+349+0+1+1+8+348;255+93
6;24;4601;058;587+0+391+391+0+0+0+0+391;302+89
6;24;4601;059;678+0+430+430+0+0+0+14+430;312+118
6;24;4601;060;714+2+457+457+2+0+2+34+455;310+145
6;24;4601;061;48+0+37+37+0+0+0+0+37;34+3
6;24;4601;062;176+0+86+86+0+0+0+1+86;44+42
6;24;4603;001;446+1+236+236+0+0+0+7+236;156+80
6;24;4603;002;597+0+326+326+0+0+0+6+326;196+130
6;24;4603;003;513+0+272+272+0+0+0+4+272;166+106
6;24;4603;004;967+1+447+447+1+0+1+20+446;303+143
6;24;4603;006;865+1+483+483+0+0+0+0+483;247+236
6;24;4603;008;547+1+276+276+3+0+3+11+273;191+82
6;24;4603;009;833+1+450+450+1+0+1+25+449;246+203
6;24;4603;011;680+0+304+304+0+0+0+6+304;238+66
6;24;4603;012;940+0+443+443+0+0+0+11+443;272+171
6;24;4603;014;686+0+356+356+1+1+2+12+354;277+77
6;24;4603;016;487+0+264+264+0+0+0+0+264;150+114
6;24;4603;017;540+0+268+268+0+2+2+9+266;158+108
6;24;4603;018;964+1+529+529+1+0+1+3+528;356+172
6;24;4603;020;479+0+257+257+0+0+0+8+257;169+88
6;24;4603;021;594+11+287+287+1+0+1+8+286;194+92
6;24;4603;022;743+0+443+443+2+0+2+20+441;293+148
6;24;4603;024;772+0+411+411+0+1+1+0+410;283+127
6;24;4603;025;674+0+350+350+1+0+1+11+349;211+138
6;24;4603;026;891+0+433+433+0+0+0+0+433;314+119
6;24;4603;028;728+1+402+402+0+0+0+25+402;300+102
6;24;4603;031;513+0+227+227+1+0+1+0+226;147+79
6;24;4603;032;546+0+261+261+0+0+0+18+261;210+51
6;24;4603;034;699+0+398+398+0+0+0+0+398;245+153
6;24;4603;035;676+0+375+375+0+1+1+15+374;218+156
6;24;4603;036;761+1+487+487+2+0+2+23+485;294+191
6;24;4603;037;845+0+462+462+1+0+1+15+461;280+181
6;24;4603;038;785+6+453+453+1+1+2+0+451;271+180
6;24;4603;039;345+0+211+211+0+0+0+8+211;137+74
6;24;4603;040;363+2+223+223+0+0+0+10+223;151+72
6;24;4603;041;689+0+399+399+1+1+2+12+397;222+175
6;24;4603;042;879+0+503+503+0+0+0+21+503;299+204
6;24;4603;043;794+2+481+481+0+0+0+0+481;286+195
6;24;4603;044;748+3+426+426+0+0+0+18+426;268+158
6;24;4603;045;888+0+486+486+0+0+0+0+486;283+203
6;24;4603;046;886+0+534+534+3+0+3+0+531;324+207
6;24;4603;047;791+0+444+444+0+0+0+9+444;296+148
6;24;4603;048;867+4+467+467+1+1+2+11+465;297+168
6;24;4603;050;761+2+421+421+0+2+2+11+419;239+180
6;24;4603;052;558+1+317+317+0+0+0+0+317;215+102
6;24;4603;053;765+6+466+466+0+1+1+3+465;307+158
6;24;4603;054;466+1+230+230+0+1+1+14+229;144+85
6;24;4603;055;753+1+413+413+2+1+3+18+410;258+152
6;24;4603;056;719+0+404+404+0+1+1+14+403;245+158
6;24;4603;057;764+0+439+439+1+0+1+13+438;274+164
6;24;4603;058;589+0+403+403+2+0+2+5+401;251+150
6;24;4603;059;662+0+413+413+1+0+1+9+412;235+177
6;24;4603;060;711+0+442+442+1+0+1+0+441;234+207
6;24;4603;061;590+0+344+344+0+0+0+22+344;203+141
6;24;4603;062;709+4+358+358+0+0+0+10+358;224+134
6;24;4603;063;735+0+391+391+0+0+0+8+391;244+147
6;24;4603;064;800+0+469+469+0+0+0+15+469;278+191
6;24;4604;001;595+0+366+366+3+0+3+0+363;138+225
6;24;4604;002;405+0+232+232+1+0+1+0+231;155+76
6;24;4604;003;506+2+263+263+0+0+0+0+263;186+77
6;24;4604;004;410+0+237+237+1+0+1+2+236;161+75
6;24;4604;005;516+20+301+301+0+0+0+0+301;169+132
6;24;4604;006;458+1+270+270+0+0+0+0+270;145+125
6;24;4604;007;560+0+298+298+0+1+1+0+297;202+95
6;24;4604;008;595+1+315+315+1+0+1+0+314;204+110
6;24;4604;009;575+0+323+323+0+3+3+27+320;209+111
6;24;4604;010;492+1+251+251+0+0+0+0+251;174+77
6;24;4604;011;383+0+193+193+0+0+0+0+193;137+56
6;24;4604;012;687+2+396+396+2+0+2+25+394;253+141
6;24;4604;013;745+0+450+450+0+1+1+19+449;263+186
6;24;4604;015;370+1+204+204+0+0+0+7+204;138+66
6;24;4604;016;533+0+317+317+0+0+0+0+317;209+108
6;24;4604;017;377+0+219+219+1+0+1+16+218;153+65
6;24;4604;018;476+0+305+305+0+0+0+0+305;139+166
6;24;4604;019;408+2+250+250+0+0+0+12+250;157+93
6;24;4604;020;497+1+263+263+2+0+2+0+261;182+79
6;24;4604;021;499+0+279+279+0+0+0+19+279;187+92
6;24;4604;022;662+0+420+420+0+1+1+0+419;271+148
6;24;4604;023;667+0+398+398+1+0+1+0+397;283+114
6;24;4604;024;528+0+332+332+1+0+1+4+331;233+98
6;24;4604;025;623+1+392+392+0+0+0+12+392;248+144
6;24;4604;027;756+0+473+473+4+0+4+25+469;281+188
6;24;4604;028;672+2+472+472+1+0+1+0+471;316+155
6;24;4604;029;636+0+383+383+2+0+2+0+381;247+134
6;24;4604;030;616+1+376+376+4+1+5+17+371;212+159
6;24;4604;031;452+2+294+294+1+0+1+0+293;172+121
6;24;4604;032;0+94+94+94+0+0+0+0+94;52+42
6;24;4604;033;696+0+450+450+1+1+2+19+448;259+189
6;24;4604;034;703+0+432+432+0+0+0+0+432;273+159
6;24;4604;035;563+1+351+351+3+0+3+13+348;201+147
6;24;4604;036;725+2+450+450+0+1+1+0+449;327+122
6;24;4604;037;506+2+347+347+1+1+2+0+345;207+138
6;24;4604;038;546+1+373+373+0+0+0+26+373;258+115
6;24;4604;039;629+2+383+383+0+0+0+0+383;277+106
6;24;4604;040;568+0+367+367+2+0+2+0+365;235+130
6;24;4604;042;600+2+342+342+0+0+0+0+342;226+116
6;24;4604;043;609+1+393+393+4+0+4+0+389;228+161
6;24;4604;044;662+1+412+412+1+0+1+37+411;320+91
6;24;4604;045;932+1+613+613+0+0+0+0+613;361+252
6;24;4604;046;725+0+451+451+0+0+0+39+451;306+145
6;24;4604;047;678+0+432+432+0+0+0+22+432;262+170
6;24;4604;049;747+1+488+488+0+0+0+0+488;202+286
6;24;4604;050;420+1+267+267+0+0+0+0+267;137+130
6;24;4604;051;816+0+511+511+2+0+2+0+509;372+137
6;24;4604;053;782+1+467+467+0+2+2+22+465;320+145
6;24;4604;054;606+0+351+351+2+0+2+0+349;245+104
6;24;4604;055;852+1+487+487+1+0+1+0+486;335+151
6;24;4604;056;538+0+338+338+0+0+0+14+338;179+159
6;24;4604;057;786+0+500+500+1+1+2+15+498;314+184
6;24;4604;058;452+0+274+274+0+0+0+8+274;183+91
6;24;4605;001;522+1+321+321+2+0+2+21+319;175+144
6;24;4605;002;552+0+329+329+0+0+0+14+329;166+163
6;24;4605;003;526+0+289+289+0+1+1+14+288;164+124
6;24;4605;004;536+0+320+320+0+0+0+0+320;210+110
6;24;4605;005;670+0+381+381+1+2+3+0+378;248+130
6;24;4605;006;444+1+265+265+0+1+1+9+264;149+115
6;24;4605;007;578+0+329+329+1+0+1+15+328;190+138
6;24;4605;008;711+0+443+443+0+0+0+24+443;276+167
6;24;4605;009;932+2+511+511+2+0+2+4+509;334+175
6;24;4605;010;657+1+369+369+1+0+1+3+368;238+130
6;24;4605;011;496+0+278+278+0+0+0+12+278;180+98
6;24;4605;012;824+0+547+547+0+0+0+0+547;302+245
6;24;4605;013;665+0+395+395+0+0+0+0+395;240+155
6;24;4605;014;816+0+492+492+0+0+0+17+492;266+226
6;24;4605;015;796+0+453+453+0+2+2+10+451;268+183
6;24;4605;016;868+1+524+524+6+0+6+0+518;303+215
6;24;4605;017;907+0+553+553+3+0+3+0+550;328+222
6;24;4605;018;713+0+372+372+0+0+0+0+372;240+132
6;24;4605;019;784+0+410+410+1+0+1+0+409;246+163
6;24;4605;020;470+0+267+267+0+0+0+0+267;148+119
6;24;4605;021;610+0+353+353+0+0+0+0+353;217+136
6;24;4605;022;454+0+268+268+0+0+0+0+268;155+113
6;24;4605;023;622+0+376+376+1+0+1+0+375;234+141
6;24;4605;024;684+0+275+275+0+0+0+0+275;165+110
6;24;4605;025;778+0+460+460+0+0+0+0+460;286+174
6;24;4605;026;517+0+307+307+1+0+1+0+306;153+153
6;24;4605;027;787+2+457+457+0+0+0+10+457;231+226
6;24;4605;028;848+0+458+458+0+0+0+12+458;203+255
6;24;4605;029;698+0+393+393+0+1+1+17+392;212+180
6;24;4605;030;851+0+524+524+1+2+3+20+521;244+277
6;24;4605;031;648+5+343+343+0+0+0+0+343;197+146
6;24;4605;032;643+0+350+350+1+1+2+0+348;148+200
6;24;4605;033;599+2+303+303+0+1+1+15+302;187+115
6;24;4605;034;842+1+467+467+0+0+0+0+467;212+255
6;24;4605;035;431+0+198+198+0+0+0+0+198;128+70
6;24;4605;036;644+0+363+363+2+0+2+0+361;207+154
6;24;4605;037;452+0+245+245+0+0+0+0+245;147+98
6;24;4605;038;664+0+368+368+0+1+1+21+367;231+136
6;24;4605;039;517+0+326+326+0+0+0+6+326;184+142
6;24;4605;040;510+0+240+240+0+0+0+8+240;151+89
6;24;4605;041;805+0+453+453+1+0+1+6+452;286+166
6;24;4605;042;554+0+287+287+0+0+0+0+287;160+127
6;24;4605;043;698+2+281+281+0+0+0+0+281;144+137
6;24;4605;044;865+0+386+386+0+0+0+0+386;141+245
6;24;4605;045;812+0+342+342+0+0+0+0+342;245+97
6;24;4605;046;514+0+244+244+0+1+1+11+243;146+97
6;24;4605;047;554+0+321+321+0+0+0+0+321;205+116
6;24;4605;048;646+0+330+330+0+0+0+0+330;127+203
6;24;4605;049;686+0+299+299+0+0+0+0+299;170+129
6;24;4605;050;782+0+420+420+0+0+0+15+420;268+152
6;24;4605;051;637+2+343+343+0+0+0+14+343;202+141
6;24;4605;052;406+0+191+191+0+0+0+0+191;124+67
6;24;4605;053;542+0+263+263+0+0+0+0+263;169+94
6;24;4605;054;720+0+374+374+0+0+0+0+374;244+130
6;24;4605;055;574+0+301+301+1+0+1+0+300;224+76
6;24;4605;056;573+0+354+354+0+0+0+0+354;233+121
6;24;4605;057;736+1+399+399+0+0+0+0+399;263+136
6;24;4605;058;788+0+402+402+0+0+0+0+402;234+168
6;24;4605;059;744+0+373+373+0+0+0+0+373;205+168
6;24;4605;060;874+0+424+424+0+1+1+0+423;230+193
6;24;4605;061;875+0+496+496+3+0+3+0+493;301+192
6;24;4605;062;141+0+79+79+0+0+0+5+79;51+28
6;24;4605;063;67+0+37+37+0+0+0+0+37;21+16
6;24;4605;064;209+0+103+103+0+1+1+0+102;45+57
6;24;4605;065;36+0+26+26+0+0+0+0+26;10+16
6;24;4605;066;37+0+35+35+0+0+0+4+35;21+14
6;24;4605;067;303+0+260+260+13+1+14+14+246;163+83
6;24;4605;068;31+0+30+30+1+0+1+0+29;16+13
6;24;4606;001;605+0+256+256+1+0+1+0+255;144+111
6;24;4606;002;573+0+312+312+0+0+0+0+312;169+143
6;24;4606;003;710+0+396+396+0+0+0+0+396;233+163
6;24;4606;004;675+0+357+357+1+0+1+19+356;215+141
6;24;4606;005;728+1+429+429+0+0+0+10+429;216+213
6;24;4606;006;532+4+335+335+0+0+0+11+335;194+141
6;24;4606;007;760+0+426+426+0+1+1+0+425;232+193
6;24;4606;008;657+0+390+390+2+1+3+0+387;215+172
6;24;4606;009;564+3+309+309+0+0+0+0+309;198+111
6;24;4606;010;542+0+310+310+0+0+0+0+310;171+139
6;24;4606;011;633+0+361+361+1+2+3+15+358;213+145
6;24;4606;012;662+0+352+352+0+1+1+23+351;210+141
6;24;4606;013;733+0+384+384+0+0+0+17+384;218+166
6;24;4606;014;706+1+348+348+0+0+0+0+348;199+149
6;24;4606;015;734+0+414+414+1+1+2+0+412;202+210
6;24;4606;016;726+0+368+368+0+0+0+18+368;198+170
6;24;4606;017;681+2+390+390+0+0+0+0+390;198+192
6;24;4606;018;655+1+385+385+0+0+0+8+385;210+175
6;24;4606;019;732+0+386+386+0+1+1+17+385;238+147
6;24;4606;020;692+2+388+388+2+0+2+8+386;242+144
6;24;4606;021;791+1+352+352+1+0+1+0+351;180+171
6;24;4606;022;601+0+277+277+0+0+0+0+277;158+119
6;24;4606;023;804+0+430+430+0+0+0+0+430;223+207
6;24;4606;024;826+0+340+340+0+0+0+0+340;187+153
6;24;4606;025;648+0+361+361+0+0+0+10+361;216+145
6;24;4606;026;790+0+461+461+2+0+2+0+459;258+201
6;24;4606;027;543+0+322+322+0+0+0+12+322;189+133
6;24;4606;028;594+0+305+305+0+0+0+12+305;154+151
6;24;4606;029;472+0+263+263+0+0+0+0+263;157+106
6;24;4606;030;573+0+281+281+0+0+0+0+281;160+121
6;24;4606;031;841+0+429+429+0+0+0+5+429;251+178
6;24;4606;032;899+6+447+447+0+0+0+0+447;251+196
6;24;4606;033;565+0+302+302+2+0+2+10+300;212+88
6;24;4606;034;744+0+426+426+0+0+0+16+426;290+136
6;24;4606;035;404+0+209+209+3+0+3+0+206;141+65
6;24;4606;036;737+0+404+404+0+0+0+0+404;277+127
6;24;4606;037;688+0+382+382+1+0+1+0+381;237+144
6;24;4606;038;522+0+273+273+0+0+0+6+273;161+112
6;24;4606;039;576+0+278+278+0+0+0+0+278;163+115
6;24;4606;040;602+0+375+375+1+0+1+21+374;184+190
6;24;4606;041;731+0+397+397+0+0+0+0+397;258+139
6;24;4606;042;704+0+418+418+1+0+1+0+417;190+227
6;24;4606;043;392+0+231+231+0+1+1+7+230;111+119
6;24;4606;044;633+0+326+326+0+0+0+0+326;226+100
6;24;4606;045;523+0+269+269+0+0+0+0+269;165+104
6;24;4606;046;522+0+290+290+0+0+0+0+290;181+109
6;24;4606;047;767+0+471+471+0+0+0+0+471;299+172
6;24;4606;048;756+1+416+416+0+0+0+0+416;250+166
6;24;4606;049;617+0+342+342+1+0+1+15+341;197+144
6;24;4606;050;515+0+109+109+0+0+0+0+109;45+64
6;24;4606;051;708+0+380+380+1+0+1+0+379;264+115
6;24;4606;052;532+1+279+279+0+0+0+0+279;168+111
6;24;4606;053;685+0+361+361+0+0+0+0+361;205+156
6;24;4606;054;706+0+384+384+0+2+2+8+382;215+167
6;24;4606;055;687+0+382+382+1+1+2+0+380;241+139
6;24;4606;056;632+0+335+335+0+0+0+0+335;209+126
6;24;4606;057;630+0+365+365+0+1+1+0+364;240+124
6;24;4606;058;829+0+449+449+2+0+2+0+447;301+146
6;24;4606;059;748+0+417+417+0+2+2+0+415;269+146
6;24;4606;060;512+0+260+260+0+0+0+0+260;156+104
6;24;4606;061;553+0+315+315+0+0+0+0+315;178+137
6;24;4606;062;645+0+339+339+0+0+0+0+339;210+129
6;24;4606;063;686+0+375+375+2+0+2+0+373;225+148
6;24;4606;064;564+0+310+310+0+0+0+0+310;181+129
6;24;4606;065;596+1+326+326+0+0+0+8+326;197+129
6;24;4606;066;430+0+198+198+0+0+0+5+198;84+114
6;24;4606;067;729+0+374+374+0+0+0+17+374;233+141
6;24;4606;068;729+0+416+416+0+1+1+0+415;238+177
6;24;4606;069;792+0+416+416+1+0+1+16+415;225+190
6;24;4606;070;777+0+445+445+0+0+0+0+445;237+208
6;24;4606;071;675+0+306+306+0+0+0+0+306;191+115
6;24;4606;072;618+0+314+314+0+0+0+0+314;193+121
6;24;4606;073;745+1+421+421+3+0+3+0+418;265+153
6;24;4606;074;559+0+308+308+0+0+0+0+308;170+138
6;24;4606;075;632+1+321+321+0+0+0+0+321;189+132
6;24;4606;076;596+0+347+347+1+0+1+0+346;246+100
6;24;4606;077;506+1+299+299+0+0+0+0+299;211+88
6;24;4606;078;439+0+260+260+1+0+1+0+259;170+89
6;24;4606;079;589+0+311+311+0+0+0+0+311;170+141
6;24;4606;080;647+1+373+373+0+0+0+0+373;197+176
6;24;4606;081;641+0+325+325+0+0+0+29+325;178+147
6;24;4606;082;593+0+350+350+0+0+0+0+350;211+139
6;24;4606;083;674+0+326+326+0+0+0+0+326;183+143
6;24;4606;084;667+0+294+294+0+0+0+0+294;187+107
6;24;4606;085;643+0+320+320+0+0+0+5+320;190+130
6;24;4606;086;304+0+304+304+0+0+0+0+304;212+92
6;24;4606;087;746+0+379+379+0+0+0+0+379;215+164
6;24;4606;088;728+0+371+371+0+0+0+0+371;209+162
6;24;4606;089;722+0+393+393+2+1+3+0+390;225+165
6;24;4606;090;678+0+323+323+0+0+0+0+323;210+113
6;24;4606;091;682+0+331+331+0+0+0+0+331;193+138
6;24;4606;092;669+0+351+351+0+0+0+0+351;207+144
6;24;4606;093;507+0+297+297+0+0+0+0+297;164+133
6;24;4606;094;734+0+295+295+0+0+0+0+295;195+100
6;24;4606;095;896+1+425+425+0+0+0+0+425;262+163
6;24;4606;096;676+0+326+326+1+1+2+0+324;228+96
6;24;4606;097;763+1+364+364+0+0+0+0+364;226+138
6;24;4606;098;773+0+412+412+0+0+0+8+412;203+209
6;24;4606;099;691+0+341+341+0+0+0+8+341;221+120
6;24;4606;100;554+0+238+238+0+0+0+0+238;153+85
6;24;4606;101;594+0+330+330+0+0+0+0+330;213+117
6;24;4606;102;582+1+280+280+0+0+0+0+280;166+114
6;24;4606;103;587+0+341+341+0+0+0+0+341;231+110
6;24;4607;001;584+0+366+366+0+0+0+0+366;185+181
6;24;4607;002;525+0+363+363+0+0+0+7+363;128+235
6;24;4607;003;507+1+323+323+0+1+1+21+322;158+164
6;24;4607;004;764+1+516+516+1+0+1+11+515;288+227
6;24;4607;005;800+0+483+483+0+0+0+23+483;271+212
6;24;4607;006;795+0+507+507+0+0+0+0+507;319+188
6;24;4607;007;760+0+484+484+0+0+0+0+484;317+167
6;24;4607;008;571+1+350+350+0+0+0+0+350;166+184
6;24;4607;009;731+2+449+449+0+0+0+15+449;237+212
6;24;4607;010;802+0+505+505+3+0+3+21+502;283+219
6;24;4607;011;542+2+367+367+0+2+2+15+365;165+200
6;24;4607;012;693+1+405+405+0+0+0+20+405;191+214
6;24;4607;013;548+1+357+357+0+0+0+0+357;204+153
6;24;4607;014;714+0+441+441+2+0+2+7+439;249+190
6;24;4607;015;715+2+446+446+0+0+0+13+446;242+204
6;24;4607;016;644+1+441+441+1+0+1+8+440;256+184
6;24;4607;017;651+0+403+403+0+0+0+5+403;230+173
6;24;4607;018;776+0+499+499+0+0+0+0+499;290+209
6;24;4607;019;727+0+497+497+0+0+0+19+497;280+217
6;24;4607;020;751+1+457+457+1+0+1+20+456;216+240
6;24;4607;021;781+0+498+498+1+0+1+32+497;315+182
6;24;4607;022;382+2+217+217+0+1+1+1+216;145+71
6;24;4607;023;640+0+400+400+0+0+0+21+400;113+287
6;24;4607;024;767+0+440+440+0+0+0+0+440;292+148
6;24;4607;025;473+0+317+317+1+3+4+19+313;176+137
6;24;4607;026;804+1+529+529+2+1+3+33+526;339+187
6;24;4607;027;493+0+328+328+0+0+0+20+328;147+181
6;24;4607;028;816+3+539+539+0+3+3+22+536;306+230
6;24;4607;029;592+1+358+358+1+0+1+15+357;214+143
6;24;4607;030;633+0+397+397+1+0+1+0+396;183+213
6;24;4607;031;570+0+373+373+1+0+1+12+372;223+149
6;24;4607;032;661+1+399+399+1+0+1+0+398;176+222
6;24;4607;033;657+0+446+446+0+2+2+16+444;250+194
6;24;4607;034;705+2+468+468+2+0+2+0+466;220+246
6;24;4607;035;670+0+421+421+1+1+2+21+419;207+212
6;24;4607;036;629+1+357+357+1+0+1+27+356;225+131
6;24;4607;037;755+0+516+516+4+0+4+0+512;215+297
6;24;4607;038;395+0+253+253+0+0+0+10+253;156+97
6;24;4607;039;759+0+455+455+0+0+0+0+455;296+159
6;24;4607;040;785+2+468+468+1+0+1+0+467;310+157
6;24;4607;041;830+2+495+495+0+1+1+0+494;260+234
6;24;4607;042;766+1+466+466+0+1+1+0+465;305+160
6;24;4607;043;863+1+468+468+0+0+0+23+468;288+180
6;24;4607;044;815+0+494+494+0+1+1+12+493;331+162
6;24;4607;045;734+2+428+428+0+0+0+0+428;268+160
6;24;4607;046;752+0+482+482+0+0+0+6+482;267+215
6;24;4607;047;756+0+408+408+0+1+1+9+407;216+191
6;24;4607;048;754+0+441+441+0+1+1+0+440;264+176
6;24;4607;049;768+0+428+428+0+0+0+0+428;237+191
6;24;4607;050;735+1+420+420+0+0+0+0+420;273+147
6;24;4607;051;516+2+307+307+1+0+1+0+306;185+121
6;24;4607;052;753+0+442+442+0+0+0+0+442;267+175
6;24;4607;053;563+0+330+330+0+0+0+0+330;169+161
6;24;4607;054;452+0+257+257+0+0+0+13+257;145+112
6;24;4607;055;620+0+363+363+2+0+2+0+361;231+130
6;24;4607;056;625+0+345+345+1+0+1+0+344;201+143
6;24;4607;057;664+3+390+390+0+0+0+0+390;216+174
6;24;4607;058;583+0+337+337+1+0+1+0+336;201+135
6;24;4607;059;515+0+286+286+0+0+0+0+286;179+107
6;24;4607;060;764+1+456+456+0+1+1+0+455;266+189
6;24;4607;061;426+0+200+200+0+0+0+6+200;129+71
6;24;4607;062;838+0+493+493+0+0+0+0+493;299+194
6;24;4607;063;341+0+341+341+1+2+3+0+338;117+221
6;24;4607;064;430+21+268+268+0+0+0+0+268;114+154
6;24;4607;065;627+1+331+331+0+1+1+16+330;192+138
6;24;4607;066;665+0+365+365+0+0+0+15+365;220+145
6;24;4607;067;536+2+298+298+0+1+1+12+297;182+115
6;24;4607;068;761+0+424+424+1+0+1+0+423;266+157
6;24;4607;069;692+0+371+371+1+0+1+0+370;198+172
6;24;4607;070;522+6+205+205+0+0+0+0+205;98+107
6;24;4607;071;675+8+232+232+0+0+0+0+232;130+102
6;24;4607;072;438+0+172+172+0+1+1+6+171;80+91
6;24;4607;073;763+0+247+247+0+0+0+0+247;139+108
6;24;4607;074;626+2+199+199+1+0+1+0+198;104+94
6;24;4607;075;715+0+284+284+2+0+2+0+282;150+132
6;24;4607;076;567+2+228+228+0+0+0+0+228;115+113
6;24;4607;077;597+4+193+193+0+0+0+4+193;95+98
6;24;4607;078;244+0+145+145+0+0+0+4+145;76+69
6;24;4607;079;477+0+285+285+0+0+0+0+285;177+108
6;24;4607;080;737+0+451+451+1+1+2+19+449;268+181
6;24;4607;081;485+0+279+279+1+0+1+0+278;189+89
6;24;4607;082;27+0+23+23+0+0+0+3+23;14+9
6;24;4614;001;860+0+484+484+1+0+1+16+483;265+218
6;24;4614;002;1134+0+620+620+0+0+0+0+620;350+270
6;24;4614;003;813+0+454+454+1+1+2+24+452;227+225
6;24;4614;004;964+0+514+514+0+0+0+22+514;249+265
6;24;4614;005;1007+0+589+589+2+0+2+0+587;335+252
6;24;4614;006;955+0+497+497+0+0+0+0+497;274+223
6;24;4614;007;968+2+517+517+0+0+0+16+517;246+271
6;24;4614;008;886+0+530+530+1+2+3+0+527;245+282
6;24;4614;009;867+0+460+460+0+0+0+7+460;280+180
6;24;4614;011;738+0+390+390+1+0+1+7+389;196+193
6;24;4614;012;1028+0+570+570+1+0+1+0+569;301+268
6;24;4614;013;980+0+508+508+1+2+3+16+505;256+249
6;24;4614;014;958+0+495+495+0+0+0+17+495;270+225
6;24;4614;015;914+0+486+486+0+3+3+0+483;282+201
6;24;4614;016;900+0+483+483+2+2+4+17+479;291+188
6;24;4614;017;650+2+367+367+1+0+1+0+366;214+152
6;24;4614;018;749+0+354+354+0+1+1+18+353;215+138
6;24;4614;019;562+20+273+273+0+0+0+16+273;181+92
6;24;4614;021;899+3+452+452+0+0+0+0+452;250+202
6;24;4614;022;715+0+358+358+0+1+1+15+357;194+163
6;24;4614;023;784+0+419+419+1+0+1+7+418;227+191
6;24;4614;024;747+1+387+387+0+0+0+21+387;205+182
6;24;4614;025;830+0+432+432+0+0+0+0+432;214+218
6;24;4614;026;900+0+470+470+0+0+0+0+470;283+187
6;24;4614;027;935+0+509+509+0+1+1+22+508;244+264
6;24;4614;028;734+0+415+415+1+0+1+0+414;221+193
6;24;4614;029;762+2+376+376+1+0+1+18+375;223+152
6;24;4614;030;770+18+341+341+0+1+1+0+340;212+128
6;24;4614;032;970+9+522+522+2+0+2+0+520;263+257
6;24;4614;033;742+0+384+384+0+2+2+6+382;231+151
6;24;4614;034;788+0+431+431+1+0+1+0+430;251+179
6;24;4614;035;851+0+440+440+2+1+3+0+437;248+189
6;24;4614;036;1142+0+626+626+0+0+0+0+626;324+302
6;24;4614;037;935+0+492+492+0+0+0+0+492;255+237
6;24;4614;038;836+0+395+395+1+0+1+6+394;232+162
6;24;4614;039;1326+0+709+709+1+1+2+0+707;342+365
6;24;4614;040;628+0+345+345+0+0+0+0+345;242+103
6;24;4614;041;1020+0+502+502+0+0+0+0+502;283+219
6;24;4614;043;805+1+435+435+0+0+0+7+435;243+192
6;24;4614;044;1029+0+552+552+4+0+4+0+548;305+243
6;24;4614;045;804+0+454+454+2+0+2+18+452;271+181
6;24;4614;046;719+2+441+441+0+0+0+0+441;286+155
6;24;4614;047;745+0+423+423+0+2+2+5+421;253+168
6;24;4614;048;497+0+266+266+0+0+0+0+266;136+130
6;24;4614;049;619+0+363+363+1+0+1+0+362;214+148
6;24;4614;050;944+0+526+526+2+0+2+0+524;317+207
6;24;4614;051;614+1+370+370+0+1+1+12+369;254+115
6;24;4614;052;765+0+423+423+0+0+0+10+423;256+167
6;24;4614;053;841+0+431+431+1+0+1+0+430;250+180
6;24;4614;055;967+0+601+601+2+0+2+0+599;207+392
6;24;4614;056;719+0+387+387+0+1+1+0+386;238+148
6;24;4614;057;834+0+452+452+1+0+1+0+451;277+174
6;24;4614;058;1031+1+581+581+0+0+0+0+581;330+251
6;24;4614;059;918+2+546+546+1+1+2+16+544;308+236
6;24;4614;060;659+1+386+386+0+0+0+4+386;199+187
6;24;4614;061;833+0+441+441+0+0+0+0+441;271+170
6;24;4614;062;780+0+429+429+1+0+1+0+428;262+166
6;24;4614;063;666+0+365+365+0+0+0+13+365;240+125
6;24;4614;064;787+0+446+446+0+0+0+0+446;277+169
6;24;4614;065;698+0+398+398+0+0+0+10+398;155+243
6;24;4614;066;999+1+525+525+1+0+1+0+524;322+202
6;24;4614;067;953+6+565+565+0+0+0+0+565;175+390
6;24;4614;068;643+0+366+366+0+0+0+0+366;193+173
6;24;4614;069;924+0+529+529+0+0+0+16+529;168+361
6;24;4614;071;297+9+101+101+0+0+0+0+101;49+52
6;24;4614;072;787+0+343+343+0+1+1+22+342;175+167
6;24;4614;073;751+0+423+423+0+0+0+22+423;239+184
6;24;4614;074;566+0+327+327+0+0+0+17+327;178+149
6;24;4614;075;772+0+390+390+1+0+1+27+389;240+149
6;24;4622;001;485+0+212+212+0+0+0+0+212;111+101
6;24;4622;002;508+1+215+215+0+0+0+0+215;146+69
6;24;4622;003;659+0+343+343+0+0+0+7+343;183+160
6;24;4622;004;526+0+284+284+0+1+1+4+283;176+107
6;24;4622;005;494+4+494+494+0+0+0+4+494;279+215
6;24;4622;006;609+0+275+275+0+0+0+9+275;151+124
6;24;4622;007;508+2+309+309+0+0+0+9+309;179+130
6;24;4622;008;539+0+320+320+0+0+0+9+320;196+124
6;24;4622;009;358+0+208+208+1+0+1+4+207;120+87
6;24;4622;010;640+0+196+196+1+0+1+10+195;91+104
6;24;4622;011;565+0+205+205+0+0+0+0+205;92+113
6;24;4622;012;431+0+114+114+0+0+0+1+114;49+65
6;24;4622;013;423+0+126+126+0+0+0+0+126;86+40
6;24;4622;014;528+0+176+176+0+0+0+0+176;70+106
6;24;4622;015;370+0+112+112+0+0+0+0+112;60+52
6;24;4622;016;404+0+99+99+0+0+0+3+99;56+43
6;24;4622;017;450+0+162+162+0+0+0+0+162;98+64
6;24;4622;018;566+0+149+149+0+0+0+0+149;91+58
6;24;4622;019;350+0+117+117+0+1+1+6+116;43+73
6;24;4622;020;274+2+70+70+0+0+0+0+70;41+29
6;24;4622;021;553+0+235+235+1+0+1+18+234;106+128
6;24;4622;022;640+0+374+374+0+0+2+0+372;186+186
6;24;4622;023;658+0+221+221+1+1+2+0+219;113+106
6;24;4622;024;580+0+197+197+0+0+0+2+197;114+83
6;24;4622;025;467+0+258+258+0+0+0+0+258;132+126
6;24;4622;026;456+0+262+262+1+0+1+0+261;137+124
6;24;4622;027;663+2+310+310+1+0+1+0+309;115+194
6;24;4622;028;683+0+297+297+1+0+1+0+296;156+140
6;24;4622;029;469+2+249+249+0+0+0+0+249;117+132
6;24;4622;030;612+0+245+245+0+0+0+3+245;131+114
6;24;4622;031;482+0+232+232+2+0+2+6+230;95+135
6;24;4622;032;410+0+209+209+0+0+0+0+209;101+108
6;24;4622;033;429+0+270+270+1+0+1+0+269;136+133
6;24;4622;034;564+0+274+274+0+0+0+0+274;142+132
6;24;4622;035;406+1+224+224+2+0+2+0+222;135+87
6;24;4622;036;499+1+300+300+0+0+0+11+300;181+119
6;24;4622;037;537+0+348+348+0+2+2+12+346;182+164
[END]

[AGGR]
24;6;   ;2+524+524+338753+458+189475+189475+270+133+405+3503+189070;112424+76646
[END]
