[INFO]
25;ëÆ¥®ø 3;301
[END]

[IZB]
25;6;   ;;18.11.2001;2;2;498
[END]

[NM]
2546;001;£∞. ëÆ¥®ø;68134;11
2546;001;£∞. ëÆ¥®ø;68134;12
2546;001;£∞. ëÆ¥®ø;68134;13
2546;001;£∞. ëÆ¥®ø;68134;18
2546;002;±. å†´Æ Å≥∑®≠Æ;46721;18
2546;001;£∞. ëÆ¥®ø;68134;19
2546;001;£∞. ëÆ¥®ø;68134;20
2546;003;±. ÇÆ´≥ø™;12084;20
2546;004;±. å∞†¨Æ∞;49206;20
2546;005;±. Å†´∏†;02511;21
2546;006;±. ÇÆ©≠ø£Æ¢∂®;11884;21
2546;007;±. ÑÆ°∞Æ±´†¢∂®;21662;21
2546;008;±. Ü®≤•≠;29430;21
2546;009;±. ä≥°∞†≤Æ¢Æ;40436;21
2546;010;±. ä∫≤®≠†;41010;21
2546;011;±. ãÆ™Æ∞±™Æ;44224;21
2546;012;±. å®∞Æ¢ø≠•;48393;21
2546;013;±. ç•£Æ¢†≠;51250;21
2546;014;£∞. çÆ¢® à±™∫∞;00357;21
2546;015;±. èÆ§£≥¨•∞;57011;21
2546;016;±. ë¢•≤Æ¢∞†∑•≠•;65601;21
2546;017;±. ó•Ø®≠∂®;80409;21
2546;018;£∞. Å†≠™ø;02659;24
2546;019;±. à¢†≠ø≠•;32216;24
2546;020;±. ä´®±≥∞†;37280;24
[END]

[SEC]
25;4611;001;6;001
25;4611;002;6;001
25;4611;003;6;001
25;4611;004;6;001
25;4611;005;6;001
25;4611;006;6;001
25;4611;007;6;001
25;4611;008;6;001
25;4611;009;6;001
25;4611;010;6;001
25;4611;011;6;001
25;4611;012;6;001
25;4611;013;6;001
25;4611;014;6;001
25;4611;015;6;001
25;4611;016;6;001
25;4611;017;6;001
25;4611;018;6;001
25;4611;019;6;001
25;4611;020;6;001
25;4611;021;6;001
25;4611;022;6;001
25;4611;023;6;001
25;4611;024;6;001
25;4611;025;6;001
25;4611;026;6;001
25;4611;027;6;001
25;4611;028;6;001
25;4611;029;6;001
25;4611;030;6;001
25;4611;031;6;001
25;4611;032;6;001
25;4611;033;6;001
25;4611;034;6;001
25;4611;035;6;001
25;4611;036;6;001
25;4611;037;6;001
25;4611;038;6;001
25;4611;039;6;001
25;4611;040;6;001
25;4611;041;6;001
25;4611;042;6;001
25;4611;043;6;001
25;4611;044;6;001
25;4611;045;6;001
25;4611;046;6;001
25;4611;047;6;001
25;4611;048;6;001
25;4611;049;6;001
25;4611;050;6;001
25;4611;051;6;001
25;4611;052;6;001
25;4611;053;6;001
25;4611;054;6;001
25;4611;055;6;001
25;4611;056;6;001
25;4611;057;6;001
25;4611;058;6;001
25;4611;059;6;001
25;4611;060;6;001
25;4611;061;6;001
25;4611;062;6;001
25;4611;063;6;001
25;4611;064;6;001
25;4611;065;6;001
25;4611;066;6;001
25;4611;067;6;001
25;4611;068;6;001
25;4611;069;6;001
25;4611;070;6;001
25;4611;071;6;001
25;4612;001;6;001
25;4612;002;6;001
25;4612;003;6;001
25;4612;004;6;001
25;4612;005;6;001
25;4612;006;6;001
25;4612;007;6;001
25;4612;008;6;001
25;4612;009;6;001
25;4612;010;6;001
25;4612;011;6;001
25;4612;012;6;001
25;4612;013;6;001
25;4612;014;6;001
25;4612;015;6;001
25;4612;016;6;001
25;4612;017;6;001
25;4612;018;6;001
25;4612;019;6;001
25;4612;020;6;001
25;4612;021;6;001
25;4612;022;6;001
25;4612;023;6;001
25;4612;024;6;001
25;4612;025;6;001
25;4612;026;6;001
25;4612;027;6;001
25;4612;028;6;001
25;4612;029;6;001
25;4612;030;6;001
25;4612;031;6;001
25;4612;032;6;001
25;4612;033;6;001
25;4612;034;6;001
25;4612;035;6;001
25;4612;036;6;001
25;4612;037;6;001
25;4612;038;6;001
25;4612;039;6;001
25;4612;040;6;001
25;4612;041;6;001
25;4613;001;6;001
25;4613;002;6;001
25;4613;003;6;001
25;4613;004;6;001
25;4613;005;6;001
25;4613;006;6;001
25;4613;007;6;001
25;4613;008;6;001
25;4613;009;6;001
25;4613;010;6;001
25;4613;011;6;001
25;4613;012;6;001
25;4613;013;6;001
25;4613;014;6;001
25;4613;015;6;001
25;4613;016;6;001
25;4613;017;6;001
25;4613;018;6;001
25;4613;019;6;001
25;4613;020;6;001
25;4613;021;6;001
25;4613;022;6;001
25;4613;023;6;001
25;4613;024;6;001
25;4613;025;6;001
25;4613;026;6;001
25;4613;027;6;001
25;4613;028;6;001
25;4613;029;6;001
25;4613;030;6;001
25;4613;031;6;001
25;4613;032;6;001
25;4613;033;6;001
25;4613;034;6;001
25;4613;035;6;001
25;4613;036;6;001
25;4613;037;6;001
25;4613;038;6;001
25;4613;039;6;001
25;4613;040;6;001
25;4613;041;6;001
25;4613;042;6;001
25;4613;043;6;001
25;4613;044;6;001
25;4613;045;6;001
25;4613;046;6;001
25;4613;047;6;001
25;4613;048;6;001
25;4613;049;6;001
25;4613;050;6;001
25;4613;051;6;001
25;4613;052;6;001
25;4613;053;6;001
25;4613;054;6;001
25;4613;055;6;001
25;4613;056;6;001
25;4613;057;6;001
25;4613;058;6;001
25;4613;059;6;001
25;4613;060;6;001
25;4613;061;6;001
25;4613;062;6;001
25;4613;063;6;001
25;4613;064;6;001
25;4613;065;6;001
25;4613;066;6;001
25;4613;067;6;001
25;4613;068;6;001
25;4613;069;6;001
25;4613;070;6;001
25;4613;071;6;001
25;4613;072;6;001
25;4613;073;6;001
25;4613;074;6;001
25;4613;075;6;001
25;4613;076;6;001
25;4613;077;6;001
25;4613;078;6;001
25;4613;079;6;001
25;4613;080;6;001
25;4613;081;6;001
25;4613;082;6;001
25;4613;083;6;001
25;4613;084;6;001
25;4613;085;6;001
25;4613;086;6;001
25;4613;087;6;001
25;4613;088;6;001
25;4613;089;6;001
25;4613;090;6;001
25;4613;091;6;001
25;4613;092;6;001
25;4613;093;6;001
25;4613;094;6;001
25;4613;095;6;001
25;4613;096;6;001
25;4613;097;6;001
25;4613;098;6;001
25;4613;099;6;001
25;4613;100;6;001
25;4613;101;6;001
25;4618;001;6;001
25;4618;002;6;001
25;4618;003;6;001
25;4618;004;6;001
25;4618;005;6;001
25;4618;006;6;001
25;4618;007;6;001
25;4618;008;6;001
25;4618;009;6;001
25;4618;010;6;001
25;4618;011;6;001
25;4618;012;6;001
25;4618;013;6;001
25;4618;014;6;001
25;4618;015;6;001
25;4618;016;6;001
25;4618;017;6;001
25;4618;018;6;001
25;4618;019;6;001
25;4618;020;6;001
25;4618;021;6;001
25;4618;022;6;001
25;4618;023;6;001
25;4618;024;6;001
25;4618;025;6;001
25;4618;026;6;001
25;4618;027;6;001
25;4618;028;6;001
25;4618;029;6;001
25;4618;030;6;001
25;4618;031;6;001
25;4618;032;6;001
25;4618;033;6;001
25;4618;034;6;001
25;4618;035;6;001
25;4618;036;6;001
25;4618;037;6;001
25;4618;038;6;001
25;4618;039;6;001
25;4618;040;6;001
25;4618;041;6;001
25;4618;042;6;001
25;4618;043;6;001
25;4618;044;6;001
25;4618;045;6;001
25;4618;046;6;002
25;4618;047;6;001
25;4618;048;6;001
25;4618;049;6;001
25;4618;050;6;001
25;4618;051;6;001
25;4619;001;6;001
25;4619;002;6;001
25;4619;003;6;001
25;4619;004;6;001
25;4619;005;6;001
25;4619;006;6;001
25;4619;007;6;001
25;4619;008;6;001
25;4619;009;6;001
25;4619;010;6;001
25;4619;011;6;001
25;4619;012;6;001
25;4619;014;6;001
25;4619;015;6;001
25;4619;016;6;001
25;4619;017;6;001
25;4619;018;6;001
25;4619;019;6;001
25;4619;020;6;001
25;4619;021;6;001
25;4619;022;6;001
25;4619;023;6;001
25;4619;024;6;001
25;4619;025;6;001
25;4619;026;6;001
25;4619;027;6;001
25;4619;028;6;001
25;4619;029;6;001
25;4619;030;6;001
25;4619;031;6;001
25;4619;032;6;001
25;4619;033;6;001
25;4619;034;6;001
25;4619;035;6;001
25;4619;036;6;001
25;4619;037;6;001
25;4619;038;6;001
25;4619;039;6;001
25;4619;040;6;001
25;4619;041;6;001
25;4619;042;6;001
25;4619;043;6;001
25;4619;044;6;001
25;4619;045;6;001
25;4619;046;6;001
25;4619;047;6;001
25;4619;048;6;001
25;4619;049;6;001
25;4619;050;6;001
25;4619;051;6;001
25;4619;052;6;001
25;4619;053;6;001
25;4619;054;6;001
25;4619;055;6;001
25;4619;056;6;001
25;4619;057;6;001
25;4619;058;6;001
25;4619;059;6;001
25;4619;060;6;001
25;4619;061;6;001
25;4619;062;6;001
25;4619;063;6;001
25;4619;064;6;001
25;4619;065;6;001
25;4619;066;6;001
25;4619;067;6;001
25;4619;068;6;001
25;4619;069;6;001
25;4619;070;6;001
25;4619;071;6;001
25;4619;072;6;001
25;4619;073;6;001
25;4619;074;6;001
25;4619;075;6;001
25;4619;076;6;001
25;4619;077;6;001
25;4619;078;6;001
25;4619;079;6;001
25;4619;080;6;001
25;4619;081;6;001
25;4619;082;6;001
25;4619;083;6;001
25;4619;084;6;001
25;4619;085;6;001
25;4619;086;6;001
25;4619;087;6;001
25;4619;088;6;001
25;4619;089;6;001
25;4619;090;6;001
25;4619;091;6;001
25;4619;092;6;001
25;4619;093;6;001
25;4619;094;6;001
25;4619;095;6;001
25;4619;096;6;001
25;4619;097;6;001
25;4619;098;6;001
25;4619;099;6;001
25;4619;100;6;001
25;4619;101;6;001
25;4619;102;6;001
25;4619;103;6;001
25;4619;104;6;001
25;4619;105;6;001
25;4619;106;6;001
25;4619;107;6;001
25;4619;108;6;001
25;4619;109;6;001
25;4619;110;6;001
25;4619;111;6;001
25;4619;112;6;001
25;4619;113;6;001
25;4619;114;6;001
25;4619;115;6;001
25;4619;116;6;001
25;4619;117;6;001
25;4619;118;6;001
25;4619;119;6;001
25;4619;120;6;001
25;4619;121;6;001
25;4619;122;6;001
25;4619;123;6;001
25;4619;124;6;001
25;4619;125;6;001
25;4619;126;6;001
25;4619;127;6;001
25;4619;128;6;001
25;4619;129;6;001
25;4619;130;6;001
25;4620;001;6;001
25;4620;002;6;001
25;4620;003;6;001
25;4620;004;6;001
25;4620;005;6;001
25;4620;006;6;001
25;4620;007;6;001
25;4620;008;6;001
25;4620;009;6;001
25;4620;010;6;001
25;4620;011;6;001
25;4620;012;6;001
25;4620;013;6;001
25;4620;014;6;001
25;4620;015;6;001
25;4620;016;6;001
25;4620;017;6;001
25;4620;018;6;001
25;4620;019;6;001
25;4620;020;6;001
25;4620;021;6;001
25;4620;022;6;001
25;4620;023;6;001
25;4620;024;6;001
25;4620;025;6;001
25;4620;026;6;001
25;4620;027;6;001
25;4620;028;6;001
25;4620;029;6;001
25;4620;030;6;001
25;4620;031;6;001
25;4620;032;6;001
25;4620;033;6;001
25;4620;034;6;001
25;4620;035;6;001
25;4620;036;6;001
25;4620;037;6;001
25;4620;038;6;001
25;4620;039;6;001
25;4620;040;6;001
25;4620;041;6;001
25;4620;042;6;001
25;4620;043;6;001
25;4620;044;6;001
25;4620;045;6;001
25;4620;046;6;001
25;4620;047;6;001
25;4620;048;6;001
25;4620;049;6;003
25;4620;050;6;003
25;4620;051;6;003
25;4620;052;6;004
25;4620;053;6;004
25;4621;001;6;007
25;4621;002;6;007
25;4621;004;6;008
25;4621;005;6;005
25;4621;006;6;012
25;4621;007;6;012
25;4621;008;6;014
25;4621;009;6;014
25;4621;010;6;014
25;4621;011;6;014
25;4621;012;6;014
25;4621;013;6;014
25;4621;014;6;014
25;4621;015;6;014
25;4621;016;6;014
25;4621;017;6;014
25;4621;018;6;014
25;4621;019;6;014
25;4621;020;6;014
25;4621;021;6;014
25;4621;022;6;014
25;4621;023;6;014
25;4621;024;6;010
25;4621;025;6;009
25;4621;026;6;016
25;4621;027;6;016
25;4621;028;6;016
25;4621;029;6;006
25;4621;030;6;015
25;4621;031;6;011
25;4621;032;6;017
25;4621;033;6;017
25;4621;034;6;017
25;4621;035;6;017
25;4621;036;6;013
25;4621;037;6;013
25;4624;001;6;018
25;4624;002;6;018
25;4624;003;6;018
25;4624;004;6;018
25;4624;005;6;018
25;4624;006;6;018
25;4624;007;6;018
25;4624;008;6;018
25;4624;009;6;018
25;4624;010;6;018
25;4624;011;6;019
25;4624;012;6;020
25;4624;013;6;018
25;4624;014;6;018
25;4624;015;6;018
25;4624;016;6;018
[END]

[MAJ]
25;6;   ;02;;;è•≤∫∞ ë≤•¥†≠Æ¢ ë≤Æø≠Æ¢ ® ç•´® è•≤∞Æ¢† ä≥∂™Æ¢†;, ;èëë+çèä;104181;0;1
25;6;   ;05;;;É•Æ∞£® ë•§•¥∑Æ¢ è∫∞¢†≠Æ¢ ® Ä≠£•´ à¢†≠Æ¢ å†∞®≠;, ;Éëè+Äàå;87490;1;2
[END]

[PROP]
[END]

[LISTI]
[END]

[PROT]
6;25;4611;001;759+0+390+390+0+0+0+28+390;228+162
6;25;4611;002;839+0+445+445+0+0+0+18+445;251+194
6;25;4611;003;778+0+444+444+2+0+2+0+442;240+202
6;25;4611;004;595+0+342+342+5+0+5+0+337;155+182
6;25;4611;005;758+1+465+465+0+0+0+0+465;116+349
6;25;4611;006;589+0+239+239+0+0+0+15+239;183+56
6;25;4611;007;799+1+464+464+0+0+0+10+464;281+183
6;25;4611;008;882+0+349+349+0+0+0+0+349;212+137
6;25;4611;009;864+0+500+500+0+0+0+18+500;302+198
6;25;4611;010;927+1+540+540+1+0+1+19+539;318+221
6;25;4611;011;658+0+388+388+1+0+1+32+387;149+238
6;25;4611;012;605+0+348+348+1+0+1+0+347;203+144
6;25;4611;013;902+0+519+519+1+0+1+0+518;282+236
6;25;4611;014;588+0+353+353+0+1+1+17+352;236+116
6;25;4611;015;724+1+464+464+3+0+3+10+461;281+180
6;25;4611;016;726+2+386+386+0+1+1+3+385;221+164
6;25;4611;017;857+1+484+484+0+1+1+0+483;213+270
6;25;4611;018;854+1+507+507+0+0+0+0+507;156+351
6;25;4611;019;808+0+526+526+0+0+0+29+526;195+331
6;25;4611;020;858+1+485+485+2+0+2+20+483;215+268
6;25;4611;021;860+0+524+524+1+0+1+30+523;221+302
6;25;4611;022;732+8+415+415+0+0+0+4+415;243+172
6;25;4611;023;466+6+466+466+0+1+1+3+465;163+302
6;25;4611;024;892+1+541+541+1+0+1+23+540;143+397
6;25;4611;025;726+1+443+443+1+0+1+0+442;193+249
6;25;4611;026;623+3+368+368+0+0+0+0+368;171+197
6;25;4611;027;601+1+360+360+1+0+1+19+359;208+151
6;25;4611;028;760+0+495+495+2+0+2+33+493;219+274
6;25;4611;029;640+1+357+357+0+0+0+0+357;178+179
6;25;4611;030;732+1+470+470+1+0+1+0+469;196+273
6;25;4611;031;775+0+417+417+0+0+0+0+417;250+167
6;25;4611;032;807+0+511+511+3+0+3+0+508;266+242
6;25;4611;033;620+0+378+378+0+0+0+0+378;145+233
6;25;4611;034;816+8+536+536+0+0+0+0+536;165+371
6;25;4611;035;827+7+521+521+1+0+1+0+520;264+256
6;25;4611;036;757+3+460+460+0+0+0+0+460;200+260
6;25;4611;037;840+0+536+536+0+0+0+0+536;251+285
6;25;4611;038;683+22+471+471+1+0+1+30+470;159+311
6;25;4611;039;856+3+511+511+3+0+3+25+508;262+246
6;25;4611;040;712+1+433+433+0+0+0+0+433;266+167
6;25;4611;041;594+0+367+367+1+0+1+0+366;147+219
6;25;4611;042;749+0+460+460+0+0+0+10+460;175+285
6;25;4611;043;761+0+396+396+1+0+1+0+395;173+222
6;25;4611;044;726+1+381+381+0+1+1+17+380;181+199
6;25;4611;045;799+1+452+452+0+0+0+24+452;209+243
6;25;4611;046;731+1+410+410+0+3+3+14+407;226+181
6;25;4611;047;842+0+484+484+0+0+0+21+484;212+272
6;25;4611;048;729+2+435+435+1+2+3+17+432;167+265
6;25;4611;049;529+0+331+331+0+0+0+16+331;175+156
6;25;4611;050;608+0+350+350+2+0+2+14+348;187+161
6;25;4611;051;843+1+447+447+0+0+0+0+447;243+204
6;25;4611;052;650+0+379+379+0+0+0+0+379;198+181
6;25;4611;053;618+0+335+335+1+1+2+0+333;176+157
6;25;4611;054;734+1+436+436+0+0+0+25+436;215+221
6;25;4611;055;754+1+427+427+0+0+0+0+427;230+197
6;25;4611;056;765+10+267+267+0+0+0+0+267;209+58
6;25;4611;057;730+1+315+315+0+2+2+16+313;194+119
6;25;4611;058;971+0+295+295+0+1+1+20+294;178+116
6;25;4611;059;774+0+281+281+0+0+0+19+281;178+103
6;25;4611;060;524+0+181+181+1+0+1+0+180;125+55
6;25;4611;061;857+0+274+274+0+0+0+24+274;175+99
6;25;4611;062;680+1+281+281+0+0+0+0+281;175+106
6;25;4611;063;901+0+348+348+0+0+0+0+348;261+87
6;25;4611;064;546+0+221+221+1+3+4+18+217;177+40
6;25;4611;065;699+0+350+350+0+0+0+0+350;268+82
6;25;4611;066;731+0+269+269+0+0+0+15+269;212+57
6;25;4611;067;574+1+205+205+1+1+2+0+203;135+68
6;25;4611;068;71+0+34+34+0+0+0+0+34;18+16
6;25;4611;069;722+1+380+380+0+0+0+0+380;230+150
6;25;4611;070;634+3+365+365+0+0+0+12+365;206+159
6;25;4611;071;561+0+211+211+0+0+0+5+211;163+48
6;25;4612;001;958+0+532+532+0+0+0+28+532;316+216
6;25;4612;002;912+0+518+518+1+0+1+16+517;321+196
6;25;4612;003;870+1+492+492+0+0+0+26+492;265+227
6;25;4612;004;682+0+368+368+1+1+2+24+366;204+162
6;25;4612;005;855+4+479+479+0+1+1+17+478;275+203
6;25;4612;006;669+3+370+370+0+0+0+16+370;217+153
6;25;4612;007;772+0+445+445+0+0+0+21+445;242+203
6;25;4612;008;746+0+389+389+1+0+1+15+388;213+175
6;25;4612;009;794+5+444+444+1+0+1+21+443;225+218
6;25;4612;010;754+0+414+414+0+3+3+13+411;240+171
6;25;4612;011;818+0+458+458+0+0+0+15+458;244+214
6;25;4612;012;557+0+342+342+0+0+0+0+342;125+217
6;25;4612;013;786+1+426+426+0+0+0+20+426;208+218
6;25;4612;014;844+1+512+512+0+0+0+28+512;116+396
6;25;4612;015;853+4+503+503+0+1+1+30+502;281+221
6;25;4612;016;738+3+453+453+2+0+2+25+451;227+224
6;25;4612;017;891+3+541+541+0+1+1+0+540;332+208
6;25;4612;018;783+0+504+504+0+1+1+43+503;262+241
6;25;4612;019;553+0+333+333+0+0+0+17+333;169+164
6;25;4612;020;784+0+419+419+0+0+0+14+419;230+189
6;25;4612;021;738+1+435+435+1+1+2+15+433;171+262
6;25;4612;022;774+1+463+463+0+0+0+25+463;254+209
6;25;4612;023;1025+3+646+646+2+0+2+31+644;373+271
6;25;4612;024;817+0+515+515+3+0+3+25+512;294+218
6;25;4612;025;540+1+335+335+3+0+3+20+332;187+145
6;25;4612;026;802+3+494+494+0+0+0+30+494;202+292
6;25;4612;027;830+0+524+524+1+0+1+34+523;265+258
6;25;4612;028;868+0+492+492+0+0+0+36+492;281+211
6;25;4612;029;877+0+532+532+0+1+1+0+531;281+250
6;25;4612;030;672+0+352+352+1+0+1+15+351;206+145
6;25;4612;031;849+14+464+464+0+1+1+18+463;282+181
6;25;4612;032;914+4+534+534+0+0+0+33+534;267+267
6;25;4612;033;877+0+529+529+0+0+0+23+529;228+301
6;25;4612;034;738+3+444+444+0+0+0+0+444;202+242
6;25;4612;035;742+8+344+344+0+0+0+15+344;233+111
6;25;4612;036;731+0+411+411+0+3+3+27+408;243+165
6;25;4612;037;602+0+362+362+0+0+0+0+362;247+115
6;25;4612;038;710+0+382+382+1+0+1+0+381;231+150
6;25;4612;039;859+0+535+535+0+1+1+23+534;183+351
6;25;4612;040;360+0+360+360+0+0+0+0+360;160+200
6;25;4612;041;68+0+40+40+0+0+0+2+40;22+18
6;25;4613;001;627+0+306+306+1+0+1+5+305;197+108
6;25;4613;002;500+0+284+284+0+1+1+0+283;171+112
6;25;4613;003;697+0+454+454+0+0+0+0+454;278+176
6;25;4613;004;696+0+408+408+0+0+0+6+408;205+203
6;25;4613;005;517+0+308+308+0+0+0+12+308;121+187
6;25;4613;006;482+0+309+309+0+0+0+0+309;159+150
6;25;4613;007;655+1+384+384+0+0+0+0+384;237+147
6;25;4613;008;708+2+395+395+0+0+0+9+395;223+172
6;25;4613;009;657+0+313+313+2+0+2+10+311;194+117
6;25;4613;010;682+4+372+372+0+0+0+0+372;168+204
6;25;4613;011;514+0+288+288+1+0+1+0+287;162+125
6;25;4613;012;651+0+366+366+0+0+0+0+366;217+149
6;25;4613;013;749+0+453+453+0+0+0+0+453;238+215
6;25;4613;014;766+0+403+403+1+1+2+3+401;244+157
6;25;4613;015;601+0+333+333+0+1+1+10+332;198+134
6;25;4613;016;530+0+280+280+0+0+0+7+280;166+114
6;25;4613;017;452+0+223+223+1+0+1+0+222;140+82
6;25;4613;018;565+2+271+271+1+0+1+0+270;143+127
6;25;4613;019;631+3+311+311+1+0+1+7+310;149+161
6;25;4613;020;654+0+359+359+1+0+1+0+358;200+158
6;25;4613;021;670+0+375+375+2+0+2+2+373;202+171
6;25;4613;022;494+0+227+227+0+0+0+7+227;133+94
6;25;4613;023;713+0+356+356+0+0+0+0+356;203+153
6;25;4613;024;617+1+303+303+0+0+0+0+303;199+104
6;25;4613;025;774+0+365+365+1+0+1+0+364;226+138
6;25;4613;026;784+0+475+475+0+0+0+6+475;130+345
6;25;4613;027;678+0+348+348+0+0+0+0+348;207+141
6;25;4613;028;709+1+357+357+0+0+0+0+357;245+112
6;25;4613;029;600+0+334+334+1+0+1+5+333;205+128
6;25;4613;030;745+0+385+385+0+0+0+0+385;232+153
6;25;4613;031;687+0+394+394+0+0+0+0+394;268+126
6;25;4613;032;567+0+318+318+0+1+1+0+317;185+132
6;25;4613;033;537+0+300+300+0+0+0+0+300;171+129
6;25;4613;034;553+0+251+251+1+0+1+4+250;145+105
6;25;4613;035;752+1+428+428+0+0+0+0+428;243+185
6;25;4613;036;636+1+383+383+1+0+1+8+382;204+178
6;25;4613;037;793+1+399+399+1+0+1+5+398;244+154
6;25;4613;038;639+0+329+329+0+0+0+3+329;170+159
6;25;4613;039;672+0+388+388+0+2+2+6+386;237+149
6;25;4613;040;545+0+348+348+0+0+0+0+348;194+154
6;25;4613;041;647+0+390+390+0+0+0+0+390;181+209
6;25;4613;042;706+0+384+384+0+0+0+0+384;214+170
6;25;4613;043;566+0+303+303+0+0+0+0+303;189+114
6;25;4613;044;597+0+311+311+0+0+0+0+311;177+134
6;25;4613;045;737+0+418+418+0+0+0+11+418;260+158
6;25;4613;046;685+0+392+392+0+0+0+0+392;199+193
6;25;4613;047;713+0+343+343+3+0+3+4+340;194+146
6;25;4613;048;668+0+380+380+1+0+1+0+379;204+175
6;25;4613;049;751+0+415+415+0+0+0+0+415;235+180
6;25;4613;050;645+0+311+311+1+0+1+0+310;176+134
6;25;4613;051;604+1+309+309+0+0+0+0+309;165+144
6;25;4613;052;717+0+367+367+0+0+0+8+367;198+169
6;25;4613;053;704+0+362+362+0+0+0+0+362;198+164
6;25;4613;054;520+0+273+273+1+1+2+4+271;121+150
6;25;4613;055;564+0+280+280+0+0+0+0+280;147+133
6;25;4613;056;554+0+283+283+0+1+1+0+282;181+101
6;25;4613;057;552+0+286+286+0+0+0+0+286;157+129
6;25;4613;058;700+0+376+376+0+0+0+0+376;225+151
6;25;4613;059;592+0+301+301+0+0+0+5+301;198+103
6;25;4613;060;535+2+253+253+0+0+0+0+253;157+96
6;25;4613;061;509+0+250+250+0+0+0+0+250;133+117
6;25;4613;062;575+1+272+272+1+0+1+0+271;151+120
6;25;4613;063;626+0+322+322+0+0+0+0+322;176+146
6;25;4613;064;463+0+273+273+0+0+0+0+273;152+121
6;25;4613;065;671+0+345+345+0+0+0+0+345;202+143
6;25;4613;066;687+2+355+355+1+0+1+0+354;185+169
6;25;4613;067;657+0+365+365+0+1+1+7+364;184+180
6;25;4613;068;636+3+326+326+1+0+1+0+325;174+151
6;25;4613;069;466+0+250+250+0+0+0+7+250;124+126
6;25;4613;070;637+0+341+341+0+0+0+0+341;180+161
6;25;4613;071;607+0+339+339+0+0+0+0+339;168+171
6;25;4613;072;828+0+510+510+0+0+0+16+510;255+255
6;25;4613;073;574+0+311+311+0+0+0+20+311;199+112
6;25;4613;074;584+2+312+312+0+0+0+7+312;168+144
6;25;4613;075;367+0+201+201+0+0+0+8+201;83+118
6;25;4613;076;692+1+362+362+0+0+0+0+362;210+152
6;25;4613;077;656+2+338+338+0+0+0+0+338;167+171
6;25;4613;078;614+1+311+311+0+0+0+0+311;173+138
6;25;4613;079;571+1+300+300+0+0+0+0+300;191+109
6;25;4613;080;585+2+312+312+0+0+0+0+312;177+135
6;25;4613;081;596+0+342+342+0+0+0+0+342;174+168
6;25;4613;082;539+0+267+267+0+0+0+0+267;151+116
6;25;4613;083;509+1+289+289+1+0+1+4+288;164+124
6;25;4613;084;580+0+302+302+0+0+0+0+302;155+147
6;25;4613;085;477+0+259+259+0+1+1+0+258;135+123
6;25;4613;086;785+0+335+335+0+0+0+0+335;222+113
6;25;4613;087;504+0+243+243+0+0+0+0+243;135+108
6;25;4613;088;605+0+328+328+0+0+0+0+328;194+134
6;25;4613;089;541+0+318+318+0+0+0+0+318;147+171
6;25;4613;090;607+0+330+330+0+0+0+0+330;160+170
6;25;4613;091;533+0+286+286+3+0+3+0+283;148+135
6;25;4613;092;438+0+226+226+0+0+0+0+226;136+90
6;25;4613;093;481+6+295+295+0+0+0+6+295;135+160
6;25;4613;094;455+2+248+248+0+0+0+0+248;124+124
6;25;4613;095;581+0+342+342+0+0+0+8+342;177+165
6;25;4613;096;583+1+315+315+0+0+0+13+315;142+173
6;25;4613;097;540+0+247+247+0+0+0+0+247;111+136
6;25;4613;098;826+0+438+438+0+0+0+27+438;246+192
6;25;4613;099;807+0+412+412+0+0+0+0+412;232+180
6;25;4613;100;734+0+415+415+0+0+0+0+415;254+161
6;25;4613;101;392+0+236+236+2+0+2+0+234;129+105
6;25;4618;001;566+2+308+308+0+1+1+0+307;202+105
6;25;4618;002;1049+0+593+593+0+1+1+32+592;386+206
6;25;4618;003;1081+0+635+635+0+0+0+32+635;334+301
6;25;4618;004;1041+1+600+600+2+2+4+0+596;418+178
6;25;4618;005;1038+1+621+621+0+1+1+23+620;355+265
6;25;4618;006;794+1+352+352+0+0+0+26+352;171+181
6;25;4618;007;922+0+468+468+0+0+0+0+468;263+205
6;25;4618;008;1106+0+588+588+0+0+0+34+588;348+240
6;25;4618;009;959+0+503+503+1+0+1+0+502;282+220
6;25;4618;010;1091+0+600+600+0+0+0+0+600;245+355
6;25;4618;011;1183+1+560+560+0+0+0+10+560;350+210
6;25;4618;012;779+0+451+451+2+0+2+16+449;163+286
6;25;4618;013;1096+0+562+562+1+3+4+20+558;245+313
6;25;4618;014;638+1+325+325+0+0+0+0+325;144+181
6;25;4618;015;1055+0+547+547+0+0+0+24+547;349+198
6;25;4618;016;926+0+453+453+1+0+1+19+452;211+241
6;25;4618;017;793+4+407+407+0+0+0+5+407;237+170
6;25;4618;018;915+3+438+438+1+0+1+31+437;271+166
6;25;4618;019;854+1+449+450+0+0+0+0+450;276+174
6;25;4618;020;965+2+512+512+0+0+0+23+512;329+183
6;25;4618;021;943+1+530+530+0+0+0+0+530;259+271
6;25;4618;022;843+0+450+450+1+1+2+16+448;256+192
6;25;4618;023;954+0+498+498+0+0+0+22+498;329+169
6;25;4618;024;1016+3+551+551+0+2+2+0+549;313+236
6;25;4618;025;763+0+414+414+1+0+1+21+413;225+188
6;25;4618;026;786+1+387+387+1+0+1+17+386;229+157
6;25;4618;027;992+4+537+537+1+0+1+19+536;246+290
6;25;4618;028;800+1+417+417+0+0+0+0+417;225+192
6;25;4618;029;711+0+414+414+1+0+1+16+413;240+173
6;25;4618;030;793+0+438+438+0+0+0+17+438;260+178
6;25;4618;031;849+6+469+469+0+0+0+0+469;304+165
6;25;4618;032;766+0+433+433+0+0+0+0+433;264+169
6;25;4618;033;798+1+454+454+0+0+0+18+454;276+178
6;25;4618;034;891+0+473+473+2+0+2+24+471;284+187
6;25;4618;035;431+4+249+249+0+0+0+0+249;156+93
6;25;4618;036;579+0+323+323+0+0+0+15+323;185+138
6;25;4618;037;903+0+491+491+0+0+0+38+491;308+183
6;25;4618;038;796+2+410+410+0+0+0+20+410;258+152
6;25;4618;039;857+1+418+418+2+0+2+0+416;203+213
6;25;4618;040;562+0+294+294+0+1+1+11+293;170+123
6;25;4618;041;655+0+346+346+1+0+1+12+345;180+165
6;25;4618;042;663+0+302+302+0+0+0+16+302;163+139
6;25;4618;043;871+3+469+469+0+0+0+6+469;305+164
6;25;4618;044;896+1+466+466+2+0+2+26+464;292+172
6;25;4618;045;233+1+144+144+1+0+1+13+143;64+79
6;25;4618;046;343+2+226+226+0+0+0+0+226;101+125
6;25;4618;047;508+3+272+272+0+0+0+0+272;138+134
6;25;4618;048;83+1+53+53+0+1+1+0+52;24+28
6;25;4618;049;20+2+16+16+0+0+0+0+16;8+8
6;25;4618;050;30+0+24+24+0+0+0+0+24;17+7
6;25;4618;051;20+1+21+21+0+0+0+0+21;7+14
6;25;4619;001;710+1+405+405+1+0+1+6+404;132+272
6;25;4619;002;790+0+418+418+0+0+0+3+418;187+231
6;25;4619;003;826+1+431+431+0+0+0+0+431;258+173
6;25;4619;004;697+2+288+288+1+0+1+14+287;164+123
6;25;4619;005;805+0+471+471+0+0+0+0+471;240+231
6;25;4619;006;729+0+337+337+1+2+3+15+334;186+148
6;25;4619;007;800+0+425+425+0+0+0+13+425;219+206
6;25;4619;008;657+0+390+390+1+0+1+11+389;209+180
6;25;4619;009;729+3+388+388+0+2+2+0+386;223+163
6;25;4619;010;624+0+298+298+0+0+0+6+298;164+134
6;25;4619;011;1022+0+497+497+0+0+0+0+497;282+215
6;25;4619;012;398+2+231+231+2+1+3+10+228;131+97
6;25;4619;014;685+0+393+393+0+2+2+0+391;230+161
6;25;4619;015;814+0+440+440+2+0+2+10+438;187+251
6;25;4619;016;799+0+375+375+1+0+1+2+374;158+216
6;25;4619;017;740+0+362+362+3+0+3+14+359;178+181
6;25;4619;018;665+0+396+396+0+0+0+11+396;195+201
6;25;4619;019;606+2+375+375+0+0+0+0+375;220+155
6;25;4619;020;716+0+397+397+0+0+0+20+397;247+150
6;25;4619;021;619+0+371+371+0+0+0+0+371;210+161
6;25;4619;022;747+3+401+401+0+2+2+23+399;242+157
6;25;4619;023;843+0+453+453+0+0+0+24+453;248+205
6;25;4619;024;822+2+418+418+0+0+0+12+418;198+220
6;25;4619;025;768+1+425+425+0+0+0+20+425;134+291
6;25;4619;026;758+2+446+446+0+0+0+28+446;225+221
6;25;4619;027;824+0+475+475+1+0+1+38+474;270+204
6;25;4619;028;689+0+392+392+2+0+2+15+390;162+228
6;25;4619;029;762+0+440+440+0+0+0+5+440;251+189
6;25;4619;030;963+9+531+531+0+4+4+32+527;286+241
6;25;4619;031;751+3+416+416+1+0+1+13+415;230+185
6;25;4619;032;699+0+389+389+0+0+0+16+389;184+205
6;25;4619;033;854+0+476+476+11+0+11+0+465;273+192
6;25;4619;034;942+0+482+482+2+0+2+14+480;293+187
6;25;4619;035;740+1+390+390+0+0+0+3+390;220+170
6;25;4619;036;812+1+480+480+2+1+3+19+477;256+221
6;25;4619;037;646+0+408+408+0+0+0+10+408;209+199
6;25;4619;038;814+0+514+514+2+0+2+49+512;245+267
6;25;4619;039;710+0+411+411+0+1+1+22+410;201+209
6;25;4619;040;611+2+322+322+0+0+0+0+322;184+138
6;25;4619;041;782+0+430+430+2+0+2+0+428;231+197
6;25;4619;042;638+0+341+341+0+0+0+0+341;185+156
6;25;4619;043;717+0+389+389+1+0+1+0+388;204+184
6;25;4619;044;763+4+477+477+0+0+0+23+477;280+197
6;25;4619;045;803+0+447+447+0+0+0+13+447;253+194
6;25;4619;046;981+0+425+425+2+0+2+0+423;218+205
6;25;4619;047;634+0+350+350+0+0+0+5+350;170+180
6;25;4619;048;773+1+428+428+0+0+0+0+428;267+161
6;25;4619;049;841+0+480+480+0+0+0+0+480;284+196
6;25;4619;050;816+0+451+451+0+0+0+0+451;247+204
6;25;4619;051;670+0+366+366+0+0+0+0+366;195+171
6;25;4619;052;801+0+414+414+0+0+0+3+414;198+216
6;25;4619;053;791+2+435+435+0+1+1+12+434;238+196
6;25;4619;054;773+0+328+328+2+1+3+12+325;205+120
6;25;4619;055;1021+5+520+520+0+0+0+9+520;285+235
6;25;4619;056;836+7+486+486+1+1+2+0+484;239+245
6;25;4619;057;783+0+425+425+1+0+1+14+424;222+202
6;25;4619;058;799+0+372+372+0+0+0+0+372;193+179
6;25;4619;059;783+0+385+385+2+2+4+25+381;237+144
6;25;4619;060;837+1+428+428+0+0+0+0+428;253+175
6;25;4619;061;749+0+432+432+0+0+0+0+432;227+205
6;25;4619;062;746+0+395+395+1+0+1+6+394;168+226
6;25;4619;063;756+0+402+402+2+0+2+0+400;238+162
6;25;4619;064;794+8+426+426+0+0+0+0+426;266+160
6;25;4619;065;655+0+301+301+0+0+0+15+301;195+106
6;25;4619;066;740+0+364+364+1+0+1+12+363;198+165
6;25;4619;067;696+0+386+386+1+1+2+15+384;123+261
6;25;4619;068;1074+0+594+594+1+0+1+0+593;390+203
6;25;4619;069;783+6+502+502+0+0+0+25+502;309+193
6;25;4619;070;708+1+438+438+0+0+0+19+438;282+156
6;25;4619;071;860+11+361+361+0+1+1+0+360;179+181
6;25;4619;072;639+8+309+309+0+0+0+19+309;122+187
6;25;4619;073;903+0+519+519+1+1+2+15+517;244+273
6;25;4619;074;1001+1+579+579+3+0+3+30+576;350+226
6;25;4619;075;733+0+447+447+0+0+0+0+447;238+209
6;25;4619;076;794+0+457+457+0+0+0+20+457;213+244
6;25;4619;077;748+1+464+464+3+0+3+35+461;231+230
6;25;4619;078;733+0+421+421+2+2+4+15+417;264+153
6;25;4619;079;733+2+354+354+1+0+1+3+353;216+137
6;25;4619;080;811+1+438+438+1+0+1+16+437;264+173
6;25;4619;081;741+0+345+345+1+0+1+0+344;183+161
6;25;4619;082;816+0+453+453+0+0+0+0+453;277+176
6;25;4619;083;800+0+418+418+0+0+0+7+418;250+168
6;25;4619;084;793+0+407+407+0+1+1+10+406;259+147
6;25;4619;085;703+0+372+372+1+0+1+7+371;205+166
6;25;4619;086;791+2+429+429+1+1+2+18+427;237+190
6;25;4619;087;760+0+429+429+0+0+0+0+429;237+192
6;25;4619;088;762+0+422+422+1+0+1+0+421;241+180
6;25;4619;089;698+1+403+403+1+0+1+0+402;260+142
6;25;4619;090;789+10+418+418+0+0+0+0+418;237+181
6;25;4619;091;664+2+321+321+3+2+5+0+316;124+192
6;25;4619;092;643+3+371+371+2+0+2+0+369;202+167
6;25;4619;093;761+4+416+416+0+1+1+16+415;158+257
6;25;4619;094;833+0+436+436+1+0+1+22+435;231+204
6;25;4619;095;680+8+369+369+0+0+0+13+369;245+124
6;25;4619;096;842+1+461+461+0+0+0+16+461;253+208
6;25;4619;097;858+1+482+482+0+0+0+6+482;193+289
6;25;4619;098;790+0+445+445+0+0+0+0+445;209+236
6;25;4619;099;816+0+409+409+0+0+0+12+409;241+168
6;25;4619;100;853+0+462+462+0+1+1+14+461;287+174
6;25;4619;101;715+0+363+363+1+0+1+8+362;204+158
6;25;4619;102;866+9+458+458+1+0+1+25+457;223+234
6;25;4619;103;790+1+425+425+0+0+0+12+425;273+152
6;25;4619;104;833+0+462+462+1+0+1+20+461;248+213
6;25;4619;105;665+0+327+327+0+0+0+0+327;219+108
6;25;4619;106;793+10+442+442+0+0+0+0+442;236+206
6;25;4619;107;770+0+454+454+0+1+1+0+453;250+203
6;25;4619;108;771+0+411+411+0+1+1+20+410;234+176
6;25;4619;109;916+1+506+506+0+0+0+21+506;302+204
6;25;4619;110;851+8+425+425+0+1+1+20+424;236+188
6;25;4619;111;815+0+428+428+0+0+0+0+428;234+194
6;25;4619;112;765+0+421+421+1+0+1+10+420;196+224
6;25;4619;113;746+0+444+444+1+0+1+10+443;238+205
6;25;4619;114;782+0+417+417+0+0+0+15+417;285+132
6;25;4619;115;780+0+399+399+0+1+1+23+398;256+142
6;25;4619;116;669+1+389+389+0+0+0+14+389;197+192
6;25;4619;117;685+0+396+396+0+0+0+15+396;208+188
6;25;4619;118;695+5+396+396+0+0+0+19+396;235+161
6;25;4619;119;802+0+446+446+0+2+2+19+444;276+168
6;25;4619;120;689+1+343+343+0+0+0+0+343;220+123
6;25;4619;121;663+0+391+391+0+0+0+0+391;238+153
6;25;4619;122;962+0+479+479+4+0+4+0+475;249+226
6;25;4619;123;625+0+357+357+0+0+0+15+357;181+176
6;25;4619;124;807+0+414+414+1+0+1+8+413;223+190
6;25;4619;125;619+0+363+363+0+0+0+14+363;195+168
6;25;4619;126;699+0+372+372+0+0+0+6+372;221+151
6;25;4619;127;740+1+383+383+0+0+0+11+383;241+142
6;25;4619;128;637+0+350+350+0+0+0+8+350;207+143
6;25;4619;129;855+0+472+472+1+0+1+0+471;271+200
6;25;4619;130;914+7+504+504+0+3+3+0+501;315+186
6;25;4620;001;866+0+506+506+0+0+0+22+506;305+201
6;25;4620;002;756+1+408+408+0+0+0+12+408;243+165
6;25;4620;003;663+0+358+358+0+0+0+0+358;223+135
6;25;4620;004;822+1+466+466+2+0+2+0+464;288+176
6;25;4620;005;705+0+424+424+0+0+0+0+424;257+167
6;25;4620;006;818+0+457+457+0+1+1+0+456;256+200
6;25;4620;007;722+0+354+354+0+0+0+0+354;213+141
6;25;4620;008;759+1+407+407+0+0+0+5+407;244+163
6;25;4620;009;749+0+388+388+1+0+1+0+387;239+148
6;25;4620;010;754+0+362+362+0+0+0+6+362;221+141
6;25;4620;011;730+0+365+365+0+0+0+11+365;250+115
6;25;4620;012;771+0+394+394+0+0+0+15+394;215+179
6;25;4620;013;763+1+379+379+0+0+0+0+379;200+179
6;25;4620;014;872+0+421+421+0+0+0+0+421;227+194
6;25;4620;015;657+0+306+306+0+0+0+0+306;188+118
6;25;4620;016;679+0+311+311+0+0+0+0+311;202+109
6;25;4620;017;706+0+344+344+1+0+1+0+343;219+124
6;25;4620;018;829+0+426+426+2+0+2+12+424;253+171
6;25;4620;019;815+0+418+418+0+1+1+0+417;273+144
6;25;4620;020;810+0+341+341+0+0+0+14+341;218+123
6;25;4620;021;684+0+341+341+0+1+1+0+340;210+130
6;25;4620;022;704+0+331+331+2+0+2+0+329;216+113
6;25;4620;023;822+0+417+417+0+0+0+0+417;246+171
6;25;4620;024;856+1+435+435+1+0+1+0+434;248+186
6;25;4620;025;837+0+484+484+0+0+0+0+484;210+274
6;25;4620;026;756+0+341+341+0+0+0+5+341;198+143
6;25;4620;027;811+0+443+443+0+0+0+8+443;214+229
6;25;4620;028;747+5+420+420+0+0+0+0+420;258+162
6;25;4620;029;756+1+445+445+2+0+2+0+443;258+185
6;25;4620;030;749+1+411+411+0+0+0+0+411;238+173
6;25;4620;031;728+1+452+452+0+0+0+0+452;208+244
6;25;4620;032;481+0+226+226+0+0+0+0+226;114+112
6;25;4620;033;745+1+396+396+0+0+0+6+396;207+189
6;25;4620;034;731+0+432+432+1+2+3+14+429;209+220
6;25;4620;035;839+1+539+539+0+0+0+0+539;242+297
6;25;4620;036;864+0+493+493+0+0+0+23+493;236+257
6;25;4620;037;764+0+451+451+1+2+3+8+448;238+210
6;25;4620;038;796+0+480+480+0+0+0+0+480;130+350
6;25;4620;039;673+1+385+385+1+0+1+18+384;244+140
6;25;4620;040;882+4+375+375+0+0+0+0+375;235+140
6;25;4620;041;864+1+408+408+0+0+0+8+408;211+197
6;25;4620;042;800+0+463+463+2+0+2+15+461;278+183
6;25;4620;043;723+0+403+403+0+0+0+0+403;221+182
6;25;4620;044;406+0+210+210+0+0+0+0+210;110+100
6;25;4620;045;673+0+265+265+0+2+2+25+263;172+91
6;25;4620;046;738+8+326+326+1+0+1+10+325;190+135
6;25;4620;047;770+0+369+369+0+0+0+0+369;230+139
6;25;4620;048;300+0+163+163+0+0+0+5+163;80+83
6;25;4620;049;708+0+370+370+0+0+0+15+370;231+139
6;25;4620;050;740+1+413+413+0+0+0+0+413;247+166
6;25;4620;051;640+0+327+327+1+0+1+0+326;187+139
6;25;4620;052;849+0+495+495+0+0+0+0+495;249+246
6;25;4620;053;666+3+377+377+0+0+0+0+377;225+152
6;25;4621;001;526+0+209+209+0+1+1+0+208;75+133
6;25;4621;002;468+1+275+275+0+0+0+5+275;107+168
6;25;4621;004;438+0+266+266+0+0+0+3+266;139+127
6;25;4621;005;575+0+370+370+0+0+0+0+370;181+189
6;25;4621;006;602+2+370+370+1+0+1+0+369;183+186
6;25;4621;007;531+0+292+292+0+0+0+0+292;147+145
6;25;4621;008;820+3+520+520+2+1+3+0+517;314+203
6;25;4621;009;718+0+394+394+1+0+1+25+393;196+197
6;25;4621;010;776+1+436+436+0+0+0+0+436;284+152
6;25;4621;011;629+0+314+314+0+0+0+0+314;138+176
6;25;4621;012;782+0+352+352+0+0+0+12+352;186+166
6;25;4621;013;784+0+360+360+0+0+0+0+360;192+168
6;25;4621;014;628+1+315+315+0+0+0+11+315;131+184
6;25;4621;015;840+2+442+442+0+0+0+0+442;228+214
6;25;4621;016;829+0+451+451+1+0+1+16+450;252+198
6;25;4621;017;662+0+350+350+0+0+0+14+350;188+162
6;25;4621;018;786+0+434+434+0+0+0+0+434;199+235
6;25;4621;019;633+0+322+322+3+0+3+17+319;161+158
6;25;4621;020;692+0+319+319+2+0+2+0+317;155+162
6;25;4621;021;565+0+260+260+0+0+0+11+260;144+116
6;25;4621;022;479+0+257+257+0+1+1+5+256;149+107
6;25;4621;023;545+0+310+310+1+0+1+6+309;150+159
6;25;4621;024;683+2+430+430+0+1+1+13+429;199+230
6;25;4621;025;531+0+366+366+0+0+0+0+366;232+134
6;25;4621;026;646+0+390+390+1+0+1+0+389;174+215
6;25;4621;027;539+0+285+285+0+2+2+0+283;141+142
6;25;4621;028;636+0+338+338+1+0+1+0+337;147+190
6;25;4621;029;373+0+251+251+0+0+0+0+251;138+113
6;25;4621;030;531+0+343+343+0+1+1+30+342;165+177
6;25;4621;031;478+6+303+303+0+0+0+13+303;144+159
6;25;4621;032;491+1+244+244+0+0+0+0+244;147+97
6;25;4621;033;615+0+337+337+3+1+4+9+333;172+161
6;25;4621;034;493+0+245+245+0+0+0+0+245;156+89
6;25;4621;035;465+0+229+229+0+0+0+0+229;148+81
6;25;4621;036;521+1+272+272+0+0+0+15+272;139+133
6;25;4621;037;531+0+287+287+1+1+2+15+285;152+133
6;25;4624;001;665+1+398+398+1+0+1+27+397;215+182
6;25;4624;002;938+0+509+509+0+0+0+17+509;310+199
6;25;4624;003;825+0+453+453+0+0+0+19+453;253+200
6;25;4624;004;735+10+431+431+0+0+0+0+431;240+191
6;25;4624;005;797+2+418+418+0+0+0+0+418;246+172
6;25;4624;006;960+0+551+551+1+1+2+34+549;276+273
6;25;4624;007;996+11+560+560+0+0+0+35+560;323+237
6;25;4624;008;859+1+499+499+0+0+0+21+499;267+232
6;25;4624;009;486+3+303+303+0+0+0+17+303;130+173
6;25;4624;010;303+1+203+203+1+0+1+7+202;104+98
6;25;4624;011;556+4+331+331+0+0+0+0+331;203+128
6;25;4624;012;98+1+54+54+1+1+2+0+52;21+31
6;25;4624;013;106+4+71+71+0+0+0+2+71;32+39
6;25;4624;014;21+1+18+18+0+0+0+0+18;4+14
6;25;4624;015;54+3+54+54+0+0+0+0+54;12+42
6;25;4624;016;68+9+76+76+0+0+0+0+76;14+62
[END]

[AGGR]
25;6;   ;2+498+498+352746+537+192018+192019+232+116+348+4275+191671;104181+87490
[END]
