[INFO]
26;Со┤и┐-ок░║г;301
[END]

[IZB]
26;6;   ;;18.11.2001;2;2;460
[END]

[NM]
2606;001;г░. Бож│░и╣е;05027;00
2606;002;▒. Г│░мазово;18174;00
2606;006;▒. Зла▓│╕а;31187;00
2606;008;▒. Пожа░ево;57100;00
2606;009;▒. П░оле╕а;58606;00
2606;010;▒. Ро▒оман;63121;00
2606;011;▒. Хе░аково;77246;00
2606;012;▒. Х░аб║░▒ко;77400;00
2607;001;▒. Божени╢а;04950;00
2607;002;г░. Бо▓евг░ад;05815;00
2607;003;▒. В░а╖е╕;12283;00
2607;004;▒. Г│░ково;18143;00
2607;005;▒. Елов дол;27334;00
2607;006;▒. К░аево;39267;00
2607;007;▒. Липни╢а;43788;00
2607;008;▒. Ли▓аково;43904;00
2607;009;▒. Нова╖ене;51946;00
2607;010;▒. Радо▓ина;61594;00
2607;011;▒. Ра╕ково;62298;00
2607;012;▒. Ск░авена;66860;00
2607;013;▒. Т░│дове╢;73256;00
2609;001;▒. Б░ак╝ов╢и;06050;00
2609;004;▒. Б║░л┐;07555;00
2609;005;▒. В░║длов╢и;12320;00
2609;006;▒. В░║бни╢а;12770;00
2609;007;▒. Гин╢и;14903;00
2609;008;г░. Годе╖;15309;00
2609;009;▒. Голе╕;15572;00
2609;010;▒. Г│бе╕;18037;00
2609;011;▒. Каленов╢и;35345;00
2609;012;▒. Ком╣и╢а;38186;00
2609;013;▒. Лоп│╕на;44300;00
2609;014;▒. М│░га╕;49334;00
2609;015;▒. Равна;61100;00
2609;016;▒. Разбои╣е;61652;00
2609;018;▒. Смол╖а;67641;00
2609;019;▒. С▓ан┐н╢и;68775;00
2609;020;▒. Т│ден;73417;00
2609;021;▒. Ш│ма;83466;00
2610;001;▒. Ап░илово;00549;00
2610;002;▒. Байлово;02258;00
2610;003;▒. Белопоп╢и;03705;00
2610;004;▒. Гай▓анево;14338;00
2610;005;▒. Го░на Малина;16314;00
2610;006;▒. Го░но Кама░╢и;16794;00
2610;007;▒. Долна Малина;22174;00
2610;008;▒. Долно Кама░╢и;22647;00
2610;009;▒. Мако╢ево;46231;00
2610;010;▒. Нег│╕ево;51281;00
2610;011;▒. О▒ой╢а;54287;00
2610;012;▒. Са░ан╢и;65419;00
2610;013;▒. С▓║░гел;70127;00
2610;014;▒. Чекан╖ево;80282;00
2616;002;▒. Бе░енде изво░;03900;00
2616;003;▒. Ва▒илов╢и;10269;00
2616;004;▒. Влади▒лав╢и;11483;00
2616;005;▒. Ви╕ан;11332;00
2616;006;▒. Габе░;14034;00
2616;007;▒. Големо Малово;15518;00
2616;012;▒. Го░но Село;16938;00
2616;018;▒. Д░агоил;23354;00
2616;019;г░. Д░агоман;23409;00
2616;020;▒. Кало▓ина;35479;00
2616;023;▒. К░│╕а;40070;00
2616;025;▒. Ле▓ни╢а;43484;00
2616;026;▒. Липин╢и;43757;00
2616;027;▒. Мало Малово;46766;00
2616;030;▒. Не▒ла;51514;00
2616;032;▒. П░ек░║▒▓е;58133;00
2616;033;▒. Ра┐нов╢и;62342;00
2616;034;▒. Табан;72014;00
2616;035;▒. Ца╢а░ов╢и;78255;00
2616;036;▒. Ц░║клев╢и;78553;00
2616;038;▒. Чо░│л;81579;00
2616;039;▒. Ч│ковезе░;81699;00
2616;041;▒. Ялбо▓ина;87343;00
2617;001;▒. Богданли┐;04604;00
2617;002;▒. Габ░а;14074;00
2617;003;▒. Голема Ракови╢а;15432;00
2617;004;▒. Г░иго░ево;17885;00
2617;005;▒. Доганово;21779;00
2617;006;▒. Еле╕ни╢а;34120;00
2617;007;га░а Елин Пелин;18490;00
2617;009;г░. Елин Пелин;27303;00
2617;010;▒. Ка░апол╢и;36422;00
2617;011;▒. К░│╕ови╢а;40227;00
2617;012;▒. Ле▒ново;43445;00
2617;013;▒. М│▒а╖ево;49388;00
2617;014;▒. Нови ╡ан;52012;00
2617;015;▒. Огн┐ново;53343;00
2617;016;▒. Пе▓ково;56006;00
2617;017;▒. По▓оп;57921;00
2617;018;▒. Равно поле;61248;00
2617;019;▒. С▓олник;69448;00
2617;020;▒. Ч│░ек;81760;00
2618;001;▒. Бойкове╢;05147;00
2618;002;▒. Б░│▒ен;06608;00
2618;004;г░. Е▓░ополе;27632;00
2618;005;▒. Лоп┐н;44313;00
2618;006;▒. Л║га;44389;00
2618;007;▒. Малки И▒к║░;49641;00
2618;008;▒. О▒елна;54050;00
2618;009;▒. Риба░и╢а;62582;00
2618;010;▒. Ямна;87391;00
2620;005;▒. Бели╢а-С░еди╣на;68374;00
2620;006;▒. Бое░и╢а;04892;00
2620;007;▒. Бо░ика;05390;00
2620;009;м. Б│з┐ков╢и;06851;00
2620;010;▒. Вака░ел;10029;00
2620;011;▒. Венкове╢;10656;00
2620;014;▒. Ве░ин▒ко;10690;00
2620;015;▒. Живково;29338;00
2620;016;г░. И╡▓иман;32901;00
2620;019;▒. Ко▒▓адинкино;41191;00
2620;020;▒. Ми░ово;48369;00
2620;022;▒. М│╡ово;49450;00
2620;023;▒. Па│ново;55600;00
2620;029;▒. Пол┐н╢и;57443;00
2620;030;▒. С▓амболово;04830;00
2620;058;▒. Бели╢а-С│ев╢и;70192;00
2620;059;▒. Че░н╝ово;81253;00
2624;001;г░. Коп░ив╣и╢а;38558;00
2625;002;▒. Го░на Ва▒или╢а;18561;00
2625;004;г░. Ко▒▓ене╢;38902;00
2625;005;▒. Ко▒▓ене╢;38916;00
2625;006;▒. О╖│╕а;54554;00
2625;007;▒. Подго░ие;56993;00
2625;008;▒. П╖елин;58863;00
2626;001;▒. Безден;03191;00
2626;002;▒. Бог╝ов╢и;04813;00
2626;003;▒. Б│╖ин п░о╡од;07171;00
2626;004;▒. Гол┐нов╢и;15984;00
2626;005;▒. Г░аде╢;17449;00
2626;006;▒. Д░агови╣и╢а;23296;00
2626;007;▒. Д░еново;23707;00
2626;008;▒. Д░║м╕а;23844;00
2626;009;г░. Ко▒▓инб░од;38978;00
2626;010;▒. Опи╢ве▓;53607;00
2626;011;▒. Пе▓║░╖;56215;00
2626;012;▒. Поно░;57529;00
2626;013;▒. Ца░и╖ина;78197;00
2626;014;▒. Чибаов╢и;81356;00
2634;001;▒. Вид░а░е;11020;00
2634;002;▒. Дж│░ово;20897;00
2634;003;▒. Кал│ге░ово;35585;00
2634;004;▒. Мана▒ел▒ка ░ека;46961;00
2634;005;▒. О▒икови╢а;54170;00
2634;006;▒. О▒иков▒ка Л║кави╢а;54211;00
2634;007;г░. П░аве╢;58030;00
2634;008;▒. П░аве╕ка Л║кави╢а;58044;00
2634;009;▒. Равни╣е;61189;00
2634;010;▒. Разлив;61807;00
2634;011;▒. Своде;65872;00
2639;001;▒. Алино;00391;00
2639;002;▒. Бели И▒к║░;03441;00
2639;003;▒. Бел╖ин;03767;00
2639;005;к.▒. Бо░ове╢;;00
2639;006;▒. Говеда░╢и;15285;00
2639;007;▒. Го░ни Окол;16599;00
2639;009;▒. Г│╢ал;18201;00
2639;010;▒. Долни Окол;22469;00
2639;011;▒. До▒пей;23039;00
2639;012;▒. Д░аг│╕иново;23491;00
2639;013;▒. Злок│╖ене;31228;00
2639;014;▒. Кли▒│░а;37294;00
2639;016;▒. Кова╖ев╢и;37527;00
2639;017;▒. Маджа░е;46067;00
2639;018;▒. Мала ╢║░ква;46276;00
2639;019;▒. Ма░и╢а;47264;00
2639;020;▒. Ново ▒ело;52249;00
2639;021;▒. Попов┐не;57697;00
2639;022;▒. П░оданов╢и;58548;00
2639;023;▒. Рад│ил;61604;00
2639;025;▒. Райово;61922;00
2639;026;▒. Рел╝ово;62486;00
2639;027;г░. Самоков;65231;00
2639;029;▒. Шипо╖ане;83243;00
2639;030;▒. Ши░оки дол;83291;00
2639;031;▒. Я░лово;87552;00
2643;001;▒. Бак╝ово;02289;00
2643;002;▒. Ба▓│ли┐;02899;00
2643;003;▒. Бов;04546;00
2643;004;га░а Бов;14461;00
2643;005;▒. Б░езе;06272;00
2643;006;▒. Б░езовдол;06327;00
2643;007;▒. Б│кове╢;06985;00
2643;008;▒. Владо Т░и╖ков;11510;00
2643;009;▒. Габ░овни╢а;14194;00
2643;010;▒. Г│би▒лав;18040;00
2643;013;▒. Доб║░╖ин;21751;00
2643;014;▒. Д░│жево;23798;00
2643;015;▒. Еленов дол;27228;00
2643;016;га░а Лака▓ник;14475;00
2643;018;▒. Желен;29163;00
2643;019;▒. Завидов╢и;30082;00
2643;021;▒. Заноге;30329;00
2643;022;▒. За▒еле;30350;00
2643;023;▒. Зимеви╢а;30847;00
2643;024;▒. И▒к░е╢;32843;00
2643;026;▒. Лака▓ник;43092;00
2643;027;▒. Ле▒ковдол;43390;00
2643;028;▒. Л│ково;44330;00
2643;029;▒. Миланово;48129;00
2643;030;▒. Ого┐;53374;00
2643;031;▒. Опле▓н┐;53610;00
2643;032;▒. О▒еновлаг;54122;00
2643;033;▒. Реб░ово;62387;00
2643;034;▒. Редина;62414;00
2643;035;▒. Свидн┐;65663;00
2643;036;г░. Своге;65869;00
2643;037;▒. Томп▒║н;72655;00
2643;038;▒. Це░е╢ел;78402;00
2643;039;▒. Це░ово;78481;00
2643;040;▒. Яблани╢а;87028;00
2645;001;▒. Алдоми░ов╢и;00223;00
2645;003;м. Ба╡алин;02926;00
2645;004;▒. Б░а▓│╕ково;06175;00
2645;005;▒. Б║░ложни╢а;07541;00
2645;006;▒. Г│░г│л┐▓;18133;00
2645;007;▒. Г║л║бов╢и;18294;00
2645;008;▒. Д░аго▓ин╢и;23474;00
2645;011;▒. Изво░;32411;00
2645;012;м. Пи╣ане;56558;00
2645;013;▒. Повали░║ж;56914;00
2645;014;▒. Рад│лов╢и;61621;00
2645;015;▒. Раки▓а;61964;00
2645;016;г░. Сливни╢а;67372;00
2647;001;▒. Ка░лиево;36484;00
2647;002;г░. Зла▓и╢а;31044;00
2647;003;▒. Ц║░кви╣е;78669;00
2647;004;▒. Пе▓░и╖;56137;00
2647;005;м. Бод┐▓;;00
2654;001;▒. Ан▓он;00504;00
2655;001;▒. Д│╕ан╢и;24164;00
2655;002;г░. Пи░доп;56407;00
2656;001;▒. Бенков▒ки;03842;00
2656;002;▒. Б│ново;07051;00
2656;003;▒. Камени╢а;35821;00
2656;004;▒. Ми░ково;48324;00
2656;005;▒. Смол▒ко;67636;00
2657;001;▒. Чавда░;80011;00
2658;001;▒. Челопе╖;80323;00
2659;001;г░. Долна бан┐;22006;00
[END]

[SEC]
26;0600;001;6;001
26;0600;002;6;001
26;0600;003;6;001
26;0600;004;6;001
26;0600;005;6;001
26;0600;006;6;009
26;0600;007;6;011
26;0600;008;6;012
26;0600;009;6;002
26;0600;010;6;008
26;0600;011;6;010
26;0600;012;6;006
26;0700;001;6;002
26;0700;002;6;002
26;0700;003;6;002
26;0700;004;6;002
26;0700;005;6;002
26;0700;006;6;002
26;0700;007;6;002
26;0700;008;6;002
26;0700;009;6;002
26;0700;010;6;002
26;0700;011;6;002
26;0700;012;6;002
26;0700;013;6;002
26;0700;014;6;002
26;0700;015;6;002
26;0700;016;6;002
26;0700;017;6;002
26;0700;018;6;002
26;0700;019;6;002
26;0700;020;6;002
26;0700;021;6;002
26;0700;022;6;002
26;0700;023;6;002
26;0700;024;6;011
26;0700;025;6;013
26;0700;026;6;013
26;0700;027;6;013
26;0700;028;6;013
26;0700;029;6;012
26;0700;030;6;012
26;0700;031;6;009
26;0700;032;6;009
26;0700;033;6;001
26;0700;034;6;007
26;0700;035;6;005
26;0700;036;6;008
26;0700;037;6;008
26;0700;038;6;004
26;0700;039;6;006
26;0700;040;6;010
26;0700;041;6;003
26;0700;042;6;003
26;0700;043;6;003
26;0700;044;6;003
26;0900;001;6;008
26;0900;002;6;008
26;0900;003;6;008
26;0900;004;6;008
26;0900;005;6;008
26;0900;006;6;008
26;0900;007;6;008
26;0900;008;6;008
26;0900;009;6;008
26;0900;010;6;007
26;0900;011;6;001
26;0900;012;6;012
26;0900;013;6;018
26;0900;014;6;004
26;0900;015;6;005
26;0900;016;6;019
26;0900;017;6;009
26;0900;018;6;016
26;0900;019;6;020
26;0900;020;6;015
26;0900;021;6;010
26;0900;022;6;014
26;0900;023;6;011
26;0900;024;6;006
26;0900;025;6;013
26;0900;026;6;021
26;1000;001;6;005
26;1000;002;6;005
26;1000;003;6;003
26;1000;004;6;002
26;1000;005;6;007
26;1000;006;6;001
26;1000;007;6;004
26;1000;008;6;010
26;1000;009;6;011
26;1000;010;6;012
26;1000;011;6;014
26;1000;012;6;009
26;1000;013;6;008
26;1000;014;6;013
26;1000;015;6;006
26;1600;001;6;019
26;1600;002;6;019
26;1600;003;6;019
26;1600;004;6;019
26;1600;005;6;019
26;1600;006;6;039
26;1600;007;6;018
26;1600;008;6;032
26;1600;009;6;025
26;1600;010;6;007
26;1600;011;6;033
26;1600;012;6;027
26;1600;013;6;003
26;1600;014;6;036
26;1600;015;6;020
26;1600;016;6;020
26;1600;017;6;002
26;1600;018;6;026
26;1600;019;6;038
26;1600;020;6;006
26;1600;021;6;004
26;1600;022;6;030
26;1600;023;6;005
26;1600;024;6;023
26;1600;025;6;012
26;1600;026;6;034
26;1600;027;6;035
26;1600;028;6;041
26;1700;001;6;009
26;1700;003;6;009
26;1700;004;6;009
26;1700;005;6;009
26;1700;006;6;009
26;1700;007;6;009
26;1700;008;6;009
26;1700;010;6;007
26;1700;011;6;007
26;1700;012;6;007
26;1700;013;6;007
26;1700;014;6;014
26;1700;015;6;014
26;1700;016;6;002
26;1700;017;6;002
26;1700;018;6;011
26;1700;019;6;018
26;1700;020;6;018
26;1700;021;6;013
26;1700;022;6;004
26;1700;023;6;019
26;1700;024;6;006
26;1700;025;6;017
26;1700;026;6;020
26;1700;027;6;016
26;1700;028;6;012
26;1700;029;6;012
26;1700;030;6;005
26;1700;031;6;015
26;1700;032;6;010
26;1700;033;6;001
26;1700;034;6;003
26;1800;001;6;004
26;1800;002;6;004
26;1800;003;6;004
26;1800;004;6;004
26;1800;005;6;004
26;1800;006;6;004
26;1800;007;6;004
26;1800;008;6;004
26;1800;009;6;004
26;1800;010;6;004
26;1800;011;6;004
26;1800;012;6;004
26;1800;013;6;004
26;1800;014;6;004
26;1800;015;6;004
26;1800;017;6;001
26;1800;018;6;002
26;1800;019;6;005
26;1800;020;6;006
26;1800;021;6;007
26;1800;022;6;008
26;1800;023;6;009
26;1800;024;6;010
26;1800;025;6;010
26;2000;001;6;016
26;2000;002;6;016
26;2000;003;6;016
26;2000;004;6;016
26;2000;005;6;016
26;2000;006;6;016
26;2000;007;6;016
26;2000;008;6;016
26;2000;009;6;016
26;2000;010;6;016
26;2000;011;6;016
26;2000;012;6;016
26;2000;013;6;020
26;2000;014;6;030
26;2000;015;6;059
26;2000;016;6;029
26;2000;017;6;011
26;2000;018;6;006
26;2000;019;6;015
26;2000;020;6;014
26;2000;021;6;007
26;2000;022;6;023
26;2000;023;6;019
26;2000;024;6;010
26;2000;025;6;010
26;2000;026;6;010
26;2000;027;6;009
26;2000;028;6;058
26;2000;029;6;005
26;2000;030;6;022
26;2400;001;6;001
26;2400;002;6;001
26;2400;003;6;001
26;2500;001;6;004
26;2500;002;6;004
26;2500;003;6;004
26;2500;004;6;004
26;2500;005;6;004
26;2500;006;6;004
26;2500;007;6;004
26;2500;008;6;004
26;2500;009;6;004
26;2500;010;6;004
26;2500;011;6;004
26;2500;012;6;004
26;2500;013;6;004
26;2500;014;6;004
26;2500;015;6;005
26;2500;016;6;005
26;2500;017;6;005
26;2500;018;6;005
26;2500;019;6;005
26;2500;020;6;002
26;2500;021;6;008
26;2500;022;6;006
26;2500;023;6;006
26;2500;024;6;007
26;2600;001;6;009
26;2600;002;6;009
26;2600;003;6;009
26;2600;004;6;009
26;2600;005;6;009
26;2600;006;6;009
26;2600;007;6;009
26;2600;008;6;009
26;2600;009;6;009
26;2600;010;6;009
26;2600;011;6;009
26;2600;012;6;009
26;2600;013;6;006
26;2600;014;6;004
26;2600;015;6;008
26;2600;016;6;007
26;2600;017;6;005
26;2600;018;6;014
26;2600;019;6;013
26;2600;020;6;011
26;2600;021;6;011
26;2600;022;6;010
26;2600;023;6;001
26;2600;024;6;002
26;2600;025;6;003
26;2600;026;6;012
26;3400;001;6;007
26;3400;002;6;007
26;3400;003;6;007
26;3400;004;6;007
26;3400;005;6;007
26;3400;006;6;010
26;3400;007;6;006
26;3400;008;6;008
26;3400;009;6;003
26;3400;010;6;011
26;3400;011;6;002
26;3400;012;6;004
26;3400;013;6;005
26;3400;014;6;001
26;3400;015;6;009
26;3900;001;6;027
26;3900;002;6;027
26;3900;003;6;027
26;3900;004;6;027
26;3900;005;6;027
26;3900;006;6;027
26;3900;007;6;027
26;3900;008;6;027
26;3900;009;6;027
26;3900;010;6;027
26;3900;011;6;027
26;3900;012;6;027
26;3900;013;6;027
26;3900;014;6;027
26;3900;015;6;027
26;3900;016;6;027
26;3900;017;6;027
26;3900;018;6;027
26;3900;019;6;027
26;3900;020;6;027
26;3900;021;6;027
26;3900;022;6;005
26;3900;023;6;027
26;3900;024;6;027
26;3900;025;6;027
26;3900;026;6;027
26;3900;027;6;027
26;3900;028;6;027
26;3900;029;6;027
26;3900;030;6;027
26;3900;031;6;027
26;3900;032;6;027
26;3900;033;6;027
26;3900;034;6;027
26;3900;035;6;027
26;3900;036;6;012
26;3900;037;6;029
26;3900;038;6;020
26;3900;039;6;013
26;3900;040;6;007
26;3900;041;6;010
26;3900;042;6;030
26;3900;043;6;030
26;3900;044;6;031
26;3900;045;6;016
26;3900;046;6;021
26;3900;047;6;001
26;3900;048;6;003
26;3900;049;6;014
26;3900;050;6;026
26;3900;051;6;025
26;3900;052;6;025
26;3900;053;6;022
26;3900;054;6;011
26;3900;055;6;006
26;3900;056;6;006
26;3900;057;6;017
26;3900;058;6;018
26;3900;059;6;002
26;3900;060;6;023
26;3900;061;6;023
26;3900;062;6;019
26;3900;063;6;009
26;3900;064;6;027
26;3900;065;6;027
26;4300;001;6;036
26;4300;002;6;036
26;4300;003;6;036
26;4300;004;6;036
26;4300;005;6;036
26;4300;006;6;036
26;4300;007;6;036
26;4300;008;6;036
26;4300;009;6;036
26;4300;010;6;036
26;4300;011;6;036
26;4300;013;6;002
26;4300;014;6;003
26;4300;016;6;005
26;4300;017;6;006
26;4300;018;6;007
26;4300;019;6;008
26;4300;020;6;008
26;4300;021;6;009
26;4300;022;6;004
26;4300;023;6;004
26;4300;024;6;016
26;4300;025;6;016
26;4300;026;6;010
26;4300;028;6;013
26;4300;029;6;014
26;4300;030;6;015
26;4300;031;6;018
26;4300;032;6;019
26;4300;033;6;021
26;4300;034;6;022
26;4300;035;6;023
26;4300;036;6;024
26;4300;037;6;024
26;4300;038;6;024
26;4300;039;6;024
26;4300;040;6;026
26;4300;041;6;027
26;4300;042;6;028
26;4300;043;6;029
26;4300;044;6;030
26;4300;045;6;001
26;4300;046;6;031
26;4300;047;6;032
26;4300;048;6;033
26;4300;049;6;033
26;4300;050;6;034
26;4300;051;6;035
26;4300;052;6;035
26;4300;053;6;037
26;4300;054;6;037
26;4300;055;6;038
26;4300;056;6;039
26;4300;057;6;039
26;4300;058;6;039
26;4300;059;6;040
26;4500;001;6;015
26;4500;002;6;006
26;4500;003;6;007
26;4500;004;6;016
26;4500;005;6;016
26;4500;006;6;016
26;4500;007;6;016
26;4500;009;6;016
26;4500;010;6;016
26;4500;011;6;016
26;4500;012;6;016
26;4500;013;6;016
26;4500;014;6;001
26;4500;015;6;001
26;4500;016;6;004
26;4500;017;6;014
26;4500;018;6;005
26;4500;019;6;011+003
26;4500;020;6;008+012+013
26;4700;001;6;002
26;4700;002;6;002
26;4700;003;6;002
26;4700;004;6;002
26;4700;005;6;002
26;4700;006;6;002
26;4700;007;6;002
26;4700;008;6;003
26;4700;009;6;001
26;4700;010;6;004
26;4700;011;6;004+005
26;5400;001;6;001
26;5400;002;6;001
26;5500;001;6;002
26;5500;002;6;002
26;5500;003;6;002
26;5500;004;6;002
26;5500;005;6;002
26;5500;006;6;002
26;5500;007;6;002
26;5500;008;6;002
26;5500;009;6;002
26;5500;010;6;002
26;5500;011;6;002
26;5500;012;6;001
26;5500;013;6;002
26;5600;001;6;004
26;5600;002;6;004
26;5600;003;6;005
26;5600;004;6;002
26;5600;005;6;003
26;5600;006;6;001
26;5700;001;6;001
26;5700;002;6;001
26;5800;001;6;001
26;5800;002;6;001
26;5900;001;6;001
26;5900;002;6;001
26;5900;003;6;001
26;5900;004;6;001
26;5900;005;6;001
[END]

[MAJ]
26;6;   ;02;;;Пе▓║░ С▓е┤анов С▓о┐нов и Нели Пе▓░ова К│╢кова;, ;ПСС+НПК;53563;0;1
26;6;   ;05;;;Гео░ги Седе┤╖ов П║░ванов и Ангел Иванов Ма░ин;, ;ГСП+АИМ;72328;1;2
[END]

[PROP]
[END]

[LISTI]
[END]

[PROT]
6;26;0600;001;835+1+472+472+1+0+1+15+471;263+208
6;26;0600;002;885+1+444+444+0+0+0+17+444;264+180
6;26;0600;003;868+0+474+474+4+0+4+16+470;214+256
6;26;0600;004;961+1+563+563+0+0+0+19+563;243+320
6;26;0600;005;852+1+451+451+1+0+1+17+450;198+252
6;26;0600;006;477+4+315+315+0+0+0+0+315;175+140
6;26;0600;007;416+4+254+254+0+0+0+10+254;113+141
6;26;0600;008;504+3+353+353+0+1+1+20+352;173+179
6;26;0600;009;237+4+146+146+1+0+1+11+145;75+70
6;26;0600;010;217+1+138+138+0+0+0+0+138;74+64
6;26;0600;011;44+2+24+24+0+0+0+0+24;5+19
6;26;0600;012;121+1+69+69+0+0+0+0+69;25+44
6;26;0700;001;650+1+376+376+0+0+0+6+376;187+189
6;26;0700;002;772+0+399+399+2+0+2+4+397;200+197
6;26;0700;003;984+0+513+513+1+0+1+7+512;256+256
6;26;0700;004;950+1+510+510+2+0+2+0+508;258+250
6;26;0700;005;746+2+351+351+1+0+1+6+350;152+198
6;26;0700;006;899+1+549+549+0+0+0+13+549;277+272
6;26;0700;007;971+1+575+575+0+0+0+16+575;269+306
6;26;0700;008;915+0+434+434+1+0+1+0+433;201+232
6;26;0700;009;805+0+446+446+1+0+1+5+445;246+199
6;26;0700;010;733+3+428+428+1+0+1+4+427;207+220
6;26;0700;011;981+2+565+565+0+0+0+16+565;294+271
6;26;0700;012;977+3+451+451+1+0+1+7+450;189+261
6;26;0700;013;931+0+530+530+0+0+0+7+530;185+345
6;26;0700;014;663+1+337+337+0+2+2+9+335;153+182
6;26;0700;015;1002+2+361+361+1+0+1+0+360;95+265
6;26;0700;016;940+2+416+416+0+0+0+5+416;206+210
6;26;0700;017;1012+0+554+554+1+0+1+10+553;284+269
6;26;0700;018;974+5+551+551+0+0+1+0+550;286+264
6;26;0700;019;815+1+333+333+0+1+1+3+332;138+194
6;26;0700;020;511+1+271+271+0+0+0+7+271;122+149
6;26;0700;021;901+0+471+471+0+0+0+11+471;254+217
6;26;0700;022;593+1+284+284+1+0+1+0+283;143+140
6;26;0700;023;30+1+19+19+0+0+0+0+19;10+9
6;26;0700;024;213+5+159+159+0+1+1+11+158;44+114
6;26;0700;025;785+1+461+461+2+1+3+10+458;161+297
6;26;0700;026;749+0+455+455+1+1+2+11+453;149+304
6;26;0700;027;513+2+338+338+0+1+1+7+337;122+215
6;26;0700;028;728+0+374+374+0+0+0+5+374;195+179
6;26;0700;029;759+5+397+397+1+0+1+14+396;183+213
6;26;0700;030;760+4+520+520+0+0+0+16+520;235+285
6;26;0700;031;605+5+387+387+2+0+2+0+385;148+237
6;26;0700;032;450+2+266+266+0+0+0+7+266;98+168
6;26;0700;033;182+34+135+135+0+0+0+0+135;47+88
6;26;0700;034;210+16+156+156+0+0+0+13+156;43+113
6;26;0700;035;85+4+61+61+0+0+0+0+61;20+41
6;26;0700;036;792+2+496+496+0+0+0+13+496;164+332
6;26;0700;037;650+5+390+390+0+0+0+5+390;133+257
6;26;0700;038;266+9+183+183+0+0+0+5+183;86+97
6;26;0700;039;126+2+78+78+0+0+0+3+78;25+53
6;26;0700;040;187+8+137+137+2+1+3+0+134;47+87
6;26;0700;041;671+3+326+326+0+0+0+0+326;171+155
6;26;0700;042;848+1+450+450+0+0+0+10+450;171+279
6;26;0700;043;923+1+458+458+0+0+0+0+458;223+235
6;26;0700;044;550+0+281+281+0+0+0+0+281;119+162
6;26;0900;001;676+5+391+391+1+1+2+26+389;149+240
6;26;0900;002;687+1+387+387+1+2+3+0+384;149+235
6;26;0900;003;747+4+450+450+0+1+1+17+449;142+307
6;26;0900;004;616+1+404+404+1+2+3+17+401;134+267
6;26;0900;005;70+5+59+59+0+0+0+3+59;16+43
6;26;0900;006;110+5+79+79+1+0+1+1+78;18+60
6;26;0900;007;543+3+292+292+1+0+1+0+291;95+196
6;26;0900;008;32+4+27+27+0+0+0+0+27;8+19
6;26;0900;009;606+6+369+369+0+0+0+16+369;144+225
6;26;0900;010;297+3+219+219+0+0+0+0+219;67+152
6;26;0900;011;103+5+97+97+0+0+0+0+97;36+61
6;26;0900;012;105+2+61+61+0+1+1+5+60;24+36
6;26;0900;013;43+4+27+27+0+0+0+0+27;6+21
6;26;0900;014;44+2+31+31+0+0+0+0+31;4+27
6;26;0900;015;37+4+26+26+0+0+0+0+26;6+20
6;26;0900;016;35+3+34+34+0+0+0+4+34;12+22
6;26;0900;017;103+5+70+70+1+0+1+0+69;29+40
6;26;0900;018;44+5+33+33+0+0+0+1+33;21+12
6;26;0900;019;77+6+54+54+0+0+0+0+54;18+36
6;26;0900;020;26+3+20+20+0+0+0+0+20;4+16
6;26;0900;021;61+6+53+53+0+0+0+0+53;13+40
6;26;0900;022;48+4+41+41+0+0+0+1+41;20+21
6;26;0900;023;42+3+28+28+0+0+0+0+28;19+9
6;26;0900;024;31+3+27+27+0+0+0+0+27;7+20
6;26;0900;025;25+2+18+18+0+0+0+0+18;6+12
6;26;0900;026;191+5+133+133+1+0+1+0+132;14+118
6;26;1000;001;626+0+367+367+1+1+2+30+365;191+174
6;26;1000;002;759+1+399+399+0+0+0+12+399;204+195
6;26;1000;003;446+1+265+265+1+0+1+0+264;117+147
6;26;1000;004;278+1+169+169+1+0+1+7+168;81+87
6;26;1000;005;324+2+200+200+1+0+1+10+199;113+86
6;26;1000;006;831+2+486+486+0+0+0+28+486;197+289
6;26;1000;007;174+3+118+118+0+0+0+0+118;53+65
6;26;1000;008;154+0+107+107+0+0+0+6+107;49+58
6;26;1000;009;262+11+173+173+0+0+0+0+173;84+89
6;26;1000;010;202+4+150+150+1+1+2+5+148;61+87
6;26;1000;011;350+0+246+246+0+1+1+14+245;112+133
6;26;1000;012;127+1+128+128+0+0+0+2+128;61+67
6;26;1000;013;559+0+310+310+2+0+2+5+308;138+170
6;26;1000;014;336+2+217+217+0+0+0+0+217;92+125
6;26;1000;015;191+0+135+135+0+0+0+0+135;42+93
6;26;1600;001;530+7+303+303+1+1+2+4+301;112+189
6;26;1600;002;732+6+407+407+0+1+1+12+406;133+273
6;26;1600;003;443+7+254+254+0+2+2+7+252;91+161
6;26;1600;004;870+9+477+477+1+0+1+0+476;144+332
6;26;1600;005;394+4+257+257+0+0+0+11+257;73+184
6;26;1600;006;47+5+30+30+0+0+0+0+30;11+19
6;26;1600;007;66+11+51+51+0+0+0+2+51;20+31
6;26;1600;008;53+6+48+48+1+0+1+0+47;25+22
6;26;1600;009;26+7+14+14+0+0+0+0+14;8+6
6;26;1600;010;190+4+149+149+0+2+2+7+147;60+87
6;26;1600;011;64+1+51+51+0+0+0+2+51;22+29
6;26;1600;012;62+8+46+46+3+0+3+0+43;19+24
6;26;1600;013;112+4+69+69+0+0+0+2+69;25+44
6;26;1600;014;88+4+71+71+0+0+0+1+71;20+51
6;26;1600;015;154+6+110+110+0+0+0+0+110;51+59
6;26;1600;016;136+5+94+94+0+0+0+5+94;16+78
6;26;1600;017;56+7+42+42+0+0+0+0+42;16+26
6;26;1600;018;34+6+16+16+0+0+0+0+16;10+6
6;26;1600;019;48+5+40+40+0+0+0+0+40;10+30
6;26;1600;020;514+6+328+328+0+1+1+0+327;123+204
6;26;1600;021;38+7+45+45+0+0+0+3+45;22+23
6;26;1600;022;139+4+87+87+0+0+0+0+87;25+62
6;26;1600;023;75+5+48+48+0+0+0+0+48;19+29
6;26;1600;024;70+6+53+53+0+0+0+0+53;22+31
6;26;1600;025;42+14+44+44+0+0+0+1+44;6+38
6;26;1600;026;33+11+31+31+0+0+0+0+31;13+18
6;26;1600;027;176+7+108+108+0+0+0+6+108;45+63
6;26;1600;028;95+5+81+81+1+0+1+0+80;43+37
6;26;1700;001;713+0+363+363+0+0+0+15+363;161+202
6;26;1700;003;617+2+366+366+2+0+2+0+364;211+153
6;26;1700;004;793+1+410+410+0+0+0+15+410;206+204
6;26;1700;005;990+0+493+493+3+0+3+17+490;232+258
6;26;1700;006;1090+1+545+545+1+0+1+16+544;295+249
6;26;1700;007;913+0+423+423+1+0+1+21+422;202+220
6;26;1700;008;721+0+371+371+0+0+0+0+371;213+158
6;26;1700;010;931+2+521+521+0+0+0+2+521;231+290
6;26;1700;011;847+0+464+464+0+0+0+16+464;227+237
6;26;1700;012;806+1+364+364+0+0+0+3+364;201+163
6;26;1700;013;603+1+341+341+1+0+1+0+340;172+168
6;26;1700;014;1012+6+533+533+0+0+0+12+533;316+217
6;26;1700;015;912+0+479+479+1+0+1+2+478;285+193
6;26;1700;016;625+2+380+380+0+0+0+19+380;148+232
6;26;1700;017;467+2+287+287+0+2+2+0+285;139+146
6;26;1700;018;39+3+22+22+0+0+0+0+22;12+10
6;26;1700;019;551+1+311+311+0+1+1+10+310;148+162
6;26;1700;020;656+4+290+290+0+0+0+6+290;146+144
6;26;1700;021;1083+6+553+553+0+2+2+12+551;307+244
6;26;1700;022;384+5+240+240+0+0+0+0+240;84+156
6;26;1700;023;625+3+345+345+2+0+2+14+343;167+176
6;26;1700;024;392+4+221+221+1+0+1+8+220;81+139
6;26;1700;025;43+0+23+23+0+0+0+0+23;4+19
6;26;1700;026;308+5+201+201+0+2+2+0+199;52+147
6;26;1700;027;667+5+398+398+0+0+0+18+398;186+212
6;26;1700;028;789+3+459+459+0+0+0+11+459;109+350
6;26;1700;029;640+0+359+359+1+1+2+7+357;109+248
6;26;1700;030;565+0+311+311+0+0+0+10+311;139+172
6;26;1700;031;161+8+126+126+0+0+0+2+126;60+66
6;26;1700;032;102+1+63+63+1+0+1+0+62;24+38
6;26;1700;033;50+3+40+40+0+0+0+1+40;18+22
6;26;1700;034;428+1+226+226+0+1+1+13+225;112+113
6;26;1800;001;259+0+159+159+0+0+0+6+159;33+126
6;26;1800;002;563+0+288+288+1+0+1+6+287;141+146
6;26;1800;003;688+0+334+334+0+0+0+8+334;177+157
6;26;1800;004;704+2+368+368+0+1+1+2+367;164+203
6;26;1800;005;640+0+342+342+1+0+1+16+341;112+229
6;26;1800;006;739+0+392+392+2+0+2+12+390;109+281
6;26;1800;007;608+0+319+319+0+0+0+3+319;77+242
6;26;1800;008;758+3+483+483+0+1+1+11+482;183+299
6;26;1800;009;671+0+392+392+1+0+1+16+391;127+264
6;26;1800;010;501+0+305+305+0+0+0+8+305;128+177
6;26;1800;011;726+0+437+437+0+3+3+19+434;158+276
6;26;1800;012;669+0+342+342+0+1+1+12+341;143+198
6;26;1800;013;682+0+310+310+0+0+0+12+310;122+188
6;26;1800;014;791+1+403+403+2+0+2+9+401;140+261
6;26;1800;015;481+1+273+273+0+1+1+10+272;94+178
6;26;1800;017;149+6+106+106+0+0+0+5+106;23+83
6;26;1800;018;248+4+196+196+0+1+1+6+195;29+166
6;26;1800;019;538+0+417+417+1+0+1+11+416;122+294
6;26;1800;020;207+6+154+154+0+0+0+11+154;52+102
6;26;1800;021;280+2+203+203+0+1+1+14+202;59+143
6;26;1800;022;44+3+33+33+0+0+0+0+33;9+24
6;26;1800;023;213+4+128+128+0+2+2+3+126;21+105
6;26;1800;024;97+3+86+86+0+0+0+0+86;25+61
6;26;1800;025;173+3+122+122+0+0+0+8+122;19+103
6;26;2000;001;1152+0+682+682+0+0+0+11+682;223+459
6;26;2000;002;917+0+547+547+0+1+1+24+546;289+257
6;26;2000;003;596+0+320+320+0+2+2+15+318;156+162
6;26;2000;004;958+0+495+495+0+1+1+0+494;242+252
6;26;2000;005;1168+0+625+625+1+1+2+21+623;296+327
6;26;2000;006;1026+0+501+501+1+3+4+9+497;252+245
6;26;2000;007;999+0+505+505+1+0+1+29+504;262+242
6;26;2000;008;694+1+416+416+2+0+2+28+414;189+225
6;26;2000;009;972+0+550+550+1+0+1+21+549;260+289
6;26;2000;010;58+1+23+23+0+0+0+0+23;13+10
6;26;2000;011;728+0+477+477+0+0+0+0+477;45+432
6;26;2000;012;1258+0+847+847+1+0+1+33+846;117+729
6;26;2000;013;215+8+130+130+1+1+2+3+128;49+79
6;26;2000;014;494+6+333+333+0+0+0+11+333;172+161
6;26;2000;015;320+3+222+222+0+0+0+3+222;108+114
6;26;2000;016;163+2+116+116+0+0+0+0+116;36+80
6;26;2000;017;48+5+39+39+1+0+1+0+38;18+20
6;26;2000;018;96+3+62+62+0+0+0+0+62;27+35
6;26;2000;019;452+2+285+285+0+0+0+6+285;127+158
6;26;2000;020;314+0+182+182+0+0+0+0+182;94+88
6;26;2000;021;88+3+72+72+2+0+2+5+70;25+45
6;26;2000;022;44+2+44+44+0+0+0+0+44;22+22
6;26;2000;023;61+5+38+38+0+0+0+0+38;10+28
6;26;2000;024;589+1+287+287+0+0+0+7+287;96+191
6;26;2000;025;404+5+230+230+2+0+2+4+228;87+141
6;26;2000;026;771+0+346+346+0+1+1+9+345;112+233
6;26;2000;027;36+13+30+30+0+0+0+1+30;11+19
6;26;2000;028;32+3+19+19+0+0+0+0+19;10+9
6;26;2000;029;62+3+42+42+0+0+0+1+42;20+22
6;26;2000;030;120+9+90+90+0+0+0+1+90;40+50
6;26;2400;001;544+1+545+545+2+0+2+27+543;207+336
6;26;2400;002;860+1+544+544+3+2+5+17+539;153+386
6;26;2400;003;539+4+328+328+0+0+0+24+328;137+191
6;26;2500;001;821+0+476+476+5+1+6+0+470;240+230
6;26;2500;002;739+0+413+413+0+0+0+20+413;189+224
6;26;2500;003;744+4+414+414+0+0+0+22+414;161+253
6;26;2500;004;525+1+224+224+0+0+0+0+224;99+125
6;26;2500;005;466+0+282+282+0+0+0+20+282;117+165
6;26;2500;006;570+2+334+334+0+0+0+0+334;146+188
6;26;2500;007;758+1+454+454+2+0+2+16+452;167+285
6;26;2500;008;479+5+329+329+0+0+0+13+329;142+187
6;26;2500;009;636+1+354+354+4+0+4+0+350;168+182
6;26;2500;010;743+5+395+395+1+0+1+16+394;178+216
6;26;2500;011;348+0+169+169+0+0+0+0+169;88+81
6;26;2500;012;695+2+436+436+2+1+3+18+433;163+270
6;26;2500;013;588+2+335+335+1+0+1+5+334;159+175
6;26;2500;014;307+9+162+162+0+0+0+1+162;78+84
6;26;2500;015;669+1+372+372+1+5+6+15+366;122+244
6;26;2500;016;694+2+357+357+1+0+1+12+356;117+239
6;26;2500;017;734+0+401+401+1+0+1+14+400;216+184
6;26;2500;018;658+0+380+380+0+0+0+0+380;144+236
6;26;2500;019;682+0+398+398+0+1+1+0+397;145+252
6;26;2500;020;306+2+170+170+0+1+1+0+169;55+114
6;26;2500;021;308+6+204+204+1+0+1+7+203;69+134
6;26;2500;022;51+10+43+43+0+0+0+3+43;14+29
6;26;2500;023;21+5+17+17+0+0+0+0+17;3+14
6;26;2500;024;33+6+30+30+0+0+0+1+30;13+17
6;26;2600;001;607+3+351+351+0+0+0+0+351;197+154
6;26;2600;002;809+1+467+467+0+0+0+23+467;250+217
6;26;2600;003;848+1+446+446+1+0+1+0+445;222+223
6;26;2600;004;868+3+508+508+1+0+1+17+507;256+251
6;26;2600;005;765+1+419+419+0+1+1+9+418;178+240
6;26;2600;006;807+2+436+436+2+0+2+13+434;186+248
6;26;2600;007;761+1+428+428+0+0+0+12+428;201+227
6;26;2600;008;782+1+457+457+2+1+3+14+454;234+220
6;26;2600;009;894+0+447+447+0+1+1+21+446;230+216
6;26;2600;010;872+1+482+482+1+1+2+11+480;218+262
6;26;2600;011;870+1+450+450+0+0+0+19+450;177+273
6;26;2600;012;736+2+439+439+1+1+2+8+437;216+221
6;26;2600;013;840+4+477+477+1+0+1+13+476;199+277
6;26;2600;014;377+0+202+202+0+0+0+1+202;120+82
6;26;2600;015;151+6+116+116+0+0+0+3+116;37+79
6;26;2600;016;30+5+18+18+0+0+0+0+18;10+8
6;26;2600;017;233+4+163+163+0+0+0+8+163;59+104
6;26;2600;018;247+5+166+166+2+1+3+2+163;57+106
6;26;2600;019;43+5+29+29+0+0+0+0+29;16+13
6;26;2600;020;859+0+423+423+0+0+0+10+423;136+287
6;26;2600;021;863+2+451+451+0+0+0+10+451;161+290
6;26;2600;022;320+0+222+222+0+1+1+7+221;103+118
6;26;2600;023;177+2+109+109+0+0+0+0+109;55+54
6;26;2600;024;100+2+74+74+2+0+2+0+72;28+44
6;26;2600;025;115+2+79+79+0+0+0+0+79;40+39
6;26;2600;026;87+6+59+59+0+1+1+1+58;37+21
6;26;3400;001;817+3+561+561+2+1+3+14+558;130+428
6;26;3400;002;527+0+321+321+0+0+0+12+321;73+248
6;26;3400;003;645+1+349+349+0+0+0+4+349;132+217
6;26;3400;004;803+1+406+406+0+2+2+6+404;179+225
6;26;3400;005;671+6+315+315+0+1+1+5+314;122+192
6;26;3400;006;482+2+351+351+0+3+3+9+348;89+259
6;26;3400;007;222+10+179+179+0+0+0+4+179;60+119
6;26;3400;008;55+7+50+50+0+1+1+0+49;11+38
6;26;3400;009;203+11+158+158+0+3+3+4+155;66+89
6;26;3400;010;182+22+167+167+0+0+0+6+167;43+124
6;26;3400;011;733+9+550+550+1+1+2+19+548;174+374
6;26;3400;012;156+4+127+127+1+1+2+2+125;23+102
6;26;3400;013;489+2+337+337+0+3+3+19+334;79+255
6;26;3400;014;392+10+296+296+1+0+1+10+295;62+233
6;26;3400;015;227+6+197+197+0+0+0+7+197;68+129
6;26;3900;001;664+0+282+282+0+0+0+0+282;124+158
6;26;3900;002;462+0+263+263+0+0+0+0+263;112+151
6;26;3900;003;779+0+424+424+2+0+2+0+422;213+209
6;26;3900;004;629+0+334+334+0+0+0+0+334;138+196
6;26;3900;005;673+0+354+354+1+0+1+0+353;142+211
6;26;3900;006;604+0+330+330+2+1+3+9+327;121+206
6;26;3900;007;754+0+483+483+0+0+0+0+483;239+244
6;26;3900;008;848+0+468+468+1+0+1+0+467;230+237
6;26;3900;009;649+0+365+365+0+0+0+0+365;167+198
6;26;3900;010;581+0+341+341+0+0+0+0+341;178+163
6;26;3900;011;535+1+336+336+0+0+0+5+336;176+160
6;26;3900;012;667+0+371+371+0+0+0+0+371;224+147
6;26;3900;013;696+0+385+385+1+1+2+8+383;167+216
6;26;3900;014;777+1+425+425+0+0+0+0+425;217+208
6;26;3900;015;656+0+376+376+0+0+0+0+376;214+162
6;26;3900;016;716+0+395+395+1+0+1+0+394;182+212
6;26;3900;017;625+3+308+308+0+0+0+0+308;179+129
6;26;3900;018;659+0+343+343+0+0+0+0+343;166+177
6;26;3900;019;589+0+348+348+0+0+0+11+348;119+229
6;26;3900;020;637+0+377+377+0+0+0+0+377;202+175
6;26;3900;021;583+0+335+335+0+0+0+0+335;159+176
6;26;3900;022;63+1+26+26+0+0+0+0+26;18+8
6;26;3900;023;508+0+254+254+0+1+1+0+253;105+148
6;26;3900;024;771+0+407+407+0+0+0+0+407;213+194
6;26;3900;025;731+0+323+323+0+0+0+5+323;162+161
6;26;3900;026;899+0+432+432+0+0+0+11+432;234+198
6;26;3900;027;691+0+330+330+0+0+0+0+330;176+154
6;26;3900;028;721+1+340+340+0+0+0+0+340;148+192
6;26;3900;029;718+1+443+443+3+0+3+0+440;210+230
6;26;3900;030;746+1+427+427+1+1+2+0+425;209+216
6;26;3900;031;784+1+414+414+1+0+1+0+413;189+224
6;26;3900;032;635+0+335+335+0+1+1+10+334;82+252
6;26;3900;033;787+2+401+401+0+0+0+0+401;66+335
6;26;3900;034;352+0+352+352+0+0+0+0+352;58+294
6;26;3900;035;748+0+383+383+1+0+1+24+382;113+269
6;26;3900;036;603+0+358+358+0+0+0+0+358;152+206
6;26;3900;037;210+4+154+154+0+0+0+0+154;43+111
6;26;3900;038;124+0+82+82+4+0+4+0+78;29+49
6;26;3900;039;283+2+196+196+0+0+0+0+196;71+125
6;26;3900;040;311+4+177+177+1+0+1+22+176;46+130
6;26;3900;041;178+3+134+134+0+0+0+0+134;33+101
6;26;3900;042;404+0+228+228+0+0+0+0+228;106+122
6;26;3900;043;605+1+348+348+0+0+0+0+348;139+209
6;26;3900;044;504+3+328+328+0+0+0+0+328;113+215
6;26;3900;045;424+7+288+288+0+1+1+11+287;102+185
6;26;3900;046;286+3+205+205+1+0+1+8+204;54+150
6;26;3900;047;407+6+300+300+0+0+0+26+300;145+155
6;26;3900;048;488+3+343+343+1+0+1+10+342;127+215
6;26;3900;049;225+3+142+142+0+0+0+0+142;35+107
6;26;3900;050;366+0+246+246+0+0+0+0+246;73+173
6;26;3900;051;410+0+238+238+1+0+1+0+237;94+143
6;26;3900;052;479+3+251+251+0+0+0+0+251;99+152
6;26;3900;053;483+0+294+294+0+1+1+0+293;127+166
6;26;3900;054;635+0+367+367+0+0+0+0+367;123+244
6;26;3900;055;736+2+474+474+0+3+3+17+471;156+315
6;26;3900;056;614+3+419+419+0+0+0+0+419;162+257
6;26;3900;057;316+0+257+257+2+0+2+9+255;65+190
6;26;3900;058;479+1+321+321+1+0+1+9+320;113+207
6;26;3900;059;659+0+438+438+1+1+2+0+436;225+211
6;26;3900;060;657+5+347+347+0+0+0+0+347;155+192
6;26;3900;061;493+1+286+286+0+0+0+0+286;176+110
6;26;3900;062;593+1+358+358+0+0+0+26+358;162+196
6;26;3900;063;211+2+121+121+0+0+0+0+121;34+87
6;26;3900;064;78+0+60+60+2+0+2+5+58;25+33
6;26;3900;065;53+6+20+20+0+0+0+0+20;10+10
6;26;4300;001;515+1+277+277+0+0+0+0+277;137+140
6;26;4300;002;684+0+353+353+0+0+0+0+353;152+201
6;26;4300;003;660+1+323+323+1+0+1+0+322;160+162
6;26;4300;004;725+1+421+421+1+0+1+0+420;227+193
6;26;4300;005;545+0+306+306+0+0+0+5+306;198+108
6;26;4300;006;670+2+378+378+1+0+1+8+377;209+168
6;26;4300;007;635+0+363+363+0+1+1+0+362;183+179
6;26;4300;008;881+1+370+370+0+1+1+15+369;207+162
6;26;4300;009;622+0+342+342+0+0+0+18+342;206+136
6;26;4300;010;676+1+342+342+0+0+0+8+342;183+159
6;26;4300;011;488+1+230+230+1+0+1+4+229;123+106
6;26;4300;013;136+0+97+97+1+0+1+3+96;38+58
6;26;4300;014;159+4+93+93+0+2+2+0+91;24+67
6;26;4300;016;297+2+171+171+1+0+1+4+170;87+83
6;26;4300;017;36+1+22+22+0+0+0+0+22;11+11
6;26;4300;018;56+5+33+33+0+0+0+0+33;13+20
6;26;4300;019;615+0+345+345+0+0+0+10+345;205+140
6;26;4300;020;530+1+262+262+1+0+1+0+261;156+105
6;26;4300;021;255+4+133+133+0+0+0+3+133;40+93
6;26;4300;022;766+1+420+420+0+1+1+11+419;172+247
6;26;4300;023;217+1+129+129+0+0+0+3+129;75+54
6;26;4300;024;562+1+316+316+4+0+4+0+312;103+209
6;26;4300;025;619+1+384+384+0+0+0+5+384;168+216
6;26;4300;026;119+4+77+77+1+0+1+0+76;22+54
6;26;4300;028;63+1+30+30+0+0+0+0+30;4+26
6;26;4300;029;265+5+175+175+0+1+1+0+174;56+118
6;26;4300;030;116+2+75+75+1+0+1+0+74;13+61
6;26;4300;031;225+9+129+129+0+0+0+0+129;52+77
6;26;4300;032;40+3+33+33+0+1+1+0+32;3+29
6;26;4300;033;84+8+55+55+1+0+1+1+54;9+45
6;26;4300;034;158+2+115+115+0+0+0+0+115;46+69
6;26;4300;035;281+0+180+180+0+0+0+0+180;65+115
6;26;4300;036;625+1+308+308+0+0+0+0+308;171+137
6;26;4300;037;654+1+320+320+0+0+0+0+320;155+165
6;26;4300;038;610+0+316+316+0+0+0+0+316;153+163
6;26;4300;039;42+2+35+35+0+0+0+0+35;15+20
6;26;4300;040;186+5+112+112+0+0+0+0+112;28+84
6;26;4300;041;129+7+64+64+0+0+0+2+64;17+47
6;26;4300;042;234+1+155+155+0+0+0+0+155;80+75
6;26;4300;043;566+0+340+340+0+0+0+0+340;52+288
6;26;4300;044;104+10+74+74+0+0+0+0+74;19+55
6;26;4300;045;24+5+20+20+1+0+1+1+19;1+18
6;26;4300;046;111+1+94+94+0+0+0+0+94;16+78
6;26;4300;047;289+2+160+160+0+0+0+0+160;41+119
6;26;4300;048;582+0+367+367+0+0+0+0+367;131+236
6;26;4300;049;280+2+142+142+0+0+0+0+142;79+63
6;26;4300;050;121+0+71+71+0+0+0+0+71;28+43
6;26;4300;051;647+0+368+368+1+0+1+15+367;187+180
6;26;4300;052;232+2+129+129+0+0+0+8+129;65+64
6;26;4300;053;503+3+262+262+0+0+0+0+262;133+129
6;26;4300;054;277+2+137+137+0+0+0+0+137;84+53
6;26;4300;055;47+2+32+32+0+0+0+0+32;24+8
6;26;4300;056;449+2+271+271+0+0+0+5+271;114+157
6;26;4300;057;499+0+272+272+0+0+0+0+272;125+147
6;26;4300;058;588+1+252+252+0+0+0+10+252;129+123
6;26;4300;059;128+0+73+73+0+0+0+0+73;26+47
6;26;4500;001;38+10+38+38+0+0+0+0+38;6+32
6;26;4500;002;48+2+38+38+0+0+0+0+38;7+31
6;26;4500;003;154+5+97+97+0+1+1+7+96;26+70
6;26;4500;004;786+0+400+400+1+0+1+15+399;156+243
6;26;4500;005;851+1+452+452+0+0+0+12+452;166+286
6;26;4500;006;635+0+327+327+0+0+0+4+327;109+218
6;26;4500;007;663+0+383+383+1+0+1+7+382;170+212
6;26;4500;009;932+0+398+398+0+0+0+0+398;230+168
6;26;4500;010;868+1+491+491+0+0+0+11+491;215+276
6;26;4500;011;682+1+394+394+1+0+1+9+393;152+241
6;26;4500;012;831+0+498+498+0+0+0+8+498;161+337
6;26;4500;013;649+1+329+329+2+0+2+7+327;133+194
6;26;4500;014;583+1+291+291+1+0+1+8+290;118+172
6;26;4500;015;651+2+343+343+0+0+0+6+343;163+180
6;26;4500;016;42+3+25+25+0+0+0+0+25;7+18
6;26;4500;017;73+3+53+53+0+0+0+0+53;16+37
6;26;4500;018;71+12+65+65+3+1+3+1+62;39+23
6;26;4500;019;148+3+90+90+1+0+1+3+89;40+49
6;26;4500;020;90+3+72+72+0+1+1+4+71;28+43
6;26;4700;001;754+1+416+416+0+0+0+15+416;175+241
6;26;4700;002;487+3+293+293+1+0+1+4+292;114+178
6;26;4700;003;784+2+410+410+1+0+1+16+409;173+236
6;26;4700;004;620+0+340+340+1+0+1+0+339;156+183
6;26;4700;005;620+0+366+366+1+0+1+0+365;159+206
6;26;4700;006;628+1+312+312+0+0+0+0+312;129+183
6;26;4700;007;623+0+324+324+0+0+0+5+324;164+160
6;26;4700;008;233+6+169+169+0+0+0+4+169;75+94
6;26;4700;009;225+1+158+158+2+0+2+5+156;53+103
6;26;4700;010;269+0+200+200+0+0+0+10+200;73+127
6;26;4700;011;34+3+28+28+0+0+0+0+28;9+19
6;26;5400;001;804+2+439+439+0+0+0+18+439;164+275
6;26;5400;002;625+1+353+353+1+1+2+6+351;141+210
6;26;5500;001;579+0+360+360+1+0+1+11+359;186+173
6;26;5500;002;596+0+370+370+1+0+1+9+369;172+197
6;26;5500;003;442+3+261+261+0+0+0+6+261;135+126
6;26;5500;004;650+1+346+346+1+1+2+13+344;161+183
6;26;5500;005;611+0+324+324+0+1+1+0+323;135+188
6;26;5500;006;663+1+356+356+0+0+0+8+356;152+204
6;26;5500;007;739+0+409+409+0+0+0+9+409;198+211
6;26;5500;008;622+0+332+332+1+4+5+6+327;151+176
6;26;5500;009;620+0+306+306+0+1+1+8+305;166+139
6;26;5500;010;770+0+428+428+2+0+2+5+426;228+198
6;26;5500;011;546+0+285+285+1+0+1+10+284;156+128
6;26;5500;012;773+4+540+540+0+0+0+11+540;176+364
6;26;5500;013;20+0+10+10+0+0+0+1+10;8+2
6;26;5600;001;826+0+447+447+0+0+0+6+447;170+277
6;26;5600;002;656+26+378+378+0+0+0+17+378;140+238
6;26;5600;003;392+3+215+215+0+0+0+9+215;101+114
6;26;5600;004;373+4+220+220+1+1+2+4+218;70+148
6;26;5600;005;160+1+97+97+2+1+3+2+94;28+66
6;26;5600;006;141+1+95+95+0+0+0+2+95;31+64
6;26;5700;001;621+0+400+400+0+0+0+13+400;122+278
6;26;5700;002;514+3+287+287+0+0+0+15+287;125+162
6;26;5800;001;842+1+531+531+1+0+1+12+530;177+353
6;26;5800;002;526+2+301+301+0+0+0+12+301;102+199
6;26;5900;001;737+2+365+365+2+0+2+0+363;207+156
6;26;5900;002;719+1+378+378+0+1+1+0+377;167+210
6;26;5900;003;822+0+437+437+1+2+3+13+434;219+215
6;26;5900;004;739+4+381+381+0+1+1+0+380;213+167
6;26;5900;005;747+1+415+415+0+3+3+0+412;220+192
[END]

[AGGR]
26;6;   ;2+460+460+221324+1184+126221+126221+201+129+330+2690+125891;53563+72328
[END]
