[INFO]
27;С▓а░а Заго░а;301
[END]

[IZB]
27;6;   ;;18.11.2001;2;2;486
[END]

[NM]
2704;001;▒. Б░а▓┐ Да▒калови;06183;00
2704;002;▒. Ве░ен;10673;00
2704;003;▒. Гол┐м дол;15744;00
2704;004;▒. Го░но Белево;16691;00
2704;005;▒. Го░но Ново ▒ело;16852;00
2704;006;▒. Г░ани▓;17717;00
2704;007;▒. Долно Ново ▒ело;22736;00
2704;008;▒. Кол╝о Ма░иново;38100;00
2704;009;▒. Малко Д░┐ново;46588;00
2704;010;▒. Мал║к дол;;00
2704;011;▒. Ма░ково;47305;00
2704;012;▒. Медово;47665;00
2704;013;▒. Ми░ово;48372;00
2704;014;▒. Найденово;51072;00
2704;015;▒. Оп║л╖ене╢;53624;00
2704;016;▒. О░изово;53850;00
2704;017;▒. Па░▓изанин;55484;00
2704;018;▒. Плодови▓ово;56811;00
2704;020;▒. П░аво▒лав;58075;00
2704;021;▒. Слав┐нин;67074;00
2704;022;▒. С║единение;70531;00
2704;023;▒. С║░неве╢;70562;00
2704;024;▒. Че░на го░а;80793;00
2707;001;▒. Ап░илово;00552;00
2707;002;▒. Великово;10416;00
2707;003;▒. Главан;14951;00
2707;004;г░. Г║л║бово;18280;00
2707;005;▒. И▒к░и╢а;32857;00
2707;006;▒. Медника░ово;47603;00
2707;007;▒. М│▒а╖ево;49391;00
2707;008;▒. М║д░е╢;49535;00
2707;009;▒. Об░│╖и╣е;53134;00
2707;010;▒. Помо╣ник;57515;00
2707;011;▒. Разделна;61755;00
2712;001;▒. Б│зовг░ад;06848;00
2712;002;▒. Гол┐мо Д░┐ново;15864;00
2712;003;▒. Го░но Изво░ово;16780;00
2712;004;▒. Долно Изво░ово;22633;00
2712;005;▒. Д│нав╢и;24075;00
2712;006;▒. Енина;27499;00
2712;007;г░. Казанл║к;35167;00
2712;008;▒. Коп░инка;38563;00
2712;009;▒. К░║н;40292;00
2712;010;▒. К║н╖ево;40868;00
2712;011;▒. Го░но Че░кови╣е;49076;00
2712;012;▒. Ово╣ник;53179;00
2712;013;▒. Розово;62983;00
2712;014;▒. Р║жена;63570;00
2712;015;▒. С░едного░ово;68446;00
2712;016;▒. Хаджидими▓░ово;77027;00
2712;017;▒. Че░ганово;80532;00
2712;018;▒. Шейново;83106;00
2712;019;г░. Шипка;83199;00
2712;020;▒. Я▒еново;87641;00
2722;001;▒. Бо░│╣и╢а;05671;00
2722;004;▒. Ве▓░ен;10848;00
2722;009;▒. Д║бово;24342;00
2722;014;▒. Зимни╢а;30870;00
2722;019;г░. М║глиж;49494;00
2722;023;▒. Рад│н╢и;61635;00
2722;025;▒. Сел╢е;66103;00
2722;026;▒. Т│лово;73420;00
2722;027;▒. Шаново;83020;00
2722;029;▒. Юлиево;86043;00
2722;030;▒. Ягода;87212;00
2723;001;▒. Ба╣ино;03023;00
2723;002;▒. Б┐л изво░;07750;00
2723;003;▒. Б┐ло поле;07819;00
2723;004;▒. Ва▒ил Лев▒ки;10224;00
2723;005;▒. Вене╢;10639;00
2723;006;▒. К░авино;39222;00
2723;007;▒. Опан;53576;00
2723;008;▒. П║▒▓░ен;59166;00
2723;009;▒. Кн┐жев▒ко;61791;00
2723;010;▒. С░еде╢;68312;00
2723;011;▒. С▓оле▓ово;69434;00
2723;012;▒. Т░аки┐;72970;00
2723;013;▒. Я▒▓░ебово;87713;00
2724;001;▒. Алек▒анд░ово;00309;00
2724;002;▒. А▒ен;00697;00
2724;003;▒. Виден;10954;00
2724;004;▒. Габа░ево;14026;00
2724;005;▒. Го░но Са╡░ане;16924;00
2724;006;▒. Долно Са╡░ане;22808;00
2724;007;▒. Манолово;47101;00
2724;008;▒. О▒е▓еново;54153;00
2724;009;г░. Павел бан┐;55021;00
2724;010;▒. Скобелево;66826;00
2724;011;▒. Т│░и┐;73451;00
2724;012;▒. Т║жа;73540;00
2724;013;▒. Т║░ни╖ене;73688;00
2727;001;▒. Бели б░┐г;03407;00
2727;002;▒. Б║лга░ене;07288;00
2727;003;▒. Гледа╖ево;15062;00
2727;004;▒. Бозд│ганово;17960;00
2727;005;▒. Да▒кал А▓ана▒ово;20153;00
2727;006;▒. Дин┐;21209;00
2727;007;▒. Землен;30795;00
2727;008;▒. Знамено▒е╢;31293;00
2727;009;▒. Кова╖;37455;00
2727;010;▒. Кова╖ево;37507;00
2727;011;▒. Кола░ово;38008;00
2727;012;▒. Кон▒▓ан▓инове╢;38340;00
2727;013;▒. Л╛беново;44540;00
2727;014;▒. Ма╢а;47500;00
2727;016;▒. Пол▒ки Г░аде╢;57323;00
2727;017;г░. Раднево;61460;00
2727;018;▒. Ри▒иманово;62712;00
2727;019;▒. Свободен;65838;00
2727;020;▒. С║░нево;70586;00
2727;021;▒. Ти╡оми░ово;72477;00
2727;022;▒. Топол┐не;72824;00
2727;023;▒. Т░о┐ново;73225;00
2727;024;▒. Т░║нково;73314;00
2731;001;▒. А░на│▓и▓о;00655;00
2731;002;▒. Бенков▒ки;03856;00
2731;003;▒. Богомилово;04738;00
2731;004;▒. Бо░илово;05431;00
2731;005;▒. Бо░ово;05637;00
2731;006;▒. Б░а▓┐ К│н╖еви;06197;00
2731;007;▒. Б║де╣е;07199;00
2731;008;▒. Водени╖а░ово;11675;00
2731;009;▒. Го░но Бо▓ево;16701;00
2731;010;▒. Д║лбоки;24482;00
2731;011;▒. Еленино;27214;00
2731;012;▒. Ел╡ово;27379;00
2731;013;▒. Заго░е;30119;00
2731;014;▒. Змейово;31276;00
2731;015;▒. Казанка;35153;00
2731;016;▒. Кали▓иново;35420;00
2731;017;▒. Кало┐нове╢;35515;00
2731;018;▒. Ки░илово;36899;00
2731;019;▒. Коза░еве╢;37678;00
2731;020;▒. Колена;38039;00
2731;021;▒. Лове╢;43921;00
2731;022;▒. Лозен;;00
2731;023;▒. Л╛л┐к;44687;00
2731;024;▒. Л┐▒ково;44851;00
2731;025;▒. Мадже░и▓о;46098;00
2731;026;▒. Малка Ве░е┐;46417;00
2731;027;▒. Малко Кадиево;46591;00
2731;028;▒. Ми╡айлово;48502;00
2731;029;▒. Могила;48765;00
2731;031;▒. Ново ▒ело;52252;00
2731;032;▒. О░┐╡ови╢а;54016;00
2731;033;▒. О▒▓░а могила;54314;00
2731;034;▒. Пам│к╖ии;55289;00
2731;035;▒. Пе▓░ово;56188;00
2731;036;▒. Пло▒ка могила;56825;00
2731;037;▒. Под▒лон;57073;00
2731;038;▒. П░е▒лавен;58236;00
2731;039;▒. П░┐по░е╢;58743;00
2731;041;▒. П╕ени╖ево;58952;00
2731;042;▒. П║▒▓░ово;59170;00
2731;043;▒. Раки▓ни╢а;61995;00
2731;044;▒. Р│ман┐;63301;00
2731;045;▒. Сам│илово;65317;00
2731;046;▒. Слад║к кладене╢;67154;00
2731;047;▒. Хан А▒па░│╡ово;68730;00
2731;048;г░. С▓а░а Заго░а;68850;00
2731;049;▒. С▓а░озаго░▒ки мине░ални бани;68970;00
2731;050;▒. С▓░еле╢;69794;00
2731;051;▒. С│ли╢а;70202;00
2731;052;▒. Х░и▒▓и┐ново;77431;00
2731;053;▒. Х░и╣ени;77476;00
2736;001;▒. Вина░ово;11082;00
2736;003;▒. Волова░ово;12042;00
2736;004;▒. Ги▓а;14920;00
2736;005;▒. Дими▓░иево;21049;00
2736;006;▒. Д║░жава;24623;00
2736;007;▒. Зе▓╝ово;30819;00
2736;008;▒. Зла▓на ливада;31070;00
2736;009;▒. Изво░ово;32456;00
2736;010;▒. Малко Т░║ново;46658;00
2736;011;▒. Могилово;48831;00
2736;012;▒. О▒ла░ка;54242;00
2736;013;▒. Р│пки▓е;63344;00
2736;014;▒. Свобода;65810;00
2736;015;▒. Спа▒ово;68182;00
2736;016;▒. С░едно Г░ади╣е;68463;00
2736;017;▒. С▓о┐н Заимово;69496;00
2736;018;▒. Целина;78330;00
2736;019;▒. Ценово;78375;00
2736;020;г░. Чи░пан;81414;00
2736;021;▒. Яво░ово;87182;00
2736;022;▒. Язда╖;87254;00
2737;001;г░. Г│░ково;18157;00
2737;002;▒. Димов╢и;21124;00
2737;003;▒. Кона░е;38203;00
2737;004;▒. Л┐ва ░ека;44776;00
2737;005;▒. Пани╖е░ево;22767;00
2737;006;▒. П╖елиново;58894;00
2737;007;▒. Зла▓и░║д;31022;00
2737;008;м. Дво░и╣е;20211;00
2737;009;м. Б░е▒▓ова;06478;00
2737;010;м. Ж║л▓опоп;29595;00
2737;011;м. Же░гове╢;29297;00
2738;001;▒. Ед░ево;27070;00
2738;002;▒. Ел╡ово;48163;00
2738;003;г░. Николаево;51648;00
2738;004;▒. Нова ма╡ала;51888;00
[END]

[SEC]
27;0400;001;6;001
27;0400;002;6;022
27;0400;003;6;004
27;0400;004;6;017
27;0400;005;6;024
27;0400;006;6;024
27;0400;007;6;018
27;0400;008;6;013
27;0400;009;6;015
27;0400;010;6;016
27;0400;011;6;023
27;0400;012;6;006
27;0400;013;6;010
27;0400;014;6;020
27;0400;015;6;002
27;0400;016;6;008
27;0400;017;6;021
27;0400;018;6;012
27;0400;019;6;011
27;0400;020;6;003
27;0400;021;6;014
27;0400;022;6;007
27;0400;023;6;005
27;0400;024;6;009
27;0700;001;6;004
27;0700;002;6;004
27;0700;003;6;004
27;0700;004;6;004
27;0700;005;6;004
27;0700;006;6;004
27;0700;007;6;004
27;0700;008;6;004
27;0700;009;6;004
27;0700;010;6;007
27;0700;011;6;011
27;0700;012;6;002
27;0700;013;6;001
27;0700;014;6;009
27;0700;015;6;009
27;0700;016;6;006
27;0700;017;6;005
27;0700;018;6;008
27;0700;019;6;003
27;0700;020;6;003
27;0700;021;6;010
27;1200;001;6;007
27;1200;002;6;007
27;1200;003;6;007
27;1200;004;6;007
27;1200;005;6;007
27;1200;006;6;007
27;1200;007;6;007
27;1200;008;6;007
27;1200;009;6;007
27;1200;010;6;007
27;1200;011;6;007
27;1200;012;6;007
27;1200;013;6;007
27;1200;014;6;007
27;1200;015;6;007
27;1200;016;6;007
27;1200;017;6;007
27;1200;018;6;007
27;1200;019;6;007
27;1200;020;6;007
27;1200;021;6;007
27;1200;022;6;007
27;1200;023;6;007
27;1200;024;6;007
27;1200;025;6;007
27;1200;026;6;007
27;1200;027;6;007
27;1200;028;6;007
27;1200;029;6;007
27;1200;030;6;007
27;1200;031;6;007
27;1200;032;6;007
27;1200;033;6;007
27;1200;034;6;007
27;1200;035;6;007
27;1200;036;6;007
27;1200;037;6;007
27;1200;038;6;007
27;1200;039;6;007
27;1200;040;6;007
27;1200;041;6;007
27;1200;042;6;007
27;1200;043;6;007
27;1200;044;6;007
27;1200;045;6;007
27;1200;046;6;007
27;1200;047;6;007
27;1200;048;6;007
27;1200;049;6;007
27;1200;050;6;007
27;1200;051;6;007
27;1200;052;6;007
27;1200;053;6;007
27;1200;054;6;007
27;1200;055;6;007
27;1200;056;6;007
27;1200;057;6;007
27;1200;058;6;007
27;1200;059;6;019
27;1200;060;6;019
27;1200;061;6;008
27;1200;062;6;008
27;1200;063;6;008
27;1200;064;6;005
27;1200;065;6;002
27;1200;066;6;020
27;1200;067;6;018
27;1200;068;6;018
27;1200;069;6;016
27;1200;070;6;016
27;1200;071;6;009
27;1200;072;6;009
27;1200;073;6;009
27;1200;074;6;006
27;1200;075;6;006
27;1200;076;6;006
27;1200;077;6;004
27;1200;078;6;003
27;1200;079;6;017
27;1200;080;6;012
27;1200;081;6;012
27;1200;082;6;010
27;1200;083;6;014
27;1200;084;6;013
27;1200;085;6;001
27;1200;086;6;001
27;1200;087;6;015
27;1200;088;6;011
27;1200;089;6;007
27;2200;001;6;019
27;2200;002;6;019
27;2200;003;6;019
27;2200;004;6;019
27;2200;005;6;026
27;2200;006;6;030
27;2200;007;6;030
27;2200;008;6;030
27;2200;009;6;027
27;2200;010;6;029
27;2200;011;6;009
27;2200;012;6;001
27;2200;013;6;023
27;2200;014;6;023
27;2200;015;6;025
27;2200;016;6;004
27;2200;017;6;004
27;2200;018;6;014
27;2300;001;6;007
27;2300;002;6;001
27;2300;003;6;002
27;2300;004;6;003
27;2300;005;6;004
27;2300;006;6;005
27;2300;007;6;009
27;2300;008;6;006
27;2300;009;6;008
27;2300;010;6;010
27;2300;011;6;011
27;2300;012;6;012
27;2300;013;6;013
27;2400;001;6;009
27;2400;002;6;009
27;2400;003;6;009
27;2400;004;6;009
27;2400;005;6;009
27;2400;006;6;011
27;2400;007;6;003
27;2400;008;6;006
27;2400;009;6;005
27;2400;010;6;005
27;2400;011;6;002
27;2400;012;6;010
27;2400;013;6;004
27;2400;014;6;004
27;2400;015;6;013
27;2400;016;6;012
27;2400;017;6;012
27;2400;018;6;001
27;2400;019;6;001
27;2400;020;6;007
27;2400;021;6;008
27;2400;022;6;008
27;2700;001;6;017
27;2700;002;6;017
27;2700;003;6;017
27;2700;004;6;017
27;2700;005;6;017
27;2700;006;6;017
27;2700;007;6;017
27;2700;008;6;017
27;2700;009;6;017
27;2700;010;6;017
27;2700;011;6;017
27;2700;012;6;017
27;2700;013;6;017
27;2700;014;6;017
27;2700;015;6;017
27;2700;016;6;003
27;2700;017;6;014
27;2700;018;6;016
27;2700;019;6;005
27;2700;020;6;022
27;2700;021;6;006
27;2700;022;6;010
27;2700;023;6;023
27;2700;024;6;023
27;2700;025;6;013
27;2700;026;6;012
27;2700;027;6;001
27;2700;028;6;018
27;2700;029;6;002
27;2700;030;6;008
27;2700;031;6;021
27;2700;032;6;019
27;2700;033;6;009
27;2700;034;6;024
27;2700;035;6;007
27;2700;036;6;011
27;2700;037;6;004
27;2700;038;6;020
27;2700;039;6;020
27;3100;001;6;048
27;3100;002;6;048
27;3100;003;6;048
27;3100;004;6;048
27;3100;005;6;048
27;3100;006;6;048
27;3100;007;6;048
27;3100;008;6;048
27;3100;009;6;048
27;3100;010;6;048
27;3100;011;6;048
27;3100;012;6;048
27;3100;013;6;048
27;3100;014;6;048
27;3100;015;6;048
27;3100;016;6;048
27;3100;017;6;048
27;3100;018;6;048
27;3100;019;6;048
27;3100;020;6;048
27;3100;021;6;048
27;3100;022;6;048
27;3100;023;6;048
27;3100;024;6;048
27;3100;025;6;048
27;3100;026;6;048
27;3100;027;6;048
27;3100;028;6;048
27;3100;029;6;048
27;3100;030;6;048
27;3100;031;6;048
27;3100;032;6;048
27;3100;033;6;048
27;3100;034;6;048
27;3100;035;6;048
27;3100;036;6;048
27;3100;037;6;048
27;3100;038;6;048
27;3100;039;6;048
27;3100;040;6;048
27;3100;041;6;048
27;3100;042;6;048
27;3100;043;6;048
27;3100;044;6;048
27;3100;045;6;048
27;3100;046;6;048
27;3100;047;6;048
27;3100;048;6;048
27;3100;049;6;048
27;3100;050;6;048
27;3100;051;6;048
27;3100;052;6;048
27;3100;053;6;048
27;3100;054;6;048
27;3100;055;6;048
27;3100;056;6;048
27;3100;057;6;048
27;3100;058;6;048
27;3100;059;6;048
27;3100;060;6;048
27;3100;061;6;048
27;3100;062;6;048
27;3100;063;6;048
27;3100;064;6;048
27;3100;065;6;048
27;3100;066;6;048
27;3100;067;6;048
27;3100;068;6;048
27;3100;069;6;048
27;3100;070;6;048
27;3100;071;6;048
27;3100;072;6;048
27;3100;073;6;048
27;3100;074;6;048
27;3100;075;6;048
27;3100;076;6;048
27;3100;077;6;048
27;3100;078;6;048
27;3100;079;6;048
27;3100;080;6;048
27;3100;081;6;048
27;3100;082;6;048
27;3100;083;6;048
27;3100;084;6;048
27;3100;085;6;048
27;3100;086;6;048
27;3100;087;6;048
27;3100;088;6;048
27;3100;089;6;048
27;3100;090;6;048
27;3100;091;6;048
27;3100;092;6;048
27;3100;093;6;048
27;3100;094;6;048
27;3100;095;6;048
27;3100;096;6;048
27;3100;097;6;048
27;3100;098;6;048
27;3100;099;6;048
27;3100;100;6;048
27;3100;101;6;048
27;3100;102;6;048
27;3100;103;6;048
27;3100;104;6;048
27;3100;105;6;048
27;3100;106;6;048
27;3100;107;6;048
27;3100;108;6;048
27;3100;109;6;048
27;3100;110;6;048
27;3100;111;6;048
27;3100;112;6;048
27;3100;113;6;048
27;3100;114;6;048
27;3100;115;6;048
27;3100;116;6;048
27;3100;117;6;048
27;3100;118;6;048
27;3100;119;6;048
27;3100;120;6;048
27;3100;121;6;048
27;3100;122;6;048
27;3100;123;6;048
27;3100;124;6;048
27;3100;125;6;048
27;3100;126;6;048
27;3100;127;6;048
27;3100;128;6;048
27;3100;129;6;048
27;3100;130;6;048
27;3100;131;6;048
27;3100;132;6;048
27;3100;133;6;048
27;3100;134;6;048
27;3100;135;6;048
27;3100;136;6;048
27;3100;137;6;048
27;3100;138;6;048
27;3100;139;6;048
27;3100;140;6;048
27;3100;141;6;048
27;3100;142;6;048
27;3100;143;6;048
27;3100;144;6;048
27;3100;145;6;048
27;3100;146;6;048
27;3100;147;6;048
27;3100;148;6;048
27;3100;149;6;048
27;3100;150;6;006
27;3100;151;6;044
27;3100;152;6;037
27;3100;153;6;047
27;3100;154;6;002
27;3100;155;6;041
27;3100;156;6;009
27;3100;157;6;036
27;3100;158;6;010
27;3100;159;6;032
27;3100;160;6;053
27;3100;161;6;053
27;3100;162;6;020
27;3100;163;6;023
27;3100;164;6;014
27;3100;165;6;004
27;3100;166;6;039
27;3100;167;6;049
27;3100;168;6;031
27;3100;169;6;033
27;3100;170;6;015
27;3100;171;6;022
27;3100;172;6;051
27;3100;173;6;046
27;3100;174;6;012
27;3100;175;6;018
27;3100;176;6;042
27;3100;177;6;026
27;3100;178;6;024
27;3100;179;6;024
27;3100;180;6;011
27;3100;181;6;043
27;3100;182;6;001
27;3100;183;6;017
27;3100;184;6;052
27;3100;185;6;021
27;3100;186;6;005
27;3100;187;6;019
27;3100;188;6;028
27;3100;189;6;008
27;3100;190;6;045
27;3100;191;6;007
27;3100;192;6;034
27;3100;193;6;035
27;3100;194;6;050
27;3100;195;6;013
27;3100;196;6;025
27;3100;197;6;029
27;3100;198;6;027
27;3100;199;6;048
27;3100;200;6;038
27;3100;201;6;016
27;3100;202;6;003
27;3100;203;6;003
27;3100;204;6;048
27;3100;205;6;048
27;3100;206;6;048
27;3600;001;6;020
27;3600;002;6;020
27;3600;003;6;020
27;3600;004;6;020
27;3600;005;6;020
27;3600;006;6;020
27;3600;007;6;020
27;3600;008;6;020
27;3600;009;6;020
27;3600;010;6;020
27;3600;011;6;020
27;3600;012;6;020
27;3600;013;6;020
27;3600;014;6;020
27;3600;015;6;020
27;3600;016;6;020
27;3600;017;6;020
27;3600;018;6;020
27;3600;019;6;020
27;3600;020;6;007
27;3600;021;6;007
27;3600;022;6;018
27;3600;023;6;008
27;3600;024;6;019
27;3600;025;6;014+003
27;3600;026;6;004
27;3600;027;6;006
27;3600;028;6;012
27;3600;029;6;005
27;3600;030;6;001
27;3600;031;6;011
27;3600;032;6;021
27;3600;033;6;022
27;3600;034;6;010
27;3600;035;6;015
27;3600;036;6;013
27;3600;037;6;016
27;3600;038;6;009
27;3600;039;6;017
27;3700;001;6;001
27;3700;002;6;001
27;3700;003;6;001
27;3700;004;6;005
27;3700;005;6;005
27;3700;006;6;003
27;3700;007;6;006+007
27;3700;008;6;004
27;3700;009;6;002+008+009+010+011
27;3800;001;6;003
27;3800;002;6;003
27;3800;003;6;003
27;3800;004;6;002
27;3800;005;6;004
27;3800;006;6;001
[END]

[MAJ]
27;6;   ;02;;;Пе▓║░ С▓е┤анов С▓о┐нов и Нели Пе▓░ова К│╢кова;, ;ПСС+НПК;86902;0;1
27;6;   ;05;;;Гео░ги Седе┤╖ов П║░ванов и Ангел Иванов Ма░ин;, ;ГСП+АИМ;95056;1;2
[END]

[PROP]
[END]

[LISTI]
[END]

[PROT]
6;27;0400;001;810+4+642+642+3+0+3+41+639;243+396
6;27;0400;002;111+0+84+84+0+0+0+4+84;22+62
6;27;0400;003;271+4+234+234+0+1+1+7+233;82+151
6;27;0400;004;471+8+347+347+0+0+0+24+347;131+216
6;27;0400;005;574+2+326+326+0+0+0+0+326;129+197
6;27;0400;006;511+0+306+306+0+0+0+0+306;132+174
6;27;0400;007;648+5+514+514+0+1+1+0+513;194+319
6;27;0400;008;634+4+420+420+0+0+0+0+420;203+217
6;27;0400;009;281+12+230+230+0+0+0+0+230;105+125
6;27;0400;010;1099+5+641+641+2+0+2+0+639;179+460
6;27;0400;011;142+3+123+123+0+0+0+11+123;40+83
6;27;0400;012;669+14+523+523+0+0+0+59+523;135+388
6;27;0400;013;70+2+62+62+0+0+0+0+62;15+47
6;27;0400;014;250+8+205+205+0+0+0+0+205;41+164
6;27;0400;015;254+6+217+217+0+0+0+9+217;55+162
6;27;0400;016;132+6+119+119+0+0+0+0+119;14+105
6;27;0400;017;48+3+46+46+0+0+0+0+46;21+25
6;27;0400;018;261+6+180+180+0+1+1+10+179;33+146
6;27;0400;019;93+2+83+83+1+0+1+2+82;20+62
6;27;0400;020;132+8+121+121+0+0+0+0+121;28+93
6;27;0400;021;199+8+162+162+0+0+0+0+162;34+128
6;27;0400;022;95+1+80+80+0+0+0+3+80;26+54
6;27;0400;023;173+0+123+123+0+0+0+4+123;41+82
6;27;0400;024;135+3+108+108+0+0+0+3+108;32+76
6;27;0700;001;736+0+452+452+0+0+0+16+452;186+266
6;27;0700;002;841+0+492+492+0+0+0+12+492;198+294
6;27;0700;003;997+10+548+548+0+0+0+8+548;226+322
6;27;0700;004;1061+1+530+530+0+0+0+14+530;245+285
6;27;0700;005;972+0+499+499+0+0+0+25+499;189+310
6;27;0700;006;868+0+524+524+0+0+0+0+524;209+315
6;27;0700;007;1005+0+592+592+0+1+1+19+591;232+359
6;27;0700;008;332+1+202+202+0+0+0+0+202;76+126
6;27;0700;009;984+0+392+392+1+1+2+8+390;204+186
6;27;0700;010;256+4+184+184+2+0+2+0+182;83+99
6;27;0700;011;137+5+99+99+0+0+0+0+99;35+64
6;27;0700;012;96+6+75+75+0+0+0+0+75;38+37
6;27;0700;013;357+2+249+249+0+0+0+5+249;72+177
6;27;0700;014;1049+10+742+742+0+0+0+32+742;304+438
6;27;0700;015;809+8+551+551+0+1+1+26+550;220+330
6;27;0700;016;550+4+382+382+0+0+0+19+382;145+237
6;27;0700;017;188+1+188+188+1+0+1+7+187;79+108
6;27;0700;018;821+1+579+579+0+1+1+27+578;139+439
6;27;0700;019;635+3+364+364+0+0+0+0+364;142+222
6;27;0700;020;614+5+369+369+1+1+2+0+367;168+199
6;27;0700;021;320+9+225+225+0+2+2+21+223;76+147
6;27;1200;001;1119+1+562+562+1+0+1+22+561;273+288
6;27;1200;002;1071+0+565+565+0+0+0+0+565;239+326
6;27;1200;003;741+2+374+374+1+0+1+0+373;209+164
6;27;1200;004;897+3+364+364+0+0+0+0+364;207+157
6;27;1200;005;922+0+499+499+0+1+1+0+498;248+250
6;27;1200;006;888+2+452+452+0+0+0+13+452;205+247
6;27;1200;007;1004+2+429+429+2+0+2+0+427;172+255
6;27;1200;008;635+4+322+322+0+0+0+20+322;120+202
6;27;1200;009;891+0+539+539+1+2+3+33+536;285+251
6;27;1200;010;848+0+506+506+0+0+0+23+506;252+254
6;27;1200;011;900+0+449+449+1+0+1+14+448;244+204
6;27;1200;012;866+0+419+419+0+0+0+8+419;240+179
6;27;1200;013;807+1+467+467+1+0+1+10+466;282+184
6;27;1200;014;1114+3+643+643+0+0+0+33+643;301+342
6;27;1200;015;953+1+474+474+0+0+0+0+474;209+265
6;27;1200;016;783+3+445+445+0+0+0+21+445;216+229
6;27;1200;017;705+2+449+449+0+0+0+34+449;199+250
6;27;1200;018;755+0+433+433+1+0+1+16+432;205+227
6;27;1200;019;964+0+560+560+0+0+0+0+560;292+268
6;27;1200;020;801+0+497+497+0+0+0+0+497;235+262
6;27;1200;021;825+1+476+476+1+0+1+0+475;251+224
6;27;1200;022;778+3+467+467+1+1+2+0+465;224+241
6;27;1200;023;1103+2+638+638+0+0+0+0+638;313+325
6;27;1200;024;894+1+528+528+1+0+1+0+527;258+269
6;27;1200;025;1016+0+527+527+0+0+0+31+527;273+254
6;27;1200;026;969+2+398+398+1+0+1+0+397;241+156
6;27;1200;027;999+1+429+429+0+0+0+0+429;256+173
6;27;1200;028;1029+0+383+383+0+0+0+12+383;229+154
6;27;1200;029;978+0+422+422+0+0+0+0+422;244+178
6;27;1200;030;1050+1+451+451+0+0+0+5+451;245+206
6;27;1200;031;1092+1+528+528+0+0+0+0+528;304+224
6;27;1200;032;1082+2+569+569+0+0+0+0+569;277+292
6;27;1200;033;890+2+396+396+0+0+0+18+396;232+164
6;27;1200;034;810+1+373+373+0+0+0+27+373;209+164
6;27;1200;035;767+3+424+424+0+0+0+16+424;261+163
6;27;1200;036;980+1+476+476+0+0+0+26+476;239+237
6;27;1200;037;603+0+293+293+0+1+1+24+292;132+160
6;27;1200;038;677+0+317+317+0+0+0+0+317;133+184
6;27;1200;039;865+2+393+393+0+0+0+29+393;201+192
6;27;1200;040;893+0+426+426+0+0+0+9+426;219+207
6;27;1200;041;909+0+470+470+0+0+0+0+470;250+220
6;27;1200;042;1219+3+636+636+0+1+1+0+635;344+291
6;27;1200;043;1165+0+609+609+2+0+2+0+607;272+335
6;27;1200;044;1187+3+668+668+0+0+0+40+668;343+325
6;27;1200;045;885+3+457+457+0+0+0+15+457;270+187
6;27;1200;046;898+0+448+448+1+0+1+22+447;245+202
6;27;1200;047;1130+1+642+642+1+1+2+39+640;302+338
6;27;1200;048;589+3+321+321+0+0+0+0+321;130+191
6;27;1200;049;1100+4+572+572+1+0+1+0+571;221+350
6;27;1200;050;724+2+410+410+0+1+1+27+409;181+228
6;27;1200;051;711+1+368+368+1+0+1+21+367;205+162
6;27;1200;052;904+1+520+520+0+0+0+0+520;251+269
6;27;1200;053;1008+2+535+535+0+0+0+12+535;292+243
6;27;1200;054;63+4+28+28+0+0+0+0+28;9+19
6;27;1200;055;922+0+487+487+0+1+1+0+486;266+220
6;27;1200;056;1083+1+523+523+0+0+0+23+523;315+208
6;27;1200;057;603+1+320+320+0+0+0+5+320;178+142
6;27;1200;058;49+2+28+28+0+0+0+0+28;15+13
6;27;1200;059;602+2+370+370+0+0+0+17+370;180+190
6;27;1200;060;651+1+376+376+1+0+1+31+375;193+182
6;27;1200;061;765+1+378+378+0+1+1+0+377;233+144
6;27;1200;062;725+1+409+409+0+0+0+7+409;243+166
6;27;1200;063;776+0+423+423+0+1+1+0+422;270+152
6;27;1200;064;512+1+262+262+0+0+0+6+262;107+155
6;27;1200;065;246+0+184+184+0+0+0+9+184;58+126
6;27;1200;066;615+4+293+293+0+0+0+0+293;145+148
6;27;1200;067;874+1+382+382+0+0+0+382+382;174+208
6;27;1200;068;790+0+382+382+1+0+1+11+381;112+269
6;27;1200;069;609+0+361+361+3+0+3+0+358;265+93
6;27;1200;070;585+0+325+325+0+0+0+10+325;180+145
6;27;1200;071;830+1+391+391+0+0+0+6+391;189+202
6;27;1200;072;1134+1+636+636+0+0+0+0+636;294+342
6;27;1200;073;986+0+474+474+2+0+2+0+472;266+206
6;27;1200;074;700+0+444+444+1+0+1+11+443;191+252
6;27;1200;075;625+2+360+360+1+0+1+13+359;144+215
6;27;1200;076;752+4+405+405+0+2+2+12+403;173+230
6;27;1200;077;603+9+291+291+0+2+2+0+289;219+70
6;27;1200;078;237+1+128+128+0+0+0+0+128;43+85
6;27;1200;079;865+1+530+530+0+0+0+0+530;288+242
6;27;1200;080;787+2+465+465+1+0+1+0+464;234+230
6;27;1200;081;832+2+488+488+3+0+3+0+485;273+212
6;27;1200;082;853+7+481+481+0+0+0+0+481;308+173
6;27;1200;083;906+2+462+462+0+0+0+0+462;243+219
6;27;1200;084;1087+2+629+629+2+1+3+0+626;255+371
6;27;1200;085;950+1+582+582+0+0+0+0+582;185+397
6;27;1200;086;992+0+549+549+0+0+0+0+549;302+247
6;27;1200;087;219+3+179+179+0+0+0+11+179;46+133
6;27;1200;088;1061+4+611+611+2+0+2+24+609;213+396
6;27;1200;089;35+0+19+19+0+0+0+1+19;6+13
6;27;2200;001;743+11+456+456+0+0+0+8+456;200+256
6;27;2200;002;811+2+474+474+0+0+0+7+474;201+273
6;27;2200;003;681+0+393+393+0+0+0+0+393;199+194
6;27;2200;004;506+0+331+331+3+0+3+24+328;194+134
6;27;2200;005;1011+2+625+625+1+0+1+22+624;211+413
6;27;2200;006;737+5+225+225+0+1+1+29+224;100+124
6;27;2200;007;849+0+296+296+0+0+0+14+296;139+157
6;27;2200;008;825+1+215+215+0+1+1+23+214;131+83
6;27;2200;009;338+3+227+227+0+1+1+16+226;104+122
6;27;2200;010;588+6+304+304+1+0+1+0+303;194+109
6;27;2200;011;997+1+643+643+0+0+0+26+643;323+320
6;27;2200;012;82+6+61+61+0+0+0+0+61;10+51
6;27;2200;013;50+0+34+34+0+0+0+0+34;14+20
6;27;2200;014;130+0+121+121+0+0+0+11+121;46+75
6;27;2200;015;34+2+22+22+0+0+0+0+22;9+13
6;27;2200;016;591+0+338+338+0+0+0+10+338;158+180
6;27;2200;017;473+7+313+313+1+0+1+20+312;139+173
6;27;2200;018;533+0+346+346+1+0+1+13+345;83+262
6;27;2300;001;407+3+301+301+0+0+0+24+301;101+200
6;27;2300;002;79+3+56+56+0+0+0+0+56;23+33
6;27;2300;003;337+3+278+278+1+0+1+15+277;94+183
6;27;2300;004;354+3+245+245+0+0+0+21+245;92+153
6;27;2300;005;313+0+196+196+0+0+0+0+196;73+123
6;27;2300;006;129+2+104+104+0+0+0+0+104;31+73
6;27;2300;007;225+1+157+157+1+0+1+4+156;55+101
6;27;2300;008;98+3+83+83+0+0+0+9+83;21+62
6;27;2300;009;318+4+241+241+0+0+0+16+241;86+155
6;27;2300;010;282+1+222+222+0+0+0+3+222;90+132
6;27;2300;011;133+2+95+95+0+0+0+4+95;33+62
6;27;2300;012;337+4+282+282+0+0+0+24+282;79+203
6;27;2300;013;283+3+227+227+2+1+3+0+224;63+161
6;27;2400;001;735+0+411+411+0+0+0+0+411;202+209
6;27;2400;002;792+5+512+512+0+0+0+17+512;327+185
6;27;2400;003;997+0+645+645+1+0+1+0+644;377+267
6;27;2400;004;145+0+120+120+0+0+0+0+120;75+45
6;27;2400;005;287+0+266+266+1+0+1+0+265;131+134
6;27;2400;006;362+0+250+250+0+0+0+0+250;124+126
6;27;2400;007;95+1+77+77+1+0+1+0+76;32+44
6;27;2400;008;694+2+450+450+0+0+0+14+450;186+264
6;27;2400;009;510+0+296+296+1+1+2+14+294;109+185
6;27;2400;010;661+0+360+360+1+0+1+20+359;246+113
6;27;2400;011;438+0+242+242+0+0+0+0+242;134+108
6;27;2400;012;568+0+316+316+1+0+1+8+315;217+98
6;27;2400;013;670+1+358+358+0+0+0+0+358;207+151
6;27;2400;014;685+2+289+289+0+2+2+0+287;147+140
6;27;2400;015;778+1+483+483+2+0+2+0+481;270+211
6;27;2400;016;697+2+340+340+0+0+0+17+340;82+258
6;27;2400;017;601+0+337+337+0+1+1+20+336;148+188
6;27;2400;018;859+0+329+329+3+6+9+0+320;246+74
6;27;2400;019;596+0+317+317+0+0+0+11+317;111+206
6;27;2400;020;654+0+327+327+0+0+0+0+327;189+138
6;27;2400;021;641+0+275+275+0+0+0+0+275;118+157
6;27;2400;022;518+0+262+262+0+0+0+0+262;120+142
6;27;2700;001;842+2+519+519+4+0+4+28+515;217+298
6;27;2700;002;698+0+435+435+0+0+0+20+435;223+212
6;27;2700;003;944+0+491+491+0+0+0+0+491;268+223
6;27;2700;004;931+0+474+474+0+0+0+0+474;258+216
6;27;2700;005;653+0+328+328+0+0+0+0+328;170+158
6;27;2700;006;996+3+460+460+0+0+0+0+460;226+234
6;27;2700;007;982+0+474+474+0+0+0+0+474;261+213
6;27;2700;008;979+0+516+516+0+1+1+0+515;260+255
6;27;2700;009;1022+1+548+548+2+1+3+15+545;270+275
6;27;2700;010;990+0+549+549+0+0+0+16+549;308+241
6;27;2700;011;494+0+300+300+1+0+1+11+299;135+164
6;27;2700;012;738+0+386+386+0+0+0+5+386;171+215
6;27;2700;013;908+0+479+479+0+0+0+8+479;227+252
6;27;2700;014;682+0+449+449+1+0+1+12+448;208+240
6;27;2700;015;446+0+260+260+0+0+0+8+260;75+185
6;27;2700;016;25+2+13+13+0+0+0+0+13;1+12
6;27;2700;017;144+3+120+120+1+0+1+0+119;48+71
6;27;2700;018;717+1+470+470+1+2+3+3+467;114+353
6;27;2700;019;355+2+245+245+0+0+0+27+245;120+125
6;27;2700;020;190+0+149+149+0+0+0+0+149;80+69
6;27;2700;021;221+2+162+162+0+0+0+16+162;76+86
6;27;2700;022;660+1+414+414+0+0+0+0+414;164+250
6;27;2700;023;568+1+371+371+1+0+1+34+370;164+206
6;27;2700;024;512+3+268+268+1+0+1+11+267;181+86
6;27;2700;025;374+0+240+240+0+0+0+0+240;84+156
6;27;2700;026;75+1+38+38+0+0+0+0+38;13+25
6;27;2700;027;146+0+119+119+0+0+0+0+119;57+62
6;27;2700;028;94+3+71+71+0+0+0+0+71;18+53
6;27;2700;029;106+0+70+70+0+1+1+0+69;22+47
6;27;2700;030;642+1+442+442+0+0+0+0+442;177+265
6;27;2700;031;144+0+106+106+0+0+0+0+106;60+46
6;27;2700;032;153+1+119+119+0+0+0+0+119;64+55
6;27;2700;033;76+0+63+63+0+0+0+9+63;9+54
6;27;2700;034;437+2+289+289+2+0+2+15+287;103+184
6;27;2700;035;184+1+163+163+0+0+0+8+163;44+119
6;27;2700;036;424+3+303+303+0+0+0+5+303;121+182
6;27;2700;037;373+0+300+300+1+0+1+4+299;88+211
6;27;2700;038;732+2+492+492+0+1+1+0+491;233+258
6;27;2700;039;554+0+375+375+0+1+1+0+374;178+196
6;27;3100;001;913+0+399+399+0+0+0+0+399;216+183
6;27;3100;002;994+0+441+441+0+1+1+0+440;222+218
6;27;3100;003;908+0+442+442+1+0+1+10+441;240+201
6;27;3100;004;865+0+377+377+0+0+0+0+377;189+188
6;27;3100;005;646+0+274+274+0+0+0+7+274;130+144
6;27;3100;006;835+0+456+456+1+0+1+16+455;272+183
6;27;3100;007;891+1+440+440+0+0+0+15+440;252+188
6;27;3100;008;494+0+490+490+1+0+1+0+489;241+248
6;27;3100;009;904+0+465+465+2+1+3+0+462;251+211
6;27;3100;010;939+1+459+459+0+0+0+24+459;214+245
6;27;3100;011;1002+0+499+499+0+0+0+31+499;280+219
6;27;3100;012;936+0+501+501+0+0+0+0+501;283+218
6;27;3100;013;994+0+508+508+0+0+0+22+508;299+209
6;27;3100;014;844+0+470+470+1+1+2+11+468;261+207
6;27;3100;015;889+0+502+502+1+0+1+0+501;280+221
6;27;3100;016;938+0+496+496+0+1+1+14+495;252+243
6;27;3100;017;782+0+440+440+0+0+0+7+440;233+207
6;27;3100;018;971+0+564+564+0+0+0+29+564;308+256
6;27;3100;019;989+1+570+570+0+1+1+9+569;342+227
6;27;3100;020;921+0+475+475+2+0+2+5+473;306+167
6;27;3100;021;939+0+476+476+0+0+0+5+476;274+202
6;27;3100;022;966+0+583+583+0+0+0+28+583;358+225
6;27;3100;023;926+0+498+498+0+3+3+0+495;283+212
6;27;3100;024;705+4+398+398+0+1+1+18+397;228+169
6;27;3100;025;610+0+326+326+2+0+2+15+324;138+186
6;27;3100;026;961+0+489+489+0+0+0+20+489;277+212
6;27;3100;027;926+0+570+570+1+1+2+0+568;318+250
6;27;3100;028;1012+11+630+630+0+0+0+23+630;346+284
6;27;3100;029;994+0+573+573+0+0+0+15+573;339+234
6;27;3100;030;819+0+469+469+0+0+0+13+469;272+197
6;27;3100;031;726+1+436+436+0+0+0+15+436;241+195
6;27;3100;032;964+1+555+555+0+0+0+23+555;314+241
6;27;3100;033;807+0+461+461+0+1+1+5+460;231+229
6;27;3100;034;957+0+585+585+1+0+1+27+584;300+284
6;27;3100;035;952+0+542+542+1+0+1+33+541;278+263
6;27;3100;036;721+0+411+411+0+0+0+12+411;209+202
6;27;3100;037;637+0+394+394+0+0+0+8+394;182+212
6;27;3100;038;977+0+555+555+1+0+1+0+554;269+285
6;27;3100;039;924+0+497+497+1+0+1+0+496;245+251
6;27;3100;040;868+1+470+470+0+0+0+23+470;255+215
6;27;3100;041;984+0+584+584+0+0+0+19+584;299+285
6;27;3100;042;775+0+481+481+0+2+2+16+479;252+227
6;27;3100;043;798+0+534+534+3+0+3+0+531;329+202
6;27;3100;044;963+0+589+589+0+0+0+26+589;325+264
6;27;3100;045;1028+0+596+596+0+0+0+0+596;272+324
6;27;3100;046;1014+0+518+518+0+0+0+0+518;244+274
6;27;3100;047;971+0+551+551+0+0+0+24+551;259+292
6;27;3100;048;801+0+322+322+0+0+0+13+322;180+142
6;27;3100;049;797+2+389+389+0+0+0+18+389;206+183
6;27;3100;050;908+3+571+571+0+0+0+571+571;320+251
6;27;3100;051;889+7+550+550+1+1+2+13+548;294+254
6;27;3100;052;996+0+616+616+2+0+2+24+614;295+319
6;27;3100;053;981+1+626+626+2+0+2+6+624;313+311
6;27;3100;054;983+0+576+576+0+0+0+22+576;324+252
6;27;3100;055;904+0+571+571+0+0+0+21+571;326+245
6;27;3100;056;944+0+594+594+2+0+2+0+592;365+227
6;27;3100;057;874+0+566+566+0+0+0+5+566;343+223
6;27;3100;058;831+11+489+489+2+0+2+5+487;320+167
6;27;3100;059;726+0+344+344+0+0+0+6+344;191+153
6;27;3100;060;867+1+535+535+0+0+0+13+535;230+305
6;27;3100;061;952+2+519+519+0+0+0+14+519;286+233
6;27;3100;062;847+0+389+389+1+0+1+15+388;202+186
6;27;3100;063;177+0+126+126+0+0+0+9+126;61+65
6;27;3100;064;895+0+447+447+0+0+0+0+447;130+317
6;27;3100;065;941+1+515+515+2+0+2+20+513;224+289
6;27;3100;066;1084+0+658+658+0+0+0+0+658;428+230
6;27;3100;067;1032+2+560+560+0+0+0+17+560;340+220
6;27;3100;068;936+0+592+592+0+0+0+28+592;346+246
6;27;3100;069;947+0+597+597+2+0+2+0+595;314+281
6;27;3100;070;844+0+469+469+0+1+1+12+468;293+175
6;27;3100;071;1007+0+625+625+0+0+0+0+625;305+320
6;27;3100;072;993+0+667+667+2+0+2+31+665;414+251
6;27;3100;073;899+0+555+555+0+0+0+16+555;271+284
6;27;3100;074;951+1+615+615+0+0+0+0+615;332+283
6;27;3100;075;887+6+541+541+0+0+0+25+541;235+306
6;27;3100;076;979+1+634+634+1+0+1+0+633;387+246
6;27;3100;077;891+0+537+537+0+0+0+18+537;300+237
6;27;3100;078;1020+0+616+616+0+1+1+0+615;374+241
6;27;3100;079;1014+0+643+643+1+0+1+0+642;340+302
6;27;3100;080;26+0+18+18+0+0+0+0+18;9+9
6;27;3100;081;716+0+430+430+0+1+1+8+429;253+176
6;27;3100;082;686+0+421+421+0+0+0+0+421;228+193
6;27;3100;083;845+1+510+510+0+0+0+0+510;283+227
6;27;3100;084;909+0+552+552+0+0+0+0+552;363+189
6;27;3100;085;981+0+629+629+0+0+0+0+629;383+246
6;27;3100;086;734+0+404+404+0+0+0+7+404;243+161
6;27;3100;087;1044+0+539+539+0+0+0+19+539;331+208
6;27;3100;088;854+0+520+520+0+0+0+14+520;295+225
6;27;3100;089;628+0+338+338+0+0+0+0+338;182+156
6;27;3100;090;916+12+454+454+1+1+2+14+452;170+282
6;27;3100;091;858+0+373+373+0+0+0+0+373;165+208
6;27;3100;092;857+0+563+563+2+1+3+20+560;286+274
6;27;3100;093;1012+0+611+611+2+0+2+21+609;337+272
6;27;3100;094;860+0+533+533+0+0+0+0+533;279+254
6;27;3100;095;972+0+582+582+2+0+2+2+580;310+270
6;27;3100;096;1025+0+592+592+0+0+0+0+592;330+262
6;27;3100;097;751+0+405+405+0+0+0+0+405;227+178
6;27;3100;098;968+0+594+594+2+0+2+28+592;336+256
6;27;3100;099;707+0+407+407+1+0+1+22+406;190+216
6;27;3100;100;1006+0+603+603+0+1+1+32+602;320+282
6;27;3100;101;912+0+531+531+0+0+0+0+531;286+245
6;27;3100;102;736+0+414+414+0+1+1+18+413;204+209
6;27;3100;103;930+12+498+498+0+0+0+0+498;290+208
6;27;3100;104;735+0+396+396+1+0+1+14+395;224+171
6;27;3100;105;604+0+341+341+0+0+0+16+341;204+137
6;27;3100;106;964+6+555+555+0+0+0+10+555;333+222
6;27;3100;107;773+0+342+342+0+0+0+9+342;187+155
6;27;3100;108;734+1+356+356+0+0+0+10+356;168+188
6;27;3100;109;705+0+396+396+0+0+0+14+396;191+205
6;27;3100;110;772+0+415+415+0+0+0+24+415;187+228
6;27;3100;111;772+1+422+422+0+0+0+8+422;221+201
6;27;3100;112;906+0+481+481+1+0+1+9+480;173+307
6;27;3100;113;807+0+404+404+1+0+1+0+403;225+178
6;27;3100;114;978+0+489+489+0+0+0+0+489;216+273
6;27;3100;115;822+2+434+434+0+0+0+0+434;180+254
6;27;3100;116;889+0+431+431+0+0+0+0+431;165+266
6;27;3100;117;880+0+521+521+0+0+0+24+521;263+258
6;27;3100;118;914+0+521+521+0+0+0+20+521;326+195
6;27;3100;119;1081+8+566+566+0+0+0+0+566;321+245
6;27;3100;120;1048+0+474+474+2+0+2+12+472;287+185
6;27;3100;121;992+0+482+482+0+2+2+0+480;253+227
6;27;3100;122;977+0+488+488+0+0+0+9+488;249+239
6;27;3100;123;998+0+510+510+0+0+0+3+510;239+271
6;27;3100;124;838+0+420+420+2+0+2+10+418;239+179
6;27;3100;125;732+1+420+420+0+0+0+0+420;190+230
6;27;3100;126;940+0+548+548+0+1+1+0+547;282+265
6;27;3100;127;861+0+468+468+1+0+1+16+467;257+210
6;27;3100;128;998+0+564+564+0+0+0+7+564;316+248
6;27;3100;129;924+0+433+433+0+2+2+3+431;242+189
6;27;3100;130;860+0+398+398+1+0+1+11+397;241+156
6;27;3100;131;886+0+484+484+0+1+1+18+483;282+201
6;27;3100;132;938+0+438+438+2+0+2+4+436;260+176
6;27;3100;133;927+0+395+395+1+0+1+4+394;142+252
6;27;3100;134;827+5+376+376+0+0+0+0+376;154+222
6;27;3100;135;767+0+380+380+0+1+1+11+379;212+167
6;27;3100;136;901+0+365+365+0+3+3+0+362;176+186
6;27;3100;137;1028+0+447+447+2+1+3+15+444;130+314
6;27;3100;138;790+7+415+415+1+1+2+0+413;72+341
6;27;3100;139;849+0+441+441+3+2+5+23+436;140+296
6;27;3100;140;968+0+462+462+0+1+1+0+461;176+285
6;27;3100;141;929+0+443+443+0+0+0+3+443;243+200
6;27;3100;142;904+0+471+471+1+0+1+7+470;292+178
6;27;3100;143;772+1+379+379+0+0+0+0+379;222+157
6;27;3100;144;935+0+463+463+0+1+1+7+462;253+209
6;27;3100;145;86+3+33+33+0+0+0+0+33;17+16
6;27;3100;146;894+0+412+412+0+0+0+0+412;246+166
6;27;3100;147;938+1+500+500+0+0+0+0+500;288+212
6;27;3100;148;1000+0+445+445+0+0+0+0+445;246+199
6;27;3100;149;961+0+494+494+1+0+1+6+493;285+208
6;27;3100;150;534+3+413+413+1+0+1+0+412;92+320
6;27;3100;151;54+5+52+52+0+0+0+0+52;13+39
6;27;3100;152;137+4+113+113+0+0+0+0+113;23+90
6;27;3100;153;681+2+416+416+0+3+3+33+413;143+270
6;27;3100;154;169+6+116+116+0+0+0+5+116;50+66
6;27;3100;155;207+0+154+154+0+0+0+0+154;64+90
6;27;3100;156;745+0+469+469+0+0+0+16+469;160+309
6;27;3100;157;227+1+141+141+0+0+0+0+141;39+102
6;27;3100;158;1064+9+692+692+0+2+2+34+690;195+495
6;27;3100;159;535+4+362+362+0+0+0+10+362;102+260
6;27;3100;160;569+0+310+310+1+0+1+0+309;124+185
6;27;3100;161;824+3+473+473+0+2+2+18+471;155+316
6;27;3100;162;241+6+165+165+0+0+0+0+165;102+63
6;27;3100;163;101+2+80+80+0+1+1+0+79;44+35
6;27;3100;164;393+2+273+273+0+0+0+0+273;128+145
6;27;3100;165;223+0+149+149+0+0+0+0+149;56+93
6;27;3100;166;98+2+68+68+0+0+0+0+68;19+49
6;27;3100;167;290+0+202+202+0+0+0+3+202;86+116
6;27;3100;168;101+1+102+102+1+0+1+0+101;28+73
6;27;3100;169;171+9+125+125+1+1+2+4+123;39+84
6;27;3100;170;165+4+137+137+0+1+1+6+136;20+116
6;27;3100;171;153+6+117+117+0+2+2+4+115;40+75
6;27;3100;172;168+2+139+139+0+0+0+0+139;62+77
6;27;3100;173;135+6+111+111+0+0+0+8+111;38+73
6;27;3100;174;153+4+126+126+0+0+0+6+126;26+100
6;27;3100;175;622+1+449+449+0+0+0+22+449;173+276
6;27;3100;176;81+3+62+62+0+0+0+2+62;35+27
6;27;3100;177;306+3+208+208+0+0+0+0+208;67+141
6;27;3100;178;130+5+112+112+0+0+0+3+112;39+73
6;27;3100;179;82+0+57+57+0+1+1+0+56;40+16
6;27;3100;180;506+3+271+271+0+0+0+0+271;136+135
6;27;3100;181;493+2+363+363+1+1+2+0+361;184+177
6;27;3100;182;322+4+244+244+0+0+0+13+244;73+171
6;27;3100;183;744+5+509+509+1+1+2+21+507;168+339
6;27;3100;184;379+1+274+274+0+0+0+7+274;126+148
6;27;3100;185;199+8+128+128+0+0+0+0+128;45+83
6;27;3100;186;103+2+78+78+0+0+0+0+78;25+53
6;27;3100;187;202+1+127+127+0+0+0+0+127;36+91
6;27;3100;188;388+6+260+260+1+0+1+0+259;124+135
6;27;3100;189;91+0+72+72+0+0+0+0+72;26+46
6;27;3100;190;266+4+176+176+0+0+0+0+176;95+81
6;27;3100;191;338+4+211+211+0+0+0+0+211;58+153
6;27;3100;192;252+1+195+195+0+0+0+5+195;66+129
6;27;3100;193;313+5+200+200+0+0+0+0+200;118+82
6;27;3100;194;173+4+139+139+0+0+0+0+139;29+110
6;27;3100;195;640+1+449+449+1+1+2+29+447;123+324
6;27;3100;196;380+2+278+278+0+0+0+7+278;109+169
6;27;3100;197;501+4+285+285+0+0+0+0+285;114+171
6;27;3100;198;228+3+169+169+0+0+0+0+169;63+106
6;27;3100;199;47+6+33+33+0+0+0+0+33;10+23
6;27;3100;200;508+7+325+325+0+0+0+13+325;134+191
6;27;3100;201;561+3+320+320+0+1+1+8+319;110+209
6;27;3100;202;553+5+341+341+2+0+2+0+339;182+157
6;27;3100;203;569+0+355+355+0+0+0+0+355;186+169
6;27;3100;204;152+3+142+142+0+0+0+2+142;50+92
6;27;3100;205;74+0+63+63+0+0+0+0+63;21+42
6;27;3100;206;189+0+189+189+0+0+0+0+189;77+112
6;27;3600;001;884+0+533+533+0+0+0+0+533;268+265
6;27;3600;002;875+1+442+442+0+1+1+3+441;190+251
6;27;3600;003;944+0+506+506+1+0+1+27+505;208+297
6;27;3600;004;932+0+592+592+0+0+0+50+592;242+350
6;27;3600;005;923+0+576+576+0+0+0+20+576;252+324
6;27;3600;006;896+0+451+451+0+1+1+0+450;208+242
6;27;3600;007;699+2+396+396+0+0+0+26+396;231+165
6;27;3600;008;760+0+369+369+0+0+0+11+369;109+260
6;27;3600;009;913+3+512+512+1+0+1+8+511;152+359
6;27;3600;010;907+0+534+534+3+0+3+26+531;232+299
6;27;3600;011;957+0+512+512+0+1+1+0+511;236+275
6;27;3600;012;794+0+440+440+0+0+0+17+440;176+264
6;27;3600;013;916+0+519+519+0+0+0+33+519;221+298
6;27;3600;014;796+1+400+400+1+0+1+0+399;240+159
6;27;3600;015;904+2+517+517+0+0+0+25+517;193+324
6;27;3600;016;838+0+508+508+0+0+0+19+508;201+307
6;27;3600;017;745+0+470+470+1+0+1+18+469;207+262
6;27;3600;018;951+3+457+457+0+0+0+8+457;184+273
6;27;3600;019;44+0+14+14+0+0+0+1+14;2+12
6;27;3600;020;614+2+383+383+1+0+1+0+382;83+299
6;27;3600;021;680+1+367+367+0+0+0+21+367;123+244
6;27;3600;022;274+3+188+188+0+0+0+0+188;82+106
6;27;3600;023;96+16+83+83+0+0+0+5+83;28+55
6;27;3600;024;174+4+112+112+0+0+0+4+112;40+72
6;27;3600;025;954+8+610+610+3+0+3+24+607;115+492
6;27;3600;026;613+5+497+497+0+1+1+26+496;118+378
6;27;3600;027;177+2+133+133+0+0+0+10+133;45+88
6;27;3600;028;48+0+37+37+0+0+0+1+37;21+16
6;27;3600;029;182+11+162+162+0+0+0+7+162;52+110
6;27;3600;030;284+10+215+215+0+0+0+17+215;81+134
6;27;3600;031;129+10+103+103+0+0+0+8+103;44+59
6;27;3600;032;332+5+286+286+0+0+0+0+286;103+183
6;27;3600;033;167+5+135+135+0+0+0+0+135;35+100
6;27;3600;034;247+9+201+201+0+0+0+0+201;61+140
6;27;3600;035;486+9+324+324+1+0+1+0+323;89+234
6;27;3600;036;381+12+303+303+0+0+0+13+303;77+226
6;27;3600;037;245+9+204+204+1+0+1+12+203;74+129
6;27;3600;038;140+4+107+107+0+0+0+9+107;30+77
6;27;3600;039;55+8+63+63+1+0+1+3+62;31+31
6;27;3700;001;773+0+440+440+0+1+1+20+439;162+277
6;27;3700;002;791+0+451+451+1+1+2+3+449;104+345
6;27;3700;003;862+0+467+467+0+1+1+10+466;114+352
6;27;3700;004;633+0+347+347+0+0+0+0+347;145+202
6;27;3700;005;702+2+314+314+0+2+2+0+312;147+165
6;27;3700;006;497+1+285+285+0+2+2+9+283;63+220
6;27;3700;007;103+0+57+57+0+0+0+0+57;13+44
6;27;3700;008;58+1+43+43+0+1+1+2+42;11+31
6;27;3700;009;58+2+29+29+0+0+0+1+29;2+27
6;27;3800;001;922+1+566+566+1+1+2+21+564;203+361
6;27;3800;002;584+0+328+328+0+0+0+12+328;101+227
6;27;3800;003;798+0+436+436+0+2+2+26+434;182+252
6;27;3800;004;437+6+268+268+1+1+2+18+266;86+180
6;27;3800;005;601+0+360+360+1+0+1+9+359;169+190
6;27;3800;006;232+5+232+232+1+1+2+5+230;108+122
[END]

[AGGR]
27;6;   ;2+486+486+320126+902+182255+182255+179+118+297+5223+181958;86902+95056
[END]
