[INFO]
28;Т║░гови╣е;301
[END]

[IZB]
28;6;   ;;18.11.2001;2;2;294
[END]

[NM]
2802;001;г░. Ан▓оново;00518;00
2802;002;▒. Банкове╢;02628;00
2802;003;▒. Богомол▒ко;04755;00
2802;005;▒. Великов╢и;10433;00
2802;006;▒. Вел╝ово;10584;00
2802;007;▒. Гла╕а▓ай;15045;00
2802;009;▒. Го░на Зла▓и╢а;16211;00
2802;012;▒. Девино;20479;00
2802;013;▒. Дл║жка пол┐на;21275;00
2802;014;▒. Доб░о▓и╢а;21703;00
2802;015;▒. Долна Зла▓и╢а;22099;00
2802;017;▒. Изво░ово;32473;00
2802;019;▒. Капи╣е;36169;00
2802;020;▒. Ки▓ино;37040;00
2802;021;▒. Коноп;38323;00
2802;023;▒. К░│╕олак;40258;00
2802;025;▒. К╝о▒ев╢и;41099;00
2802;026;▒. Л╛би╖ево;44598;00
2802;028;▒. Малог░аде╢;46735;00
2802;031;▒. Милино;48194;00
2802;032;▒. Мо░ави╢а;49045;00
2802;033;▒. Мо░авка;49059;00
2802;034;▒. О░а╖;53641;00
2802;035;▒. Пи░ине╢;56424;00
2802;039;▒. Равно ▒ело;61251;00
2802;040;▒. Раздел╢и;61769;00
2802;041;▒. Сви░╖ово;65752;00
2802;042;▒. Свободи╢а;65855;00
2802;044;▒. Семе░╢и;66175;00
2802;045;▒. С▓а░а ░е╖ка;68881;00
2802;046;▒. С▓а░╖и╣е;69136;00
2802;047;▒. С▓ев░ек;69146;00
2802;049;▒. С▓ойново;69376;00
2802;051;▒. Тайми╣е;72062;00
2802;053;▒. Т░е▒каве╢;73078;00
2802;054;▒. Чекан╢и;80279;00
2802;055;▒. Че░на вода;80786;00
2802;056;▒. Че░ни б░┐г;80892;00
2802;057;▒. Ши╕кови╢а;83332;00
2802;061;▒. Я▒▓░ебино;87686;00
2822;001;▒. Беломо░╢и;03647;00
2822;002;▒. Бо▒▓ан;05774;00
2822;003;▒. Б║лга░аново;07243;00
2822;004;▒. Великден╖е;10392;00
2822;005;▒. Вели╖ка;10481;00
2822;006;▒. Ве░ен╢и;10687;00
2822;007;▒. Ве▒еле╢;10728;00
2822;008;▒. Ви▒ок;11212;00
2822;009;▒. В░ани кон;12156;00
2822;010;▒. Гол┐мо Ц║░кви╣е;15922;00
2822;011;▒. Го░на Х│бавка;16420;00
2822;012;▒. Го░но Коза░ево;16818;00
2822;013;▒. Го░но Новково;16849;00
2822;014;▒. Го░▒ко ▒ело;17230;00
2822;015;▒. Долна Х│бавка;22280;00
2822;016;▒. Долно Коза░ево;22664;00
2822;017;▒. Долно Новково;22719;00
2822;019;▒. Звезди╢а;31416;00
2822;020;▒. Зелена мо░ава;30692;00
2822;021;▒. Змеино;31262;00
2822;022;▒. Илиино;32620;00
2822;023;▒. Камб│░ово;35643;00
2822;024;▒. Ке▒▓ен┐во;36806;00
2822;025;▒. К░а▒но▒ел╢и;39596;00
2822;026;▒. Малко Ц║░кви╣е;46677;00
2822;027;▒. Могиле╢;48790;00
2822;028;▒. Оби▓ел;53062;00
2822;029;г░. Ом│░▓аг;53535;00
2822;030;▒. Панайо▓ Хи▓ово;55327;00
2822;031;▒. Пани╖ино;55381;00
2822;032;▒. Пе▓░ино;56112;00
2822;033;▒. Пл║▒▓ина;56856;00
2822;034;▒. П░езви▓е░ Козма;37811;00
2822;035;▒. П▓и╖ево;58774;00
2822;036;▒. П║да░ино;58972;00
2822;037;▒. П║░ван;59029;00
2822;040;▒. Р║▓лина;63639;00
2822;041;▒. С░еди╣е;68360;00
2822;042;▒. С▓ане╢;68761;00
2822;043;▒. Т║п╖иле╣ово;73609;00
2822;044;▒. Угледно;75013;00
2822;045;▒. Ца░ев╢и;78166;00
2822;046;▒. Це░ови╣е;78450;00
2822;047;▒. Че░нокап╢и;81147;00
2823;001;▒. Гол┐мо Г░ади╣е;15833;00
2823;002;▒. Го░▒ко Абланово;17172;00
2823;003;▒. Г║░╖иново;18407;00
2823;004;▒. К░еп╖а;39671;00
2823;005;▒. Л╛блен;44608;00
2823;006;г░. Опака;53552;00
2824;001;▒. Ап░илово;00566;00
2824;002;▒. Баба Тонка;02021;00
2824;003;▒. Бе░ков▒ки;03931;00
2824;004;▒. Б░акни╢а;06046;00
2824;005;▒. Води╢а;11716;00
2824;006;▒. Гагово;14307;00
2824;007;▒. Глогинка;15103;00
2824;008;▒. Го░и╢а;16081;00
2824;009;▒. Доле╢;21937;00
2824;010;▒. Долна Кабда;22109;00
2824;011;▒. Д░иново;23738;00
2824;012;▒. Еленово;27259;00
2824;013;▒. Заве▓но;30079;00
2824;014;▒. За░аево;30332;00
2824;015;▒. За╡а░и С▓о┐ново;30404;00
2824;016;▒. Звезда;30449;00
2824;017;▒. Иван╖а;32189;00
2824;018;▒. Ка░дам;36470;00
2824;019;▒. Кова╖еве╢;37469;00
2824;020;▒. Кози╢а;37748;00
2824;021;▒. Конак;38193;00
2824;022;▒. Лом╢и;44286;00
2824;023;▒. Мана▒▓и░╢а;47007;00
2824;024;▒. Ма░╖ино;47411;00
2824;025;▒. Медовина;47634;00
2824;026;▒. О▒иково;54208;00
2824;027;▒. Палама░╢а;55213;00
2824;028;▒. Помо╣и╢а;57501;00
2824;029;г░. Попово;57649;00
2824;030;▒. По▒абина;57875;00
2824;031;▒. Садина;65067;00
2824;032;▒. Све▓лен;65557;00
2824;033;▒. Слав┐ново;67091;00
2824;034;▒. Т░║▒▓ика;73376;00
2824;035;▒. Ца░ А▒ен;78077;00
2835;001;▒. Алваново;00215;00
2835;002;▒. Алек▒анд░ово;00312;00
2835;003;▒. Ба┐╖ево;03037;00
2835;004;▒. Би▒▓░а;04159;00
2835;005;▒. Бож│░ка;05030;00
2835;006;▒. Б░а▓ово;06166;00
2835;007;▒. Б│йново;06882;00
2835;008;▒. Б│╡ов╢и;07154;00
2835;009;▒. Ва░д│н;10121;00
2835;010;▒. Ва▒ил Лев▒ки;10238;00
2835;011;▒. Гол┐мо Ново;15895;00
2835;012;▒. Гол┐мо Соколово;15919;00
2835;013;▒. Го░на Кабда;16225;00
2835;014;▒. Давидово;20050;00
2835;015;▒. Д░аганове╢;23087;00
2835;016;▒. Д░ал┤а;23546;00
2835;017;▒. Д║лга╖;24520;00
2835;018;▒. Зд░аве╢;30644;00
2835;019;▒. Коп░е╢;38501;00
2835;020;▒. Ко╕ни╖а░и;39195;00
2835;021;▒. К░алево;39390;00
2835;022;▒. К░║╕но;40395;00
2835;023;▒. Лил┐к;43685;00
2835;024;▒. Лове╢;43935;00
2835;025;▒. Мака░иопол▒ко;46190;00
2835;026;▒. Маково;46228;00
2835;027;▒. Миладинов╢и;48091;00
2835;028;▒. Ми░ове╢;48338;00
2835;029;▒. Момино;48920;00
2835;030;▒. Нада░ево;51024;00
2835;031;▒. Ов╖а░ово;53223;00
2835;032;▒. О▒ен;54081;00
2835;033;▒. О▒▓░е╢;54345;00
2835;034;▒. Пайд│╕ко;55201;00
2835;035;▒. Певе╢;55662;00
2835;036;▒. Подго░и╢а;57008;00
2835;037;▒. П░е▒еле╢;58195;00
2835;038;▒. П░е▒и┐н;58219;00
2835;039;▒. П░е▒┐к;58298;00
2835;040;▒. П░об│да;58493;00
2835;041;▒. П░олаз;58579;00
2835;042;▒. Разбойна;61676;00
2835;043;▒. Рали╢а;62164;00
2835;044;▒. Ро▒ина;63077;00
2835;045;▒. Р│е╢;63241;00
2835;046;▒. С▓░ажа;69599;00
2835;047;▒. С║единение;70545;00
2835;048;▒. Тв║░дин╢и;72148;00
2835;049;г░. Т║░гови╣е;73626;00
2835;050;▒. Т║░нов╢а;73701;00
2835;051;▒. Цве▓ни╢а;78297;00
2835;052;▒. Че░ковна;80741;00
[END]

[SEC]
28;0200;001;6;001
28;0200;002;6;001
28;0200;003;6;001
28;0200;004;6;002
28;0200;005;6;003
28;0200;006;6;006
28;0200;007;6;005
28;0200;008;6;007
28;0200;009;6;009
28;0200;010;6;012
28;0200;011;6;013
28;0200;012;6;014
28;0200;013;6;015
28;0200;014;6;017
28;0200;015;6;019
28;0200;016;6;020
28;0200;017;6;021
28;0200;018;6;023
28;0200;019;6;025
28;0200;020;6;026
28;0200;021;6;028
28;0200;022;6;031
28;0200;023;6;032
28;0200;024;6;033
28;0200;025;6;034
28;0200;026;6;035
28;0200;027;6;039
28;0200;028;6;040
28;0200;029;6;041
28;0200;030;6;042
28;0200;031;6;044
28;0200;032;6;045
28;0200;033;6;046
28;0200;034;6;047
28;0200;035;6;049
28;0200;036;6;051
28;0200;037;6;053
28;0200;038;6;054
28;0200;039;6;055
28;0200;040;6;056
28;0200;041;6;057
28;0200;042;6;061
28;2200;001;6;029
28;2200;002;6;029
28;2200;003;6;029
28;2200;004;6;029
28;2200;005;6;029
28;2200;006;6;029
28;2200;007;6;029
28;2200;008;6;029
28;2200;009;6;029
28;2200;010;6;029
28;2200;011;6;029
28;2200;012;6;001
28;2200;013;6;002
28;2200;014;6;003
28;2200;015;6;004
28;2200;016;6;005
28;2200;017;6;006
28;2200;018;6;007
28;2200;019;6;008
28;2200;020;6;009
28;2200;021;6;010
28;2200;022;6;011
28;2200;023;6;012
28;2200;024;6;013
28;2200;025;6;014
28;2200;026;6;015
28;2200;027;6;016
28;2200;028;6;017
28;2200;029;6;019
28;2200;030;6;020
28;2200;031;6;021
28;2200;032;6;022
28;2200;033;6;023
28;2200;034;6;023
28;2200;035;6;024
28;2200;036;6;034
28;2200;037;6;025
28;2200;038;6;027
28;2200;039;6;028
28;2200;040;6;026
28;2200;041;6;030
28;2200;042;6;031
28;2200;043;6;032
28;2200;044;6;033
28;2200;045;6;035
28;2200;046;6;036
28;2200;047;6;037
28;2200;048;6;040
28;2200;049;6;041
28;2200;050;6;042
28;2200;051;6;043
28;2200;052;6;044
28;2200;053;6;045
28;2200;054;6;046
28;2200;055;6;047
28;2200;056;6;029
28;2300;001;6;006
28;2300;002;6;006
28;2300;003;6;006
28;2300;004;6;006
28;2300;005;6;004
28;2300;006;6;004
28;2300;007;6;001
28;2300;008;6;001
28;2300;009;6;002
28;2300;010;6;003
28;2300;011;6;005
28;2400;001;6;029
28;2400;002;6;029
28;2400;003;6;029
28;2400;004;6;029
28;2400;005;6;029
28;2400;006;6;029
28;2400;007;6;029
28;2400;008;6;029
28;2400;009;6;029
28;2400;010;6;029
28;2400;011;6;029
28;2400;012;6;029
28;2400;013;6;029
28;2400;014;6;029
28;2400;015;6;029
28;2400;016;6;029
28;2400;017;6;029
28;2400;018;6;029
28;2400;019;6;029
28;2400;020;6;029
28;2400;021;6;029
28;2400;022;6;029
28;2400;023;6;029
28;2400;024;6;029
28;2400;025;6;029
28;2400;026;6;029
28;2400;027;6;001
28;2400;028;6;002
28;2400;029;6;003
28;2400;030;6;004
28;2400;031;6;005
28;2400;032;6;006
28;2400;033;6;007
28;2400;034;6;008
28;2400;035;6;009
28;2400;036;6;010
28;2400;037;6;011
28;2400;038;6;012
28;2400;039;6;015
28;2400;040;6;013
28;2400;041;6;014
28;2400;042;6;014
28;2400;043;6;016
28;2400;044;6;017
28;2400;045;6;018
28;2400;046;6;018
28;2400;047;6;019
28;2400;048;6;020
28;2400;049;6;021
28;2400;050;6;022
28;2400;051;6;022
28;2400;052;6;023
28;2400;053;6;024
28;2400;054;6;025
28;2400;055;6;026
28;2400;056;6;027
28;2400;057;6;028
28;2400;058;6;030
28;2400;059;6;031
28;2400;060;6;031
28;2400;061;6;032
28;2400;062;6;032
28;2400;063;6;033
28;2400;064;6;033
28;2400;065;6;034
28;2400;066;6;035
28;3500;001;6;049
28;3500;002;6;049
28;3500;003;6;049
28;3500;004;6;049
28;3500;005;6;049
28;3500;006;6;049
28;3500;007;6;049
28;3500;008;6;049
28;3500;009;6;049
28;3500;010;6;049
28;3500;011;6;049
28;3500;012;6;049
28;3500;013;6;049
28;3500;014;6;049
28;3500;015;6;049
28;3500;016;6;049
28;3500;017;6;049
28;3500;018;6;049
28;3500;019;6;049
28;3500;020;6;049
28;3500;021;6;049
28;3500;022;6;049
28;3500;023;6;049
28;3500;024;6;049
28;3500;025;6;049
28;3500;026;6;049
28;3500;027;6;049
28;3500;028;6;049
28;3500;029;6;049
28;3500;030;6;049
28;3500;031;6;049
28;3500;032;6;049
28;3500;033;6;049
28;3500;034;6;049
28;3500;035;6;049
28;3500;036;6;049
28;3500;037;6;049
28;3500;038;6;049
28;3500;039;6;049
28;3500;040;6;049
28;3500;041;6;049
28;3500;042;6;049
28;3500;043;6;049
28;3500;044;6;049
28;3500;045;6;049
28;3500;046;6;049
28;3500;047;6;049
28;3500;048;6;049
28;3500;049;6;049
28;3500;050;6;049
28;3500;051;6;049
28;3500;052;6;049
28;3500;053;6;049
28;3500;054;6;049
28;3500;055;6;049
28;3500;056;6;049
28;3500;057;6;049
28;3500;058;6;049
28;3500;059;6;049
28;3500;060;6;049
28;3500;061;6;049
28;3500;062;6;049
28;3500;063;6;049
28;3500;064;6;049
28;3500;065;6;049
28;3500;066;6;002
28;3500;067;6;001
28;3500;068;6;003
28;3500;069;6;004
28;3500;070;6;006
28;3500;071;6;005
28;3500;072;6;008
28;3500;073;6;007
28;3500;074;6;010
28;3500;075;6;009
28;3500;076;6;012
28;3500;077;6;011
28;3500;078;6;013
28;3500;079;6;014
28;3500;080;6;017
28;3500;081;6;015
28;3500;082;6;016
28;3500;083;6;018
28;3500;084;6;021
28;3500;085;6;021
28;3500;086;6;019
28;3500;087;6;020
28;3500;088;6;022
28;3500;089;6;023
28;3500;090;6;023
28;3500;091;6;024
28;3500;092;6;029
28;3500;093;6;025
28;3500;094;6;026
28;3500;095;6;027
28;3500;096;6;028
28;3500;097;6;030
28;3500;098;6;031
28;3500;099;6;032
28;3500;100;6;033
28;3500;101;6;036
28;3500;102;6;039
28;3500;103;6;040
28;3500;104;6;034
28;3500;105;6;038
28;3500;106;6;037
28;3500;107;6;041
28;3500;108;6;035
28;3500;109;6;042
28;3500;110;6;043
28;3500;111;6;045
28;3500;112;6;044
28;3500;113;6;046
28;3500;114;6;047
28;3500;115;6;050
28;3500;116;6;048
28;3500;117;6;051
28;3500;118;6;052
28;3500;119;6;052
[END]

[MAJ]
28;6;   ;02;;;Пе▓║░ С▓е┤анов С▓о┐нов и Нели Пе▓░ова К│╢кова;, ;ПСС+НПК;19630;0;1
28;6;   ;05;;;Гео░ги Седе┤╖ов П║░ванов и Ангел Иванов Ма░ин;, ;ГСП+АИМ;45271;1;2
[END]

[PROP]
[END]

[LISTI]
[END]

[PROT]
6;28;0200;001;651+11+388+388+1+2+3+12+385;129+256
6;28;0200;002;592+0+365+365+0+2+2+0+363;163+200
6;28;0200;003;41+2+29+29+0+0+0+0+29;15+14
6;28;0200;004;56+3+25+25+0+0+0+0+25;9+16
6;28;0200;005;40+1+31+31+0+0+0+0+31;14+17
6;28;0200;006;78+3+52+52+0+0+0+2+52;25+27
6;28;0200;007;72+2+61+61+0+0+0+0+61;10+51
6;28;0200;008;37+1+32+32+0+0+0+0+32;22+10
6;28;0200;009;42+3+34+34+0+0+0+0+34;13+21
6;28;0200;010;48+4+43+43+0+0+0+0+43;10+33
6;28;0200;011;70+1+49+49+0+0+0+0+49;13+36
6;28;0200;012;283+1+174+174+0+1+1+0+173;90+83
6;28;0200;013;35+2+25+25+0+0+0+0+25;17+8
6;28;0200;014;331+3+260+260+1+0+1+20+259;63+196
6;28;0200;015;94+0+74+74+0+0+0+0+74;49+25
6;28;0200;016;72+1+47+47+0+0+0+0+47;10+37
6;28;0200;017;172+3+101+101+0+0+0+0+101;47+54
6;28;0200;018;64+1+36+36+0+0+0+0+36;11+25
6;28;0200;019;89+1+67+67+0+0+0+0+67;17+50
6;28;0200;020;353+2+225+225+3+0+3+0+222;125+97
6;28;0200;021;69+3+62+62+0+1+1+0+61;22+39
6;28;0200;022;37+2+28+28+0+0+0+0+28;12+16
6;28;0200;023;91+6+74+74+0+0+0+2+74;42+32
6;28;0200;024;210+1+137+137+0+0+0+7+137;57+80
6;28;0200;025;62+2+61+61+0+0+0+0+61;24+37
6;28;0200;026;28+2+23+23+0+0+0+0+23;2+21
6;28;0200;027;53+1+26+26+0+0+0+0+26;16+10
6;28;0200;028;307+6+194+194+1+2+3+5+191;116+75
6;28;0200;029;50+1+34+34+0+0+0+0+34;11+23
6;28;0200;030;41+6+29+29+0+0+0+0+29;12+17
6;28;0200;031;187+1+115+115+1+0+1+0+114;50+64
6;28;0200;032;52+2+39+39+0+0+0+0+39;13+26
6;28;0200;033;96+1+43+43+0+0+0+0+43;27+16
6;28;0200;034;417+1+333+333+0+2+2+11+331;151+180
6;28;0200;035;36+3+29+29+0+0+0+0+29;15+14
6;28;0200;036;195+1+122+122+0+1+1+0+121;47+74
6;28;0200;037;717+1+392+392+4+6+10+23+382;153+229
6;28;0200;038;50+0+32+32+0+0+0+0+32;20+12
6;28;0200;039;93+0+57+57+0+0+0+0+57;14+43
6;28;0200;040;108+1+109+109+0+0+0+0+109;34+75
6;28;0200;041;32+4+31+31+0+0+0+0+31;20+11
6;28;0200;042;98+2+68+68+0+0+0+0+68;8+60
6;28;2200;001;717+0+361+361+1+2+3+21+358;74+284
6;28;2200;002;745+0+375+375+1+0+1+0+374;93+281
6;28;2200;003;1021+1+400+400+0+1+1+28+399;91+308
6;28;2200;004;724+1+306+306+0+0+0+0+306;73+233
6;28;2200;005;678+0+276+276+0+0+0+0+276;55+221
6;28;2200;006;634+1+326+326+2+0+2+0+324;56+268
6;28;2200;007;776+0+265+265+0+2+2+0+263;79+184
6;28;2200;008;716+0+206+206+0+0+0+0+206;71+135
6;28;2200;009;765+0+380+380+0+0+0+0+380;74+306
6;28;2200;010;739+0+305+305+1+0+1+17+304;74+230
6;28;2200;011;310+0+310+310+0+0+0+25+310;67+243
6;28;2200;012;688+4+418+418+0+0+0+11+418;52+366
6;28;2200;013;28+6+26+26+0+0+0+0+26;4+22
6;28;2200;014;275+6+163+163+0+0+0+0+163;27+136
6;28;2200;015;292+4+174+174+1+0+1+0+173;46+127
6;28;2200;016;579+2+214+214+0+1+1+0+213;24+189
6;28;2200;017;517+1+170+170+2+0+2+15+168;22+146
6;28;2200;018;165+2+98+98+1+0+1+5+97;33+64
6;28;2200;019;295+3+196+196+0+0+0+0+196;33+163
6;28;2200;020;853+4+334+334+0+0+0+23+334;91+243
6;28;2200;021;358+3+225+225+0+0+0+0+225;29+196
6;28;2200;022;433+3+171+171+0+0+0+0+171;95+76
6;28;2200;023;271+3+150+150+1+0+1+0+149;86+63
6;28;2200;024;182+2+133+133+0+0+0+0+133;90+43
6;28;2200;025;255+6+119+119+0+0+0+0+119;4+115
6;28;2200;026;281+7+123+123+0+1+1+7+122;21+101
6;28;2200;027;387+3+230+230+1+0+1+8+229;50+179
6;28;2200;028;208+3+91+91+0+0+0+0+91;44+47
6;28;2200;029;748+1+365+365+0+2+2+23+363;196+167
6;28;2200;030;659+5+280+280+0+2+2+7+278;74+204
6;28;2200;031;261+2+98+98+0+0+0+0+98;55+43
6;28;2200;032;398+3+277+277+0+0+0+18+277;122+155
6;28;2200;033;522+4+200+200+0+1+1+11+199;62+137
6;28;2200;034;540+2+219+219+3+1+4+18+215;72+143
6;28;2200;035;310+4+191+191+5+2+7+6+184;49+135
6;28;2200;036;562+2+327+327+1+0+1+17+326;58+268
6;28;2200;037;252+1+131+131+0+0+0+4+131;51+80
6;28;2200;038;409+5+216+216+0+0+0+1+216;44+172
6;28;2200;039;666+3+258+258+2+1+3+19+255;94+161
6;28;2200;040;49+4+20+20+0+0+0+0+20;5+15
6;28;2200;041;463+4+180+180+0+0+0+0+180;39+141
6;28;2200;042;124+3+87+87+1+0+1+8+86;3+83
6;28;2200;043;155+3+91+91+0+0+0+0+91;7+84
6;28;2200;044;623+1+273+273+0+1+1+22+272;116+156
6;28;2200;045;316+4+146+146+0+0+0+0+146;17+129
6;28;2200;046;691+1+281+281+0+1+1+0+280;86+194
6;28;2200;047;295+3+227+227+0+0+0+0+227;10+217
6;28;2200;048;256+2+129+129+1+0+1+0+128;107+21
6;28;2200;049;24+4+21+21+0+0+0+0+21;9+12
6;28;2200;050;273+6+132+132+0+0+0+0+132;29+103
6;28;2200;051;67+5+51+51+0+0+0+2+51;9+42
6;28;2200;052;121+2+79+79+0+0+0+0+79;49+30
6;28;2200;053;74+1+46+46+0+1+1+0+45;10+35
6;28;2200;054;749+2+315+315+1+1+2+0+313;206+107
6;28;2200;055;314+4+150+150+0+0+0+0+150;88+62
6;28;2200;056;38+1+19+19+0+0+0+0+19;5+14
6;28;2300;001;737+0+424+424+1+0+1+16+423;95+328
6;28;2300;002;706+1+378+378+0+2+2+17+376;93+283
6;28;2300;003;743+1+368+368+2+1+3+10+365;235+130
6;28;2300;004;579+0+322+322+0+1+1+20+321;80+241
6;28;2300;005;733+3+344+344+0+1+1+14+343;64+279
6;28;2300;006;391+1+233+233+0+0+0+5+233;51+182
6;28;2300;007;580+4+307+307+0+0+0+5+307;237+70
6;28;2300;008;513+3+229+229+0+0+0+0+229;146+83
6;28;2300;009;553+4+358+358+0+0+0+13+358;88+270
6;28;2300;010;601+1+282+282+1+3+4+3+278;80+198
6;28;2300;011;552+2+292+292+1+0+1+8+291;92+199
6;28;2400;001;752+0+404+404+0+1+1+10+403;108+295
6;28;2400;002;836+2+408+408+1+0+1+0+407;90+317
6;28;2400;003;817+0+456+456+2+1+3+19+453;125+328
6;28;2400;004;804+17+456+456+1+0+1+0+455;143+312
6;28;2400;005;648+3+235+235+0+0+0+1+235;70+165
6;28;2400;006;680+2+360+360+0+0+0+8+360;83+277
6;28;2400;007;733+0+440+440+2+2+4+17+436;79+357
6;28;2400;008;644+0+283+283+0+1+1+14+282;70+212
6;28;2400;009;632+2+290+290+0+1+1+3+289;107+182
6;28;2400;010;687+2+385+385+1+0+1+21+384;80+304
6;28;2400;011;662+2+291+291+1+0+1+5+290;78+212
6;28;2400;012;720+4+369+369+0+0+0+0+369;114+255
6;28;2400;013;756+0+399+399+0+0+0+0+399;96+303
6;28;2400;014;691+1+363+363+0+0+0+11+363;126+237
6;28;2400;015;648+5+356+356+0+11+11+20+345;114+231
6;28;2400;016;677+1+377+377+1+0+1+0+376;96+280
6;28;2400;017;680+3+372+372+2+0+2+0+370;89+281
6;28;2400;018;728+1+406+406+1+1+2+22+404;107+297
6;28;2400;019;660+0+350+350+2+0+2+0+348;72+276
6;28;2400;020;676+1+324+324+0+0+0+5+324;90+234
6;28;2400;021;585+0+246+246+0+0+0+0+246;91+155
6;28;2400;022;477+0+229+229+0+0+0+0+229;53+176
6;28;2400;023;406+3+194+194+2+0+2+6+192;56+136
6;28;2400;024;38+1+19+19+0+0+0+1+19;5+14
6;28;2400;025;295+6+196+196+0+0+0+0+196;38+158
6;28;2400;026;276+3+171+171+0+0+0+14+171;31+140
6;28;2400;027;483+6+260+260+0+1+1+0+259;113+146
6;28;2400;028;101+5+68+68+0+0+0+0+68;20+48
6;28;2400;029;98+2+80+80+0+0+0+1+80;15+65
6;28;2400;030;81+3+61+61+0+0+0+0+61;9+52
6;28;2400;031;713+5+405+405+1+3+4+0+401;105+296
6;28;2400;032;754+0+448+448+2+0+2+18+446;115+331
6;28;2400;033;461+7+289+289+0+0+0+5+289;75+214
6;28;2400;034;172+6+129+129+0+0+0+3+129;42+87
6;28;2400;035;77+1+63+63+0+1+1+1+62;16+46
6;28;2400;036;327+2+161+161+3+2+5+0+156;61+95
6;28;2400;037;478+1+256+256+0+0+0+0+256;75+181
6;28;2400;038;379+0+254+254+0+0+0+0+254;81+173
6;28;2400;039;340+1+188+188+1+2+3+13+185;44+141
6;28;2400;040;79+5+47+47+0+0+0+1+47;21+26
6;28;2400;041;377+2+206+206+0+0+0+0+206;95+111
6;28;2400;042;482+4+279+279+1+0+1+0+278;197+81
6;28;2400;043;170+14+127+127+0+0+0+0+127;38+89
6;28;2400;044;32+2+28+28+1+0+1+0+27;5+22
6;28;2400;045;465+3+227+227+0+0+0+11+227;64+163
6;28;2400;046;693+4+273+273+0+1+1+17+272;72+200
6;28;2400;047;673+6+410+410+0+2+2+18+408;78+330
6;28;2400;048;345+0+154+154+0+0+0+0+154;73+81
6;28;2400;049;131+1+88+88+0+1+1+0+87;17+70
6;28;2400;050;414+5+238+238+0+0+0+0+238;81+157
6;28;2400;051;407+5+157+157+0+3+3+0+154;54+100
6;28;2400;052;56+1+38+38+0+0+0+2+38;5+33
6;28;2400;053;116+3+92+92+0+0+0+0+92;18+74
6;28;2400;054;604+7+402+402+0+0+0+27+402;141+261
6;28;2400;055;241+2+167+167+0+0+0+0+167;41+126
6;28;2400;056;648+8+417+417+0+0+0+13+417;107+310
6;28;2400;057;94+4+68+68+0+0+0+0+68;13+55
6;28;2400;058;258+3+160+160+0+0+0+6+160;28+132
6;28;2400;059;720+8+417+417+0+1+1+28+416;59+357
6;28;2400;060;609+3+378+378+1+1+2+18+376;77+299
6;28;2400;061;498+4+295+295+1+2+3+0+292;99+193
6;28;2400;062;513+4+310+310+0+0+0+4+310;141+169
6;28;2400;063;455+0+280+280+0+1+1+9+279;78+201
6;28;2400;064;454+4+237+237+0+1+1+7+236;49+187
6;28;2400;065;296+3+158+158+0+0+0+8+158;75+83
6;28;2400;066;262+10+173+173+1+0+1+7+172;39+133
6;28;3500;001;591+2+315+315+0+0+0+0+315;86+229
6;28;3500;002;649+0+362+362+0+0+0+7+362;97+265
6;28;3500;003;511+1+239+239+0+0+0+5+239;83+156
6;28;3500;004;518+0+248+248+0+0+0+0+248;61+187
6;28;3500;005;464+0+216+216+0+0+0+9+216;55+161
6;28;3500;006;647+0+274+274+0+0+0+1+274;68+206
6;28;3500;007;726+1+309+309+0+0+0+9+309;92+217
6;28;3500;008;751+0+286+286+1+0+1+13+285;67+218
6;28;3500;009;589+0+288+288+0+0+0+9+288;62+226
6;28;3500;010;753+0+322+322+2+0+2+10+320;109+211
6;28;3500;011;764+0+331+331+2+0+2+4+329;110+219
6;28;3500;012;776+0+341+341+0+0+0+13+341;110+231
6;28;3500;013;654+0+263+263+0+0+0+2+263;95+168
6;28;3500;014;704+0+263+263+1+0+1+5+262;86+176
6;28;3500;015;461+0+172+172+0+1+1+0+171;77+94
6;28;3500;016;554+0+233+233+0+0+0+0+233;63+170
6;28;3500;017;742+1+344+344+0+0+0+11+344;101+243
6;28;3500;018;606+0+268+268+1+0+1+6+267;58+209
6;28;3500;019;620+0+338+338+0+0+0+3+338;85+253
6;28;3500;020;810+0+393+393+0+0+0+18+393;110+283
6;28;3500;021;587+0+290+290+0+1+1+12+289;94+195
6;28;3500;022;518+0+251+251+0+1+1+0+250;71+179
6;28;3500;023;919+1+487+487+0+0+0+6+487;167+320
6;28;3500;024;764+0+357+357+0+2+2+11+355;95+260
6;28;3500;025;68+0+45+45+0+0+0+0+45;10+35
6;28;3500;026;767+0+382+382+2+1+3+11+379;128+251
6;28;3500;027;617+0+348+348+0+0+0+8+348;103+245
6;28;3500;028;561+0+348+348+5+0+5+18+343;110+233
6;28;3500;029;472+3+256+256+2+1+3+0+253;71+182
6;28;3500;030;589+0+322+322+1+1+2+10+320;98+222
6;28;3500;031;630+0+291+291+0+1+1+3+290;79+211
6;28;3500;032;641+0+201+201+0+0+0+3+201;78+123
6;28;3500;033;686+0+296+296+0+0+0+0+296;92+204
6;28;3500;034;466+0+192+192+0+1+1+10+191;69+122
6;28;3500;035;651+0+307+307+2+0+2+6+305;95+210
6;28;3500;036;622+0+303+303+0+0+0+11+303;100+203
6;28;3500;037;532+0+317+317+0+0+0+0+317;103+214
6;28;3500;038;531+0+324+324+2+0+2+15+322;86+236
6;28;3500;039;376+0+196+196+0+0+0+8+196;73+123
6;28;3500;040;574+0+315+315+1+0+1+7+314;102+212
6;28;3500;041;448+0+224+224+0+2+2+7+222;61+161
6;28;3500;042;516+0+297+297+0+0+0+11+297;88+209
6;28;3500;043;534+0+311+311+0+0+0+10+311;107+204
6;28;3500;044;611+0+309+309+2+0+2+17+307;110+197
6;28;3500;045;550+0+315+315+0+0+0+0+315;104+211
6;28;3500;046;499+0+210+210+0+0+0+9+210;63+147
6;28;3500;047;491+0+210+210+3+0+3+0+207;64+143
6;28;3500;048;558+1+281+281+0+0+0+5+281;79+202
6;28;3500;049;423+1+219+219+0+0+0+5+219;67+152
6;28;3500;050;602+0+282+282+0+1+1+13+281;102+179
6;28;3500;051;498+0+263+263+0+0+0+12+263;85+178
6;28;3500;052;710+1+337+337+1+0+1+13+336;73+263
6;28;3500;053;683+0+310+310+0+0+0+0+310;96+214
6;28;3500;054;700+0+281+281+0+0+0+0+281;70+211
6;28;3500;055;545+0+283+283+0+0+0+9+283;90+193
6;28;3500;056;664+4+255+255+2+0+2+11+253;67+186
6;28;3500;057;684+0+299+299+1+0+1+0+298;94+204
6;28;3500;058;502+0+186+186+0+1+1+0+185;60+125
6;28;3500;059;442+0+201+201+0+1+1+17+200;94+106
6;28;3500;060;510+0+227+227+1+3+4+10+223;102+121
6;28;3500;061;498+0+233+233+0+0+0+16+233;83+150
6;28;3500;062;594+0+289+289+0+0+0+17+289;81+208
6;28;3500;063;597+0+330+330+0+0+0+0+330;66+264
6;28;3500;064;553+1+283+283+0+0+0+8+283;64+219
6;28;3500;065;236+12+248+248+0+0+2+0+246;71+175
6;28;3500;066;309+4+158+158+0+0+0+0+158;33+125
6;28;3500;067;198+4+138+138+0+0+0+13+138;38+100
6;28;3500;068;784+5+338+338+1+0+1+13+337;147+190
6;28;3500;069;232+5+173+173+1+2+3+15+170;31+139
6;28;3500;070;317+2+158+158+0+0+0+15+158;38+120
6;28;3500;071;374+3+234+234+0+1+1+0+233;51+182
6;28;3500;072;543+7+293+293+0+0+0+0+293;69+224
6;28;3500;073;433+4+218+218+0+0+0+5+218;77+141
6;28;3500;074;209+3+212+212+0+1+1+0+211;54+157
6;28;3500;075;608+2+333+333+0+0+0+13+333;37+296
6;28;3500;076;444+7+237+237+1+2+3+16+234;65+169
6;28;3500;077;744+9+346+346+0+0+0+20+346;95+251
6;28;3500;078;168+9+36+36+0+1+1+0+35;6+29
6;28;3500;079;175+4+179+179+0+0+0+0+179;54+125
6;28;3500;080;429+8+278+278+0+1+1+15+277;166+111
6;28;3500;081;458+5+215+215+0+2+2+8+213;60+153
6;28;3500;082;412+4+238+238+1+0+1+0+237;75+162
6;28;3500;083;360+3+227+227+1+0+1+14+226;70+156
6;28;3500;084;494+2+237+237+0+0+0+0+237;57+180
6;28;3500;085;539+3+244+244+0+0+0+0+244;57+187
6;28;3500;086;314+4+151+151+1+1+2+0+149;24+125
6;28;3500;087;59+4+48+48+0+0+0+0+48;7+41
6;28;3500;088;189+2+106+106+0+0+0+0+106;21+85
6;28;3500;089;498+4+276+276+0+0+0+10+276;65+211
6;28;3500;090;484+2+244+244+0+0+0+13+244;69+175
6;28;3500;091;402+3+239+239+0+0+0+7+239;49+190
6;28;3500;092;220+1+110+110+0+1+1+3+109;34+75
6;28;3500;093;769+9+463+463+0+0+0+0+463;65+398
6;28;3500;094;214+6+143+143+0+0+0+5+143;71+72
6;28;3500;095;221+3+151+151+0+0+0+8+151;65+86
6;28;3500;096;82+6+62+62+0+0+0+2+62;10+52
6;28;3500;097;501+0+287+287+1+1+2+10+285;129+156
6;28;3500;098;712+7+343+343+0+0+0+14+343;65+278
6;28;3500;099;73+8+66+66+0+0+0+0+66;17+49
6;28;3500;100;392+4+199+199+0+0+0+0+199;43+156
6;28;3500;101;748+2+368+368+1+0+1+27+367;167+200
6;28;3500;102;223+4+113+113+2+0+2+2+111;20+91
6;28;3500;103;442+8+230+230+0+0+0+15+230;71+159
6;28;3500;104;305+5+173+173+2+1+3+11+170;57+113
6;28;3500;105;231+6+150+150+1+0+1+1+149;58+91
6;28;3500;106;466+5+124+124+0+1+1+0+123;21+102
6;28;3500;107;130+3+85+85+0+0+0+0+85;22+63
6;28;3500;108;148+5+101+101+1+0+1+0+100;31+69
6;28;3500;109;566+5+161+161+0+0+0+0+161;57+104
6;28;3500;110;211+3+124+124+0+0+0+0+124;24+100
6;28;3500;111;862+5+368+368+0+2+2+15+366;155+211
6;28;3500;112;253+3+158+158+0+0+0+10+158;27+131
6;28;3500;113;802+4+381+381+0+1+1+27+380;120+260
6;28;3500;114;424+2+237+237+1+0+1+0+236;73+163
6;28;3500;115;620+3+224+224+3+3+6+14+218;68+150
6;28;3500;116;154+4+104+104+0+0+0+0+104;17+87
6;28;3500;117;139+2+78+78+1+0+1+0+77;47+30
6;28;3500;118;454+1+198+198+2+1+3+0+195;39+156
6;28;3500;119;409+3+163+163+0+0+0+0+163;46+117
[END]

[AGGR]
28;6;   ;2+294+294+126608+730+65150+65150+122+125+249+1698+64901;19630+45271
[END]
