[INFO]
29;Ха▒ково;301
[END]

[IZB]
29;6;   ;;18.11.2001;2;2;461
[END]

[NM]
2909;001;▒. Бод░ово;04844;00
2909;002;▒. Б░од;06547;00
2909;003;▒. Б░┐▒▓;06762;00
2909;004;▒. Великан;10375;00
2909;005;▒. Воден;11644;00
2909;006;▒. В║░би╢а;76087;00
2909;007;▒. Гол┐мо А▒еново;15792;00
2909;008;▒. Го░▒ки изво░;17141;00
2909;009;г░. Дими▓░овг░ад;21052;00
2909;010;▒. Дл║гнево;21258;00
2909;011;▒. Доб░и╖;21539;00
2909;012;▒. Долно Белево;22561;00
2909;013;▒. Зд░аве╢;30658;00
2909;014;▒. Зла▓о поле;31156;00
2909;015;▒. Ка▒наково;36573;00
2909;016;▒. К░епо▒▓;39668;00
2909;017;▒. К░│м;39966;00
2909;018;▒. Малко А▒еново;46543;00
2909;019;г░. Ме░и╖ле░и;47843;00
2909;020;▒. Радиево;61368;00
2909;021;▒. Райново;61889;00
2909;022;▒. Све▓лина;65574;00
2909;023;▒. Скобелево;66831;00
2909;024;▒. С▓алево;68669;00
2909;025;▒. С▓░ан▒ко;69691;00
2909;026;▒. Че░ного░ово;81092;00
2909;027;▒. Яб║лково;87076;00
2911;002;▒. Белопол╢и;03681;00
2911;003;▒. Белопол┐не;03695;00
2911;020;▒. Гл│мово;15179;00
2911;023;▒. Го░но▒ел╢и;19641;00
2911;026;▒. Г│г│▓ка;18054;00
2911;029;▒. Долно Л│ково;22705;00
2911;031;▒. Д░аби╕на;23056;00
2911;032;▒. Железа░и;29074;00
2911;034;▒. Железино;29101;00
2911;035;г░. Ивайловг░ад;32024;00
2911;038;▒. Камил▒ки дол;35997;00
2911;040;▒. Кобилино;37410;00
2911;042;▒. Кондово;38248;00
2911;044;▒. Конни╢и;38317;00
2911;046;▒. Ко▒▓илково;38964;00
2911;048;▒. Ламб│╡;43128;00
2911;050;▒. Манд░и╢а;47069;00
2911;051;▒. Меден б│к;47545;00
2911;057;▒. О░е╕ино;53789;00
2911;060;▒. Плев│н;55748;00
2911;062;▒. Планине╢;56633;00
2911;063;▒. Пок░ован;57145;00
2911;064;▒. Поп▒ко;57769;00
2911;072;▒. Сви░а╖и;65704;00
2911;075;▒. Славеево;66932;00
2911;078;▒. Х│╡ла;77520;00
2911;079;▒. Че░ни ░ид;80995;00
2911;080;▒. Че░ни╖ино;81044;00
2917;001;▒. Бели╢а;03544;00
2917;002;▒. Ва▒ково;10286;00
2917;003;▒. В║л╖е поле;12560;00
2917;004;▒. Гео░ги Доб░ево;14787;00
2917;005;▒. Д║бове╢;24311;00
2917;006;▒. Йе░│▒алимово;34014;00
2917;007;▒. Лозен;44077;00
2917;008;г░. Л╛биме╢;44570;00
2917;009;▒. Малко Г░ади╣е;46574;00
2917;010;▒. О░┐╡ово;54033;00
2918;001;▒. Бо░и▒лав╢и;05503;00
2918;005;▒. Б░│▒ев╢и;06584;00
2918;006;▒. Габе░ово;14060;00
2918;007;▒. Гол┐ма долина;15698;00
2918;008;▒. Го░ни Главанак;16496;00
2918;009;▒. Го░но поле;16907;00
2918;010;▒. Долни Главанак;22375;00
2918;011;▒. Долно С║диево;22856;00
2918;013;▒. Е┤░ем;27663;00
2918;016;▒. Зла▓о│▒▓ово;31173;00
2918;017;г░. Маджа░ово;46084;00
2918;018;▒. Малки Воден;46499;00
2918;019;▒. Малко Б░┐гово;46557;00
2918;020;▒. Малко Попово;46632;00
2918;024;▒. Р║женово;63584;00
2918;025;▒. Р│мели┐;63313;00
2918;027;▒. Сел▒ка пол┐на;66086;00
2918;028;▒. Сенокла▒;66233;00
2918;029;▒. Тополово;72792;00
2919;001;▒. Ангел войвода;00446;00
2919;002;▒. Бо┐н Бо▓ево;05983;00
2919;003;▒. Б░┐▒▓ово;06803;00
2919;004;▒. Винево;11106;00
2919;005;▒. Ка░аман╢и;36325;00
2919;006;▒. Коле╢;38042;00
2919;007;▒. Мине░ални бани;48297;00
2919;008;▒. Си░аково;66634;00
2919;009;▒. Спа╡иево;68237;00
2919;010;▒. С│▒ам;70250;00
2919;011;▒. С║░ни╢а;70651;00
2919;012;▒. Та▓а░ево;72103;00
2928;002;▒. Гене░алово;14708;00
2928;004;▒. Дими▓░ов╖е;21078;00
2928;005;▒. Капи▓ан Анд░еево;36110;00
2928;007;▒. Левка;43205;00
2928;009;▒. Ма▓о╖ина;47468;00
2928;010;▒. Мезек;47737;00
2928;011;▒. Ми╡али╖;48533;00
2928;012;▒. Младиново;48698;00
2928;013;▒. Момково;48979;00
2928;014;▒. М│▒▓░ак;49446;00
2928;016;▒. П║▒▓░ого░;59183;00
2928;018;▒. Райкова могила;61844;00
2928;019;г░. Свиленг░ад;65677;00
2928;020;▒. Сива ░ека;66370;00
2928;021;▒. Слад│н;67146;00
2928;022;▒. С▓│дена;70055;00
2928;023;▒. Че░нод║б;81116;00
2928;024;▒. Щи▓;84036;00
2929;001;▒. Д░┐ново;23964;00
2929;002;▒. Кал│ге░ово;35599;00
2929;003;▒. Кон▒▓ан▓иново;38368;00
2929;004;▒. Нав║▒ен;51010;00
2929;005;▒. П┐▒║╖ево;59210;00
2929;006;▒. Сви░ково;65721;00
2929;007;г░. Симеоновг░ад;47278;00
2929;008;▒. Т░о┐н;73208;00
2929;009;▒. Т┐нево;73821;00
2930;001;▒. Балкан;02436;00
2930;002;▒. Б┐л кладене╢;07781;00
2930;003;▒. Воден╢и;11692;00
2930;004;▒. Войводене╢;11822;00
2930;005;▒. Гледка;15093;00
2930;006;▒. Голоб░адово;15610;00
2930;007;▒. Гол┐м изво░;15775;00
2930;008;▒. Долно Бо▓ево;22575;00
2930;009;▒. Долно поле;22770;00
2930;010;▒. Долно Че░кови╣е;22887;00
2930;011;▒. Ж║л▓и б░┐г;29550;00
2930;012;▒. Зимовина;30908;00
2930;013;▒. Кладене╢;37126;00
2930;014;▒. К░алево;39400;00
2930;015;▒. Л┐▒кове╢;44803;00
2930;016;▒. Маджа░и;46070;00
2930;017;▒. Мал║к изво░;46899;00
2930;018;▒. Попове╢;57618;00
2930;019;▒. П╖ела░и;58815;00
2930;020;▒. П║▓никово;59207;00
2930;021;▒. Рабово;61025;00
2930;022;▒. Све▓о▒лав;65629;00
2930;023;▒. Силен;66411;00
2930;024;▒. С▓амболово;68727;00
2930;025;▒. Т║нково;73585;00
2930;026;▒. Ца░ева пол┐на;78094;00
2932;001;▒. Б║лга░▒ка пол┐на;07346;00
2932;004;▒. Доб░о▒еле╢;21659;00
2932;005;▒. Каменна ░ека;35866;00
2932;006;▒. Капи▓ан Пе▓ко войвода;24013;00
2932;007;▒. Кн┐жево;37407;00
2932;008;▒. М░амо░;49219;00
2932;009;▒. О░е╕ник;53802;00
2932;010;▒. О░лов дол;53895;00
2932;011;▒. Планиново;56664;00
2932;012;▒. П░и▒аде╢;58428;00
2932;014;▒. Радове╢;61491;00
2932;016;▒. Све▓лина;65588;00
2932;017;▒. Синапово;66487;00
2932;018;▒. С░ем;68583;00
2932;020;г░. Тополовг░ад;72761;00
2932;021;▒. У▒▓░ем;75191;00
2932;024;▒. Филипово;76100;00
2932;025;▒. Хл┐бово;77325;00
2932;026;▒. Ч│ка░ово;81654;00
2933;001;▒. Би▒е░;04128;00
2933;002;▒. Богомил;04724;00
2933;003;▒. Бол┐░▒ки изво░;05298;00
2933;004;▒. Б░ани╢а;06080;00
2933;005;▒. Б║лга░ин;07315;00
2933;006;▒. В║░бово;12810;00
2933;007;▒. До▒и▓еево;23011;00
2933;008;▒. Д░ип╖ево;23741;00
2933;009;▒. Иваново;32100;00
2933;010;▒. Изво░ово;32487;00
2933;011;▒. Кола░ово;38011;00
2933;012;▒. Ле╕никово;43548;00
2933;013;▒. Надежден;51041;00
2933;014;▒. Ов╖а░ово;53237;00
2933;015;▒. О░е╕е╢;53775;00
2933;016;▒. О▒▓║░ кам║к;54448;00
2933;017;▒. Пол┐ново;57434;00
2933;018;▒. П░е▒лаве╢;58244;00
2933;019;▒. Рогозиново;62832;00
2933;020;▒. Слав┐ново;67101;00
2933;021;▒. Сми░нен╢и;67581;00
2933;022;г░. Ха░манли;77181;00
2933;023;▒. Че░епово;80552;00
2933;024;▒. Че░на могила;80827;00
2933;025;▒. Ши╕маново;83377;00
2934;001;▒. Алек▒анд░ово;00326;00
2934;002;▒. Б░┐гово;06759;00
2934;003;▒. Войводово;11867;00
2934;004;▒. В║гла░ово;12382;00
2934;005;▒. Га░ваново;14550;00
2934;006;▒. Големан╢и;15429;00
2934;007;▒. Го░но Войводино;16729;00
2934;008;▒. Г║л║бе╢;18232;00
2934;009;▒. Динево;21155;00
2934;011;▒. Долно Войводино;22589;00
2934;012;▒. Долно Големан╢и;24949;00
2934;013;▒. Елена;27200;00
2934;014;▒. Зо░ни╢а;31365;00
2934;015;▒. Клоко▓ни╢а;37321;00
2934;016;▒. Книжовник;37383;00
2934;017;▒. Козле╢;37770;00
2934;018;▒. Кон│╕;38399;00
2934;019;▒. Ко░ен;38580;00
2934;020;▒. К░иво поле;39863;00
2934;021;▒. Л╛беново;44553;00
2934;022;▒. Малево;46293;00
2934;023;▒. Мана▒▓и░;46992;00
2934;024;▒. Манд░а;47055;00
2934;025;▒. Ма▒линово;47442;00
2934;027;▒. Николово;51682;00
2934;028;▒. Нова Надежда;51891;00
2934;029;▒. О░лово;53936;00
2934;030;▒. Подк░епа;57042;00
2934;031;▒. Родопи;62880;00
2934;032;▒. С▓амболий▒ки;68692;00
2934;033;▒. С▓ойково;69359;00
2934;034;▒. Теке▓о;72182;00
2934;035;▒. Т░акие╢;72953;00
2934;036;▒. Уз│нджово;75085;00
2934;037;г░. Ха▒ково;77195;00
2934;038;▒. Ши░ока пол┐на;83288;00
[END]

[SEC]
29;0900;001;6;009
29;0900;002;6;009
29;0900;003;6;009
29;0900;004;6;009
29;0900;005;6;009
29;0900;006;6;009
29;0900;007;6;009
29;0900;008;6;009
29;0900;009;6;009
29;0900;010;6;009
29;0900;011;6;009
29;0900;012;6;009
29;0900;013;6;009
29;0900;014;6;009
29;0900;015;6;009
29;0900;016;6;009
29;0900;017;6;009
29;0900;018;6;009
29;0900;019;6;009
29;0900;020;6;009
29;0900;021;6;009
29;0900;022;6;009
29;0900;023;6;009
29;0900;024;6;009
29;0900;025;6;009
29;0900;026;6;009
29;0900;027;6;009
29;0900;028;6;009
29;0900;029;6;009
29;0900;030;6;009
29;0900;031;6;009
29;0900;032;6;009
29;0900;033;6;009
29;0900;034;6;009
29;0900;035;6;009
29;0900;036;6;009
29;0900;037;6;009
29;0900;038;6;009
29;0900;039;6;009
29;0900;040;6;009
29;0900;041;6;009
29;0900;042;6;009
29;0900;043;6;009
29;0900;044;6;009
29;0900;045;6;009
29;0900;046;6;009
29;0900;047;6;009
29;0900;048;6;009
29;0900;049;6;009
29;0900;050;6;009
29;0900;051;6;009
29;0900;052;6;009
29;0900;053;6;009
29;0900;054;6;009
29;0900;055;6;009
29;0900;056;6;009
29;0900;057;6;009
29;0900;058;6;009
29;0900;059;6;009
29;0900;060;6;014
29;0900;061;6;021
29;0900;062;6;011
29;0900;063;6;011
29;0900;064;6;015
29;0900;065;6;022
29;0900;066;6;008
29;0900;067;6;008
29;0900;068;6;017
29;0900;069;6;027
29;0900;070;6;027
29;0900;071;6;024
29;0900;072;6;023
29;0900;073;6;006
29;0900;074;6;001
29;0900;075;6;004
29;0900;076;6;019
29;0900;077;6;019
29;0900;078;6;019
29;0900;079;6;010
29;0900;080;6;016
29;0900;081;6;016
29;0900;082;6;026
29;0900;083;6;005
29;0900;084;6;003
29;0900;085;6;013
29;0900;086;6;025
29;0900;087;6;020
29;0900;088;6;007
29;0900;089;6;018
29;0900;090;6;002
29;0900;091;6;012
29;1100;001;6;035
29;1100;002;6;035
29;1100;003;6;035
29;1100;004;6;035
29;1100;005;6;035
29;1100;006;6;072
29;1100;007;6;057
29;1100;008;6;031
29;1100;009;6;075
29;1100;010;6;063
29;1100;011;6;078
29;1100;012;6;048
29;1100;013;6;038
29;1100;014;6;079
29;1100;015;6;023
29;1100;016;6;064
29;1100;017;6;002
29;1100;018;6;080
29;1100;019;6;044
29;1100;020;6;020
29;1100;021;6;050
29;1100;022;6;029
29;1100;023;6;051
29;1100;024;6;003
29;1100;025;6;060+046
29;1100;026;6;042+032
29;1100;027;6;040
29;1100;028;6;034
29;1100;029;6;062
29;1100;030;6;026
29;1700;001;6;008
29;1700;002;6;008
29;1700;003;6;008
29;1700;004;6;008
29;1700;005;6;008
29;1700;006;6;008
29;1700;007;6;008
29;1700;008;6;008
29;1700;009;6;008
29;1700;010;6;007
29;1700;011;6;001
29;1700;012;6;004
29;1700;013;6;006
29;1700;014;6;009
29;1700;015;6;003
29;1700;016;6;005
29;1700;017;6;010
29;1700;018;6;002
29;1800;001;6;017
29;1800;002;6;001+018
29;1800;003;6;009
29;1800;004;6;010+008
29;1800;005;6;011
29;1800;006;6;013
29;1800;007;6;016
29;1800;008;6;025+029
29;1800;009;6;019+007
29;1800;010;6;024
29;1800;011;6;027
29;1800;012;6;028+005+006+020
29;1900;001;6;007
29;1900;002;6;007
29;1900;003;6;010
29;1900;004;6;012
29;1900;005;6;003
29;1900;006;6;009
29;1900;007;6;008
29;1900;008;6;008
29;1900;009;6;006
29;1900;010;6;011
29;1900;011;6;005
29;1900;012;6;005
29;1900;013;6;004
29;1900;014;6;001
29;1900;015;6;002
29;1900;016;6;007
29;2800;001;6;019
29;2800;002;6;019
29;2800;003;6;019
29;2800;004;6;019
29;2800;005;6;019
29;2800;006;6;019
29;2800;007;6;019
29;2800;008;6;019
29;2800;009;6;019
29;2800;010;6;019
29;2800;011;6;019
29;2800;012;6;019
29;2800;013;6;019
29;2800;014;6;019
29;2800;015;6;019
29;2800;016;6;002
29;2800;017;6;004
29;2800;018;6;016
29;2800;019;6;010
29;2800;020;6;020
29;2800;021;6;013
29;2800;022;6;012
29;2800;023;6;007
29;2800;024;6;022
29;2800;025;6;021
29;2800;026;6;011
29;2800;027;6;009
29;2800;028;6;024
29;2800;029;6;018
29;2800;030;6;014
29;2800;031;6;005
29;2800;032;6;023
29;2900;001;6;007
29;2900;002;6;007
29;2900;003;6;007
29;2900;004;6;007
29;2900;005;6;007
29;2900;006;6;007
29;2900;007;6;007
29;2900;008;6;007
29;2900;009;6;006
29;2900;010;6;008
29;2900;011;6;001
29;2900;012;6;009
29;2900;013;6;002
29;2900;014;6;004
29;2900;015;6;005
29;2900;016;6;003
29;3000;001;6;024
29;3000;002;6;001
29;3000;003;6;002
29;3000;004;6;003
29;3000;005;6;004
29;3000;006;6;005
29;3000;007;6;007
29;3000;008;6;006
29;3000;009;6;008
29;3000;010;6;009
29;3000;011;6;010
29;3000;012;6;011
29;3000;013;6;012
29;3000;014;6;013
29;3000;015;6;014
29;3000;016;6;015
29;3000;017;6;016
29;3000;018;6;017
29;3000;019;6;018
29;3000;020;6;019
29;3000;021;6;020
29;3000;022;6;021
29;3000;023;6;022
29;3000;024;6;023
29;3000;025;6;025
29;3000;026;6;026
29;3200;001;6;020
29;3200;002;6;020
29;3200;003;6;020
29;3200;004;6;020
29;3200;005;6;020
29;3200;006;6;020
29;3200;007;6;020
29;3200;009;6;001
29;3200;010;6;004
29;3200;011;6;006
29;3200;012;6;005
29;3200;013;6;007
29;3200;014;6;008
29;3200;015;6;009
29;3200;016;6;010
29;3200;017;6;011
29;3200;018;6;012+024
29;3200;019;6;014
29;3200;020;6;016
29;3200;021;6;017
29;3200;022;6;018
29;3200;023;6;021
29;3200;024;6;021
29;3200;025;6;025
29;3200;026;6;026
29;3300;001;6;022
29;3300;002;6;022
29;3300;003;6;022
29;3300;004;6;022
29;3300;005;6;022
29;3300;006;6;022
29;3300;007;6;022
29;3300;008;6;022
29;3300;009;6;022
29;3300;010;6;022
29;3300;011;6;022
29;3300;012;6;022
29;3300;013;6;022
29;3300;014;6;022
29;3300;015;6;022
29;3300;016;6;022
29;3300;017;6;022
29;3300;018;6;022
29;3300;019;6;022
29;3300;020;6;022
29;3300;021;6;001
29;3300;022;6;002
29;3300;023;6;003
29;3300;024;6;004
29;3300;025;6;005
29;3300;026;6;006
29;3300;027;6;007
29;3300;028;6;008
29;3300;029;6;009
29;3300;030;6;010
29;3300;031;6;011
29;3300;032;6;012
29;3300;033;6;013
29;3300;034;6;014
29;3300;035;6;015
29;3300;036;6;016
29;3300;037;6;017
29;3300;038;6;018
29;3300;039;6;019
29;3300;040;6;020
29;3300;041;6;021
29;3300;042;6;023
29;3300;043;6;024
29;3300;044;6;025
29;3400;001;6;037
29;3400;002;6;037
29;3400;003;6;037
29;3400;004;6;037
29;3400;005;6;037
29;3400;006;6;037
29;3400;007;6;037
29;3400;008;6;037
29;3400;009;6;037
29;3400;010;6;037
29;3400;011;6;037
29;3400;012;6;037
29;3400;013;6;037
29;3400;014;6;037
29;3400;015;6;037
29;3400;016;6;037
29;3400;017;6;037
29;3400;018;6;037
29;3400;019;6;037
29;3400;020;6;037
29;3400;021;6;037
29;3400;022;6;037
29;3400;023;6;037
29;3400;024;6;037
29;3400;025;6;037
29;3400;026;6;037
29;3400;027;6;037
29;3400;028;6;037
29;3400;029;6;037
29;3400;030;6;037
29;3400;031;6;037
29;3400;032;6;037
29;3400;033;6;037
29;3400;034;6;037
29;3400;035;6;037
29;3400;036;6;037
29;3400;037;6;037
29;3400;038;6;037
29;3400;039;6;037
29;3400;040;6;037
29;3400;041;6;037
29;3400;042;6;037
29;3400;043;6;037
29;3400;044;6;037
29;3400;045;6;037
29;3400;046;6;037
29;3400;047;6;037
29;3400;048;6;037
29;3400;049;6;037
29;3400;050;6;037
29;3400;051;6;037
29;3400;052;6;037
29;3400;053;6;037
29;3400;054;6;037
29;3400;055;6;037
29;3400;056;6;037
29;3400;057;6;037
29;3400;058;6;037
29;3400;059;6;037
29;3400;060;6;037
29;3400;061;6;037
29;3400;062;6;037
29;3400;063;6;037
29;3400;064;6;037
29;3400;065;6;037
29;3400;066;6;037
29;3400;067;6;037
29;3400;068;6;037
29;3400;069;6;037
29;3400;070;6;037
29;3400;071;6;037
29;3400;072;6;037
29;3400;073;6;037
29;3400;074;6;037
29;3400;075;6;037
29;3400;076;6;037
29;3400;077;6;037
29;3400;078;6;037
29;3400;079;6;037
29;3400;080;6;037
29;3400;081;6;037
29;3400;082;6;037
29;3400;083;6;037
29;3400;084;6;037
29;3400;085;6;037
29;3400;086;6;037
29;3400;087;6;037
29;3400;088;6;037
29;3400;089;6;037
29;3400;090;6;037
29;3400;091;6;037
29;3400;092;6;037
29;3400;093;6;037
29;3400;094;6;037
29;3400;095;6;037
29;3400;096;6;037
29;3400;097;6;037
29;3400;098;6;037
29;3400;099;6;037
29;3400;100;6;037
29;3400;101;6;037
29;3400;102;6;037
29;3400;103;6;037
29;3400;104;6;037
29;3400;105;6;037
29;3400;106;6;037
29;3400;107;6;037
29;3400;108;6;037
29;3400;109;6;037
29;3400;110;6;037
29;3400;111;6;037
29;3400;112;6;037
29;3400;113;6;037
29;3400;114;6;005
29;3400;115;6;004
29;3400;116;6;015
29;3400;117;6;032
29;3400;118;6;030
29;3400;119;6;036
29;3400;120;6;036
29;3400;121;6;001
29;3400;122;6;028
29;3400;123;6;008
29;3400;124;6;002
29;3400;125;6;031
29;3400;126;6;009
29;3400;127;6;033
29;3400;128;6;021
29;3400;129;6;020
29;3400;130;6;013
29;3400;131;6;022
29;3400;132;6;022
29;3400;133;6;016
29;3400;134;6;023
29;3400;135;6;019
29;3400;136;6;007
29;3400;137;6;011
29;3400;138;6;025
29;3400;139;6;003
29;3400;140;6;003
29;3400;141;6;029
29;3400;142;6;024
29;3400;143;6;006
29;3400;144;6;012
29;3400;145;6;014
29;3400;146;6;018
29;3400;147;6;035
29;3400;148;6;017
29;3400;149;6;034
29;3400;150;6;027
29;3400;151;6;038
[END]

[MAJ]
29;6;   ;02;;;Пе▓║░ С▓е┤анов С▓о┐нов и Нели Пе▓░ова К│╢кова;, ;ПСС+НПК;49115;0;1
29;6;   ;05;;;Гео░ги Седе┤╖ов П║░ванов и Ангел Иванов Ма░ин;, ;ГСП+АИМ;81124;1;2
[END]

[PROP]
[END]

[LISTI]
[END]

[PROT]
6;29;0900;001;583+0+323+323+0+0+0+0+323;168+155
6;29;0900;002;816+3+467+467+0+0+0+29+467;211+256
6;29;0900;003;687+3+397+397+1+0+1+27+396;184+212
6;29;0900;004;421+0+207+207+1+0+1+0+206;84+122
6;29;0900;005;564+0+281+281+0+0+0+0+281;110+171
6;29;0900;006;771+1+347+347+1+0+1+0+346;103+243
6;29;0900;007;531+2+260+260+0+0+0+13+260;115+145
6;29;0900;008;693+0+323+323+0+0+0+0+323;115+208
6;29;0900;009;819+0+429+429+0+0+0+0+429;145+284
6;29;0900;010;685+1+352+352+0+0+0+36+352;108+244
6;29;0900;011;714+4+333+333+1+0+1+5+332;120+212
6;29;0900;012;738+0+298+298+0+0+0+0+298;148+150
6;29;0900;013;757+0+325+325+0+1+1+21+324;141+183
6;29;0900;014;808+0+401+401+0+1+1+0+400;160+240
6;29;0900;015;576+1+281+281+2+1+3+8+278;112+166
6;29;0900;016;762+2+382+382+0+0+0+0+382;116+266
6;29;0900;017;721+2+326+326+0+0+0+0+326;145+181
6;29;0900;018;783+0+426+426+0+0+0+0+426;141+285
6;29;0900;019;790+0+345+345+0+0+0+0+345;154+191
6;29;0900;020;786+0+313+313+1+0+1+0+312;139+173
6;29;0900;021;764+0+346+346+1+0+1+0+345;133+212
6;29;0900;022;747+2+356+356+0+0+0+0+356;146+210
6;29;0900;023;610+0+325+325+0+0+0+0+325;155+170
6;29;0900;024;697+2+319+319+0+0+0+0+319;136+183
6;29;0900;025;886+0+404+404+0+0+0+0+404;176+228
6;29;0900;026;1021+0+480+480+2+0+2+19+478;226+252
6;29;0900;027;666+0+340+340+0+0+0+0+340;141+199
6;29;0900;028;821+0+466+466+0+0+0+0+466;191+275
6;29;0900;029;681+2+380+380+0+0+0+0+380;154+226
6;29;0900;030;769+2+351+351+0+1+1+0+350;145+205
6;29;0900;031;894+2+492+492+0+0+0+0+492;206+286
6;29;0900;032;794+0+422+422+0+0+0+18+422;182+240
6;29;0900;033;760+0+404+404+1+0+1+0+403;177+226
6;29;0900;034;524+1+223+223+1+0+1+0+222;98+124
6;29;0900;035;444+1+250+250+0+0+0+0+250;128+122
6;29;0900;036;955+1+471+471+0+0+0+0+471;244+227
6;29;0900;037;897+0+393+393+0+0+0+0+393;227+166
6;29;0900;038;859+1+457+457+0+0+0+0+457;210+247
6;29;0900;039;762+5+370+370+0+1+1+0+369;189+180
6;29;0900;040;629+1+323+323+0+0+0+18+323;150+173
6;29;0900;041;567+0+306+306+0+0+0+0+306;141+165
6;29;0900;042;806+0+448+448+0+2+2+0+446;195+251
6;29;0900;043;779+0+420+420+1+1+2+9+418;159+259
6;29;0900;044;600+0+350+350+0+1+1+0+349;174+175
6;29;0900;045;869+0+471+471+0+0+0+0+471;220+251
6;29;0900;046;766+0+372+372+0+0+0+0+372;147+225
6;29;0900;047;746+0+360+360+0+1+1+5+359;168+191
6;29;0900;048;591+0+280+280+0+0+0+15+280;153+127
6;29;0900;049;981+0+434+434+0+0+0+0+434;166+268
6;29;0900;050;810+2+395+395+0+0+0+0+395;112+283
6;29;0900;051;811+2+338+338+0+0+0+0+338;147+191
6;29;0900;052;503+1+214+214+0+0+0+0+214;72+142
6;29;0900;053;600+0+231+231+0+0+0+8+231;72+159
6;29;0900;054;689+0+383+383+0+3+3+0+380;172+208
6;29;0900;055;593+0+256+256+0+0+0+11+256;100+156
6;29;0900;056;478+3+219+219+0+0+0+0+219;41+178
6;29;0900;057;650+0+350+350+0+0+0+0+350;67+283
6;29;0900;058;536+0+309+309+0+0+0+0+309;92+217
6;29;0900;059;61+11+43+43+0+0+0+0+43;17+26
6;29;0900;060;409+2+249+249+0+0+0+0+249;76+173
6;29;0900;061;90+2+55+55+0+0+0+0+55;17+38
6;29;0900;062;594+1+271+271+0+1+1+0+270;161+109
6;29;0900;063;547+0+251+251+0+0+0+0+251;98+153
6;29;0900;064;483+3+304+304+0+0+0+0+304;86+218
6;29;0900;065;94+5+76+76+0+0+0+0+76;20+56
6;29;0900;066;694+4+400+400+0+0+0+31+400;146+254
6;29;0900;067;789+4+420+420+0+0+0+0+420;170+250
6;29;0900;068;445+2+318+318+0+0+0+0+318;70+248
6;29;0900;069;676+1+370+370+0+0+0+9+370;144+226
6;29;0900;070;891+1+458+458+1+0+1+21+457;186+271
6;29;0900;071;517+3+335+335+0+0+0+31+335;107+228
6;29;0900;072;560+2+388+388+2+0+2+0+386;126+260
6;29;0900;073;450+3+282+282+0+0+0+9+282;129+153
6;29;0900;074;369+10+245+245+0+0+0+0+245;87+158
6;29;0900;075;100+0+76+76+0+0+0+0+76;33+43
6;29;0900;076;515+3+279+279+0+0+0+0+279;92+187
6;29;0900;077;618+0+388+388+1+0+1+0+387;163+224
6;29;0900;078;683+2+427+427+0+1+1+0+426;148+278
6;29;0900;079;164+2+143+143+0+0+0+0+143;35+108
6;29;0900;080;683+2+365+365+0+0+0+0+365;95+270
6;29;0900;081;620+0+304+304+0+1+1+0+303;154+149
6;29;0900;082;838+0+449+449+0+0+0+13+449;75+374
6;29;0900;083;281+4+161+161+0+0+0+8+161;49+112
6;29;0900;084;188+3+149+149+0+0+0+5+149;56+93
6;29;0900;085;202+6+135+135+0+0+0+0+135;34+101
6;29;0900;086;601+4+375+375+0+0+0+42+375;127+248
6;29;0900;087;923+1+496+496+0+0+0+34+496;142+354
6;29;0900;088;363+9+268+268+0+0+0+12+268;96+172
6;29;0900;089;122+5+91+91+0+0+0+0+91;32+59
6;29;0900;090;813+1+503+503+0+1+1+27+502;216+286
6;29;0900;091;360+2+267+267+0+1+1+0+266;103+163
6;29;1100;001;816+1+546+546+2+2+4+34+542;216+326
6;29;1100;002;834+2+538+538+8+1+9+27+529;264+265
6;29;1100;003;953+2+548+548+2+1+3+14+545;235+310
6;29;1100;004;687+6+378+378+1+0+1+0+377;159+218
6;29;1100;005;492+0+385+385+1+1+2+24+383;131+252
6;29;1100;006;397+6+306+306+0+0+0+21+306;122+184
6;29;1100;007;77+4+74+74+0+0+0+3+74;11+63
6;29;1100;008;94+4+77+77+0+0+0+0+77;17+60
6;29;1100;009;243+3+162+162+0+2+2+0+160;69+91
6;29;1100;010;179+5+147+147+0+0+0+0+147;51+96
6;29;1100;011;73+5+67+67+0+0+0+3+67;32+35
6;29;1100;012;46+7+42+42+0+0+0+2+42;18+24
6;29;1100;013;113+5+85+85+0+0+0+3+85;35+50
6;29;1100;014;32+5+30+30+0+0+0+2+30;9+21
6;29;1100;015;45+6+39+39+0+0+0+0+39;10+29
6;29;1100;016;92+4+70+70+0+0+0+0+70;9+61
6;29;1100;017;208+2+93+93+0+0+0+3+93;34+59
6;29;1100;018;34+6+32+32+0+0+0+2+32;6+26
6;29;1100;019;77+3+51+51+0+0+0+0+51;18+33
6;29;1100;020;54+3+35+35+0+0+0+2+35;2+33
6;29;1100;021;127+4+100+100+0+0+0+0+100;25+75
6;29;1100;022;142+4+123+123+0+0+0+0+123;41+82
6;29;1100;023;57+3+46+46+0+0+0+0+46;9+37
6;29;1100;024;179+5+132+132+0+0+0+0+132;39+93
6;29;1100;025;197+6+152+152+0+1+1+17+151;47+104
6;29;1100;026;179+2+126+126+0+1+1+0+125;28+97
6;29;1100;027;52+4+56+56+0+0+0+0+56;21+35
6;29;1100;028;283+7+179+179+0+0+0+0+179;38+141
6;29;1100;029;62+2+48+48+0+0+0+0+48;21+27
6;29;1100;030;167+6+105+105+2+0+2+0+103;21+82
6;29;1700;001;928+4+580+580+2+0+2+36+578;190+388
6;29;1700;002;752+2+413+413+0+0+0+25+413;129+284
6;29;1700;003;811+6+515+515+0+0+0+29+515;221+294
6;29;1700;004;767+2+463+463+0+0+0+39+463;210+253
6;29;1700;005;666+3+425+425+2+2+4+0+421;142+279
6;29;1700;006;810+1+457+457+0+0+0+0+457;226+231
6;29;1700;007;786+1+484+484+1+0+1+39+483;182+301
6;29;1700;008;464+0+276+276+0+1+1+22+275;143+132
6;29;1700;009;751+0+555+555+2+0+2+40+553;62+491
6;29;1700;010;546+3+352+352+0+0+0+21+352;139+213
6;29;1700;011;441+4+314+314+1+1+2+0+312;27+285
6;29;1700;012;257+1+186+186+0+0+0+11+186;44+142
6;29;1700;013;165+0+121+121+0+0+0+0+121;37+84
6;29;1700;014;643+1+439+439+2+1+3+45+436;128+308
6;29;1700;015;300+3+225+225+0+0+0+21+225;42+183
6;29;1700;016;57+3+48+48+0+0+0+0+48;8+40
6;29;1700;017;384+1+301+301+0+0+0+27+301;69+232
6;29;1700;018;74+2+44+44+0+0+0+0+44;9+35
6;29;1800;001;631+4+378+378+0+0+0+16+378;147+231
6;29;1800;002;300+5+194+194+0+1+1+11+193;90+103
6;29;1800;003;55+2+42+42+0+0+0+0+42;12+30
6;29;1800;004;169+3+82+82+2+1+3+0+79;44+35
6;29;1800;005;102+2+68+68+0+0+0+0+68;52+16
6;29;1800;006;134+5+110+110+0+0+0+0+110;19+91
6;29;1800;007;54+3+41+41+0+0+0+0+41;17+24
6;29;1800;008;128+3+72+72+0+1+1+7+71;62+9
6;29;1800;009;64+2+48+48+0+0+0+2+48;5+43
6;29;1800;010;80+3+40+40+0+0+0+0+40;27+13
6;29;1800;011;72+4+58+58+0+0+0+0+58;50+8
6;29;1800;012;135+1+97+97+0+0+0+0+97;14+83
6;29;1900;001;524+4+379+379+1+0+1+5+378;83+295
6;29;1900;002;497+3+331+331+0+0+0+0+331;104+227
6;29;1900;003;588+1+438+438+0+0+0+0+438;138+300
6;29;1900;004;271+3+182+182+0+0+0+0+182;44+138
6;29;1900;005;162+2+104+104+0+0+0+0+104;23+81
6;29;1900;006;159+3+129+129+0+2+2+0+127;29+98
6;29;1900;007;206+2+141+141+0+0+0+0+141;58+83
6;29;1900;008;124+2+108+108+0+0+0+9+108;30+78
6;29;1900;009;168+2+89+89+0+1+1+0+88;35+53
6;29;1900;010;548+2+328+328+1+0+1+0+327;43+284
6;29;1900;011;492+1+264+264+0+1+1+3+263;66+197
6;29;1900;012;445+1+186+186+0+1+1+0+185;52+133
6;29;1900;013;230+1+128+128+0+2+2+0+126;10+116
6;29;1900;014;374+3+217+217+2+4+6+0+211;35+176
6;29;1900;015;628+0+347+347+2+1+3+12+344;50+294
6;29;1900;016;150+1+116+116+0+0+0+4+116;49+67
6;29;2800;001;874+0+500+500+0+0+0+22+500;169+331
6;29;2800;002;981+0+517+517+0+0+0+0+517;157+360
6;29;2800;003;1179+0+693+693+0+0+0+0+693;279+414
6;29;2800;004;909+0+451+451+2+0+2+0+449;124+325
6;29;2800;005;944+0+435+435+0+0+0+0+435;150+285
6;29;2800;006;921+1+497+497+1+0+1+17+496;172+324
6;29;2800;007;1030+0+546+546+2+1+3+33+543;191+352
6;29;2800;008;991+0+472+472+0+0+0+0+472;149+323
6;29;2800;009;1055+2+519+519+0+1+1+0+518;204+314
6;29;2800;010;1036+2+495+495+1+0+1+0+494;168+326
6;29;2800;011;1039+1+611+611+0+0+0+0+611;188+423
6;29;2800;012;1087+0+512+512+0+0+0+10+512;185+327
6;29;2800;013;1216+1+599+599+3+2+5+0+594;158+436
6;29;2800;014;1002+1+529+529+0+0+0+0+529;212+317
6;29;2800;015;1291+1+698+698+2+0+2+0+696;341+355
6;29;2800;016;173+0+126+126+0+0+0+0+126;30+96
6;29;2800;017;258+1+165+165+0+0+0+0+165;51+114
6;29;2800;018;196+3+123+123+0+0+0+0+123;44+79
6;29;2800;019;271+0+166+166+0+0+0+12+166;65+101
6;29;2800;020;233+3+175+175+1+0+1+9+174;52+122
6;29;2800;021;715+1+484+484+1+0+1+36+483;220+263
6;29;2800;022;403+2+247+247+0+0+0+4+247;99+148
6;29;2800;023;584+2+382+382+0+0+0+30+382;99+283
6;29;2800;024;790+0+465+465+0+1+1+0+464;126+338
6;29;2800;025;199+1+135+135+0+1+1+11+134;16+118
6;29;2800;026;116+1+98+98+0+0+0+0+98;30+68
6;29;2800;027;98+9+71+71+2+1+3+3+68;10+58
6;29;2800;028;177+2+122+122+0+1+1+0+121;37+84
6;29;2800;029;322+0+218+218+0+0+0+0+218;40+178
6;29;2800;030;280+1+179+179+0+0+0+2+179;29+150
6;29;2800;031;885+2+513+513+1+0+1+25+512;164+348
6;29;2800;032;131+3+80+80+0+0+0+2+80;42+38
6;29;2900;001;872+1+500+500+0+0+0+0+500;158+342
6;29;2900;002;1004+1+611+611+0+0+0+22+611;220+391
6;29;2900;003;443+0+286+286+2+0+2+0+284;99+185
6;29;2900;004;746+1+410+410+0+0+0+23+410;173+237
6;29;2900;005;764+1+396+396+0+0+0+0+396;136+260
6;29;2900;006;1009+0+534+534+0+0+0+29+534;170+364
6;29;2900;007;761+0+442+442+4+1+5+19+437;184+253
6;29;2900;008;551+1+267+267+0+0+0+12+267;118+149
6;29;2900;009;471+9+319+319+0+0+0+0+319;52+267
6;29;2900;010;298+3+210+210+0+1+1+7+209;64+145
6;29;2900;011;222+5+159+159+0+0+0+0+159;65+94
6;29;2900;012;286+4+180+180+0+0+0+0+180;24+156
6;29;2900;013;327+3+217+217+0+0+0+7+217;80+137
6;29;2900;014;323+8+191+191+0+0+0+0+191;86+105
6;29;2900;015;92+7+63+63+0+0+0+0+63;23+40
6;29;2900;016;229+4+145+145+1+0+1+8+144;52+92
6;29;3000;001;421+5+235+235+1+0+1+0+234;84+150
6;29;3000;002;129+0+74+74+0+0+0+0+74;37+37
6;29;3000;003;81+2+52+52+0+0+0+0+52;36+16
6;29;3000;004;76+2+60+60+0+0+0+0+60;5+55
6;29;3000;005;42+1+25+25+0+0+0+0+25;17+8
6;29;3000;006;197+1+110+110+0+2+2+0+108;54+54
6;29;3000;007;291+1+193+193+0+0+0+0+193;30+163
6;29;3000;008;40+1+39+39+0+0+0+0+39;7+32
6;29;3000;009;232+2+149+149+0+1+1+6+148;28+120
6;29;3000;010;61+1+47+47+0+0+0+0+47;10+37
6;29;3000;011;169+1+102+102+0+0+0+0+102;18+84
6;29;3000;012;489+3+312+312+0+0+0+7+312;60+252
6;29;3000;013;210+5+132+132+0+1+1+0+131;17+114
6;29;3000;014;77+1+60+60+0+0+0+0+60;11+49
6;29;3000;015;150+1+101+101+0+1+1+8+100;37+63
6;29;3000;016;214+2+113+113+0+0+0+0+113;27+86
6;29;3000;017;144+0+81+81+0+1+1+2+80;38+42
6;29;3000;018;255+2+166+166+1+1+2+10+164;35+129
6;29;3000;019;274+2+120+120+1+0+1+6+119;30+89
6;29;3000;020;178+1+163+163+0+0+0+0+163;11+152
6;29;3000;021;45+2+23+23+0+0+0+0+23;12+11
6;29;3000;022;151+1+115+115+0+0+0+0+115;25+90
6;29;3000;023;124+1+67+67+0+0+0+0+67;15+52
6;29;3000;024;120+1+77+77+1+0+1+0+76;29+47
6;29;3000;025;385+3+271+271+0+0+0+0+271;42+229
6;29;3000;026;269+4+174+174+0+0+0+6+174;64+110
6;29;3200;001;725+0+442+442+1+0+1+0+441;184+257
6;29;3200;002;764+1+470+470+0+0+0+0+470;218+252
6;29;3200;003;865+0+410+410+1+0+1+19+409;173+236
6;29;3200;004;774+1+451+451+4+0+4+0+447;168+279
6;29;3200;005;833+0+474+474+0+0+0+0+474;210+264
6;29;3200;006;769+0+434+434+0+0+0+31+434;159+275
6;29;3200;007;957+0+600+600+0+1+1+0+599;225+374
6;29;3200;009;240+3+140+140+0+0+0+0+140;34+106
6;29;3200;010;128+4+93+93+0+0+0+0+93;39+54
6;29;3200;011;219+4+143+143+0+1+1+0+142;55+87
6;29;3200;012;181+4+156+156+0+0+0+0+156;64+92
6;29;3200;013;373+3+255+255+0+0+0+0+255;74+181
6;29;3200;014;507+0+316+316+0+1+1+0+315;149+166
6;29;3200;015;660+2+354+354+0+0+0+0+354;142+212
6;29;3200;016;557+2+324+324+0+0+0+33+324;105+219
6;29;3200;017;95+2+74+74+0+0+0+0+74;27+47
6;29;3200;018;110+0+84+84+0+0+0+0+84;36+48
6;29;3200;019;707+2+416+416+1+0+1+0+415;100+315
6;29;3200;020;239+2+168+168+0+1+1+18+167;44+123
6;29;3200;021;678+3+437+437+0+1+1+0+436;68+368
6;29;3200;022;654+7+450+450+0+1+1+26+449;154+295
6;29;3200;023;688+1+407+407+0+0+0+21+407;159+248
6;29;3200;024;554+1+309+309+0+0+0+6+309;126+183
6;29;3200;025;442+4+446+446+1+0+1+21+445;187+258
6;29;3200;026;117+2+88+88+1+0+1+4+87;38+49
6;29;3300;001;736+0+418+418+2+0+2+14+416;134+282
6;29;3300;002;973+0+485+485+0+1+1+0+484;149+335
6;29;3300;003;919+0+468+468+0+0+0+0+468;194+274
6;29;3300;004;922+0+477+477+0+1+1+0+476;191+285
6;29;3300;005;736+0+392+392+0+0+0+0+392;127+265
6;29;3300;006;797+0+345+345+1+0+1+20+344;68+276
6;29;3300;007;957+0+368+368+0+1+1+13+367;92+275
6;29;3300;008;861+1+435+435+0+4+4+12+431;151+280
6;29;3300;009;964+0+492+492+0+0+0+16+492;200+292
6;29;3300;010;978+0+427+427+0+1+1+0+426;173+253
6;29;3300;011;867+0+466+466+0+0+0+16+466;209+257
6;29;3300;012;782+0+446+446+0+0+0+17+446;180+266
6;29;3300;013;748+0+395+395+0+0+0+14+395;140+255
6;29;3300;014;935+0+459+459+0+0+0+20+459;190+269
6;29;3300;015;1154+0+486+486+0+0+0+31+486;175+311
6;29;3300;016;931+0+531+531+1+1+2+15+529;253+276
6;29;3300;017;690+0+370+370+0+1+1+20+369;123+246
6;29;3300;018;899+0+477+477+1+0+1+0+476;172+304
6;29;3300;019;773+0+428+428+0+0+0+23+428;185+243
6;29;3300;020;955+0+553+553+1+0+1+25+552;83+469
6;29;3300;021;825+0+576+576+1+0+1+39+575;258+317
6;29;3300;022;35+2+31+31+0+0+0+0+31;5+26
6;29;3300;023;247+1+161+161+0+0+0+0+161;39+122
6;29;3300;024;231+1+153+153+0+1+1+4+152;32+120
6;29;3300;025;402+0+251+251+1+0+1+0+250;64+186
6;29;3300;026;324+0+196+196+0+0+0+0+196;61+135
6;29;3300;027;345+0+238+238+0+0+0+0+238;58+180
6;29;3300;028;83+1+71+71+0+0+0+0+71;26+45
6;29;3300;029;339+4+242+242+0+0+0+5+242;76+166
6;29;3300;030;339+0+258+258+1+0+1+0+257;46+211
6;29;3300;031;35+3+32+32+0+0+0+0+32;7+25
6;29;3300;032;132+1+94+94+0+0+0+6+94;36+58
6;29;3300;033;193+0+140+140+0+0+0+0+140;32+108
6;29;3300;034;181+1+182+182+0+0+0+0+182;63+119
6;29;3300;035;343+0+257+257+1+0+1+19+256;52+204
6;29;3300;036;112+0+85+85+0+0+0+0+85;38+47
6;29;3300;037;339+1+212+212+0+0+0+20+212;107+105
6;29;3300;038;134+1+85+85+0+0+0+0+85;29+56
6;29;3300;039;180+1+130+130+0+0+0+4+130;34+96
6;29;3300;040;621+0+420+420+0+2+2+0+418;83+335
6;29;3300;041;193+0+143+143+0+0+0+0+143;59+84
6;29;3300;042;247+0+186+186+0+0+0+5+186;55+131
6;29;3300;043;170+0+128+128+0+0+0+4+128;32+96
6;29;3300;044;311+0+114+114+0+0+0+0+114;24+90
6;29;3400;001;759+1+336+336+0+0+0+7+336;178+158
6;29;3400;002;658+1+246+246+0+0+0+9+246;123+123
6;29;3400;003;500+1+258+258+0+0+0+13+258;113+145
6;29;3400;004;1003+1+378+378+0+0+0+0+378;169+209
6;29;3400;005;915+0+326+326+0+0+0+0+326;133+193
6;29;3400;006;962+0+446+446+0+0+0+0+446;217+229
6;29;3400;007;1007+1+510+510+3+1+4+0+506;232+274
6;29;3400;008;766+2+418+418+2+2+4+22+414;165+249
6;29;3400;009;599+0+332+332+0+0+0+10+332;139+193
6;29;3400;010;824+1+364+364+0+0+0+10+364;185+179
6;29;3400;011;639+0+360+360+1+0+1+0+359;139+220
6;29;3400;012;850+0+477+477+0+0+0+0+477;207+270
6;29;3400;013;540+0+300+300+0+0+0+0+300;117+183
6;29;3400;014;586+0+360+360+0+0+0+0+360;170+190
6;29;3400;015;476+0+292+292+0+0+0+0+292;136+156
6;29;3400;016;624+0+355+355+2+0+2+0+353;176+177
6;29;3400;017;562+0+311+311+0+0+0+14+311;126+185
6;29;3400;018;513+0+255+255+0+0+0+12+255;98+157
6;29;3400;019;626+1+356+356+0+1+1+0+355;175+180
6;29;3400;020;903+0+532+532+0+0+0+19+532;259+273
6;29;3400;021;450+1+267+267+0+0+0+0+267;117+150
6;29;3400;022;569+0+378+378+0+0+0+15+378;152+226
6;29;3400;023;482+0+254+254+0+0+0+0+254;111+143
6;29;3400;024;516+1+326+326+0+0+0+7+326;144+182
6;29;3400;025;712+1+427+427+0+0+0+18+427;173+254
6;29;3400;026;841+0+377+377+0+1+1+11+376;146+230
6;29;3400;027;738+0+394+394+0+1+1+11+393;147+246
6;29;3400;028;734+2+401+401+0+0+0+13+401;127+274
6;29;3400;029;564+1+321+321+0+0+0+15+321;107+214
6;29;3400;030;410+2+250+250+0+1+1+0+249;83+166
6;29;3400;031;633+0+349+349+1+0+1+0+348;110+238
6;29;3400;032;868+0+413+413+0+0+0+7+413;129+284
6;29;3400;033;464+0+260+260+2+0+2+0+258;117+141
6;29;3400;034;613+2+370+370+0+0+0+0+370;156+214
6;29;3400;035;487+0+279+279+0+0+0+0+279;109+170
6;29;3400;036;519+2+248+248+0+0+0+18+248;107+141
6;29;3400;037;505+0+288+288+0+0+0+0+288;142+146
6;29;3400;038;715+0+355+355+0+0+0+0+355;193+162
6;29;3400;039;468+0+238+238+0+0+0+10+238;114+124
6;29;3400;040;477+0+252+252+0+0+0+0+252;113+139
6;29;3400;041;547+0+253+253+0+0+0+13+253;111+142
6;29;3400;042;639+1+311+311+0+0+0+14+311;131+180
6;29;3400;043;665+1+317+317+0+0+0+23+317;165+152
6;29;3400;044;380+1+179+179+0+0+0+5+179;85+94
6;29;3400;045;755+0+354+354+0+4+4+0+350;151+199
6;29;3400;046;555+1+264+264+1+0+1+7+263;93+170
6;29;3400;047;623+0+273+273+4+2+6+13+267;116+151
6;29;3400;048;593+0+252+252+0+0+0+0+252;72+180
6;29;3400;049;614+2+288+288+0+1+1+0+287;132+155
6;29;3400;050;498+0+254+254+1+0+1+0+253;88+165
6;29;3400;051;876+1+455+455+0+0+0+3+455;160+295
6;29;3400;052;914+0+466+466+1+0+1+0+465;150+315
6;29;3400;053;756+0+326+326+0+0+0+9+326;156+170
6;29;3400;054;487+1+235+235+0+0+0+0+235;75+160
6;29;3400;055;877+7+384+384+0+2+2+13+382;153+229
6;29;3400;056;662+0+299+299+0+0+0+5+299;144+155
6;29;3400;057;717+0+292+292+1+0+1+10+291;135+156
6;29;3400;058;668+0+304+304+1+0+1+7+303;111+192
6;29;3400;059;694+0+257+257+0+0+0+10+257;126+131
6;29;3400;060;674+0+359+359+1+7+8+24+351;204+147
6;29;3400;061;719+0+384+384+0+2+2+0+382;138+244
6;29;3400;062;767+0+362+362+1+4+5+24+357;174+183
6;29;3400;063;502+0+244+244+0+0+0+0+244;94+150
6;29;3400;064;926+0+436+436+0+0+0+22+436;310+126
6;29;3400;065;779+0+312+312+1+2+3+0+309;177+132
6;29;3400;066;497+0+255+255+0+0+0+3+255;89+166
6;29;3400;067;377+1+169+169+0+1+1+0+168;62+106
6;29;3400;068;795+0+175+175+1+0+1+3+174;75+99
6;29;3400;069;747+0+391+391+0+1+1+0+390;191+199
6;29;3400;070;732+0+396+396+1+0+1+0+395;185+210
6;29;3400;071;712+0+413+413+0+1+1+0+412;158+254
6;29;3400;072;748+1+407+407+0+0+0+0+407;177+230
6;29;3400;073;542+0+275+275+1+0+1+15+274;129+145
6;29;3400;074;701+0+399+399+3+0+3+22+396;147+249
6;29;3400;075;706+0+390+390+0+0+0+8+390;168+222
6;29;3400;076;715+1+399+399+0+0+0+15+399;151+248
6;29;3400;077;579+0+252+252+0+0+0+7+252;129+123
6;29;3400;078;590+1+371+371+0+0+0+0+371;160+211
6;29;3400;079;694+0+416+416+0+0+0+20+416;240+176
6;29;3400;080;778+3+443+443+0+1+1+0+442;192+250
6;29;3400;081;768+0+385+385+1+0+1+2+384;163+221
6;29;3400;082;635+0+277+277+0+0+0+7+277;124+153
6;29;3400;083;664+0+306+306+0+1+1+13+305;115+190
6;29;3400;084;542+0+247+247+0+0+0+0+247;104+143
6;29;3400;085;491+0+207+207+0+0+0+0+207;71+136
6;29;3400;086;532+0+149+149+1+0+1+0+148;107+41
6;29;3400;087;849+0+186+186+1+0+1+9+185;112+73
6;29;3400;088;759+0+228+228+0+1+1+4+227;137+90
6;29;3400;089;496+0+180+180+1+0+1+0+179;98+81
6;29;3400;090;528+2+193+193+0+0+0+0+193;122+71
6;29;3400;091;556+0+214+214+0+0+0+0+214;112+102
6;29;3400;092;404+0+232+232+1+0+1+14+231;109+122
6;29;3400;093;481+0+293+293+1+1+2+0+291;107+184
6;29;3400;094;487+0+298+298+2+0+2+16+296;157+139
6;29;3400;095;453+0+280+280+0+0+0+14+280;137+143
6;29;3400;096;514+3+322+322+0+0+0+0+322;151+171
6;29;3400;097;462+2+265+265+0+0+0+0+265;125+140
6;29;3400;098;653+1+327+327+0+0+0+0+327;164+163
6;29;3400;099;632+1+404+404+0+0+0+0+404;197+207
6;29;3400;100;469+0+298+298+0+0+0+0+298;150+148
6;29;3400;101;816+0+382+382+0+0+0+19+382;156+226
6;29;3400;102;759+2+391+391+0+0+0+0+391;177+214
6;29;3400;103;651+3+343+343+0+0+0+10+343;196+147
6;29;3400;104;444+0+195+195+0+0+0+0+195;77+118
6;29;3400;105;841+0+383+383+0+0+0+0+383;209+174
6;29;3400;106;972+0+358+358+4+0+4+13+354;199+155
6;29;3400;107;827+0+319+319+0+0+0+21+319;228+91
6;29;3400;108;545+0+317+317+0+0+0+8+317;101+216
6;29;3400;109;438+0+240+240+0+0+0+9+240;100+140
6;29;3400;110;416+2+211+211+0+0+0+8+211;62+149
6;29;3400;111;52+1+45+45+0+0+0+0+45;11+34
6;29;3400;112;180+3+103+103+0+0+0+0+103;27+76
6;29;3400;113;83+3+25+25+0+0+0+0+25;6+19
6;29;3400;114;567+1+352+352+0+0+0+0+352;100+252
6;29;3400;115;545+1+334+334+0+0+0+8+334;130+204
6;29;3400;116;508+2+301+301+1+0+1+21+300;96+204
6;29;3400;117;668+2+307+307+0+0+0+0+307;99+208
6;29;3400;118;172+4+110+110+1+0+1+0+109;46+63
6;29;3400;119;566+6+342+342+0+0+0+0+342;72+270
6;29;3400;120;621+3+413+413+0+0+0+0+413;67+346
6;29;3400;121;198+6+150+150+0+0+0+0+150;42+108
6;29;3400;122;673+5+302+302+0+0+0+0+302;93+209
6;29;3400;123;284+5+182+182+0+0+0+0+182;91+91
6;29;3400;124;438+6+322+322+0+1+1+0+321;59+262
6;29;3400;125;138+2+103+103+1+0+1+3+102;34+68
6;29;3400;126;647+0+304+304+0+0+0+13+304;101+203
6;29;3400;127;169+4+139+139+0+0+0+0+139;36+103
6;29;3400;128;104+5+81+81+0+0+0+0+81;16+65
6;29;3400;129;769+3+469+469+0+0+0+14+469;104+365
6;29;3400;130;507+3+261+261+0+0+0+11+261;63+198
6;29;3400;131;437+1+223+223+0+0+0+0+223;74+149
6;29;3400;132;548+2+328+328+0+1+1+11+327;77+250
6;29;3400;133;533+0+390+390+0+0+0+0+390;91+299
6;29;3400;134;161+2+122+122+0+0+0+0+122;30+92
6;29;3400;135;303+0+175+175+0+0+0+10+175;71+104
6;29;3400;136;107+2+75+75+2+1+3+4+72;19+53
6;29;3400;137;187+2+99+99+0+0+0+3+99;48+51
6;29;3400;138;265+7+115+115+0+1+1+10+114;27+87
6;29;3400;139;417+1+153+153+0+0+0+6+153;49+104
6;29;3400;140;523+13+202+202+0+0+0+0+202;49+153
6;29;3400;141;463+4+315+315+0+1+1+16+314;79+235
6;29;3400;142;393+0+241+241+0+0+0+0+241;84+157
6;29;3400;143;423+4+176+176+0+4+4+0+172;57+115
6;29;3400;144;425+0+149+149+0+0+0+0+149;59+90
6;29;3400;145;260+1+109+109+0+1+1+2+108;20+88
6;29;3400;146;575+4+322+322+1+0+1+3+321;56+265
6;29;3400;147;463+4+271+271+2+0+2+11+269;108+161
6;29;3400;148;383+3+136+136+0+1+1+3+135;54+81
6;29;3400;149;355+4+225+225+0+0+0+0+225;164+61
6;29;3400;150;255+8+214+214+0+0+0+0+214;29+185
6;29;3400;151;246+1+122+122+0+0+0+0+122;70+52
[END]

[AGGR]
29;6;   ;2+461+461+239340+759+130517+130517+146+132+278+2846+130239;49115+81124
[END]
