[INFO]
30;Ш│мен;301
[END]

[IZB]
30;6;   ;;18.11.2001;2;2;312
[END]

[NM]
3007;001;▒. Бо░╢и;05685;00
3007;002;▒. Бо┐н;05966;00
3007;003;▒. Б│йнови╢а;06865;00
3007;004;▒. Вене╢;10642;00
3007;005;▒. Габ░и╢а;14132;00
3007;006;▒. Дени╢а;20643;00
3007;007;▒. Д░ен╢и;23724;00
3007;008;▒. Изг░ев;32562;00
3007;009;▒. Капи▓ан Пе▓ко;36155;00
3007;010;▒. О▒енове╢;54119;00
3007;011;▒. С▓░а╡или╢а;69729;00
3007;012;▒. Че░на;80772;00
3007;013;▒. Че░ноглав╢и;81061;00
3007;014;▒. Я▒енково;87610;00
3010;001;▒. Бож│░ово;05075;00
3010;002;▒. Б┐ла ░ека;07692;00
3010;003;г░. В║░би╢а;12766;00
3010;004;▒. Иваново;32113;00
3010;005;▒. Конево;38306;00
3010;006;▒. К░айго░╢и;39298;00
3010;007;▒. К╝олмен;41054;00
3010;008;▒. Лове╢;43949;00
3010;009;▒. Маломи░;46773;00
3010;010;▒. Менги╕ево;47785;00
3010;011;▒. Ме▓одиево;47915;00
3010;012;▒. Нова б┐ла ░ека;51785;00
3010;013;▒. С▓ан┐н╢и;68847;00
3010;014;▒. С│╕ина;70398;00
3010;015;▒. Т│╕ови╢а;73537;00
3010;016;▒. Че░нооково;81222;00
3011;001;▒. Байково;02244;00
3011;002;▒. Близна╢и;04430;00
3011;004;▒. Ви▒ока пол┐на;11257;00
3011;005;▒. В║░бак;12663;00
3011;006;▒. Дл║жко;21289;00
3011;007;▒. Доб░и Войников;21405;00
3011;008;▒. Единаков╢и;27067;00
3011;009;▒. Живково;29341;00
3011;010;▒. Звего░;30421;00
3011;011;▒. Иглика;32250;00
3011;012;▒. Калино;35417;00
3011;013;▒. Камен┐к;35969;00
3011;014;▒. Развиго░ово;61697;00
3011;015;▒. Сливак;67283;00
3011;017;▒. С▓│дени╢а;70099;00
3011;018;▒. Те░вел;72285;00
3011;020;▒. Т░ем;73050;00
3011;021;▒. Тима░ево;;00
3011;022;▒. Хи▓░ино;14516;00
3018;002;▒. Б░ани╖ево;06094;00
3018;003;▒. Г│▒ла;18188;00
3018;004;▒. Дой░ан╢и;21811;00
3018;005;▒. Долина;21960;00
3018;006;▒. Заго░и╖е;30137;00
3018;007;г░. Каолиново;36079;00
3018;008;▒. Климен▓;37232;00
3018;010;▒. Ли▒и в░║╡;43846;00
3018;011;▒. Л┐▓но;44865;00
3018;012;▒. На│м;51158;00
3018;013;▒. Ома░╖ево;53521;00
3018;014;▒. П░и▒▓ое;58485;00
3018;015;▒. Сини ви░;66531;00
3018;016;▒. С░едкове╢;68388;00
3018;017;▒. Тодо░ Икономово;72549;00
3018;018;▒. Т║ка╖;73554;00
3019;001;▒. В║░б┐не;12838;00
3019;002;▒. Зла▓на нива;31084;00
3019;003;г░. Ка▒пи╖ан;36587;00
3019;004;▒. Ко▒ово;38804;00
3019;005;▒. К╛лев╖а;41109;00
3019;007;▒. Ма░ково;47319;00
3019;008;▒. Могила;48773;00
3019;009;г░. Пли▒ка;56770;00
3019;010;▒. Ка▒пи╖ан;36590;00
3021;001;▒. Векил▒ки;10330;00
3021;002;▒. В║лна░и;12509;00
3021;003;▒. Ка░авелово;36194;00
3021;004;▒. К░а▒ен дол;39548;00
3021;005;▒. К░ива ░ека;39760;00
3021;006;▒. Никола Козлево;51651;00
3021;007;▒. Пе▓ могили;56071;00
3021;008;▒. Р│жи╢а;63269;00
3021;009;▒. Х║░▒ово;77582;00
3021;010;▒. Цани Гин╖ево;78032;00
3021;011;▒. Ц║░кви╢а;78656;00
3022;001;▒. Беджене;03126;00
3022;002;▒. Войвода;11819;00
3022;003;▒. Енево;27471;00
3022;004;▒. Жилино;29391;00
3022;005;▒. Зай╖ино о░е╕е;30274;00
3022;006;▒. Изб│л;32353;00
3022;007;▒. Ми░ов╢и;48386;00
3022;008;г░. Нови паза░;52009;00
3022;009;▒. Пам│к╖и;55292;00
3022;010;▒. Пи▒а░ево;56486;00
3022;011;▒. П░авен╢и;58027;00
3022;012;▒. П░е▒елка;58205;00
3022;013;▒. Се╖и╣е;66353;00
3022;014;▒. С▓ан;68744;00
3022;015;▒. С▓о┐н Ми╡айлов▒ки;69506;00
3022;016;▒. Т░║ни╢а;73300;00
3023;001;г░. Велики П░е▒лав;58222;00
3023;002;▒. Д░агоево;23340;00
3023;003;▒. Зла▓а░;30942;00
3023;004;▒. Им░ен╖ево;32723;00
3023;005;▒. Ко╖ово;39133;00
3023;006;▒. Миланово;48132;00
3023;007;▒. Мок░е╕;48862;00
3023;008;▒. Мо▒▓и╖;49148;00
3023;009;▒. О▒ма░;54273;00
3023;010;▒. С│╡а ░ека;70278;00
3023;011;▒. Т░ои╢а;73170;00
3023;012;▒. Хан К░│м;78210;00
3025;001;▒. Алек▒анд░ово;00330;00
3025;002;▒. Б┐л б░┐г;07729;00
3025;003;▒. Ве▒елиново;10762;00
3025;004;▒. Жел║д;29177;00
3025;005;▒. К║лново;40840;00
3025;006;▒. Ново Янково;52310;00
3025;008;▒. Ри╕;62732;00
3025;009;г░. См┐дово;67708;00
3025;010;▒. Че░ни в░║╡;80950;00
3025;011;▒. Янково;87429;00
3030;001;▒. Белокопи▓ово;03633;00
3030;002;▒. Благово;04265;00
3030;003;▒. Ва▒ил Д░│мев;10176;00
3030;004;▒. Велино;10464;00
3030;005;▒. Ве▓░и╣е;10882;00
3030;006;▒. Ве╡▓ово;10923;00
3030;007;▒. Г░ади╣е;17573;00
3030;008;▒. Диби╖;20938;00
3030;009;▒. Д░│мево;23813;00
3030;010;▒. Иван▒ки;32158;00
3030;011;▒. Или┐ Бл║▒ков;32706;00
3030;012;▒. Кладене╢;37135;00
3030;013;▒. Ко▒▓ена ░ека;38892;00
3030;014;▒. Кон╝ове╢;41188;00
3030;015;▒. Лозево;44032;00
3030;016;▒. Мада░а;46053;00
3030;018;▒. Ма░а╕;47161;00
3030;019;▒. М║▓ни╢а;;00
3030;020;▒. Ново▒ел;52132;00
3030;021;▒. Ов╖а░ово;53240;00
3030;022;▒. Панайо▓ Волово;55316;00
3030;023;▒. Радко Дими▓░иево;61443;00
3030;024;▒. Салманово;65187;00
3030;025;▒. С░едн┐;68504;00
3030;026;▒. С▓░│йно;69924;00
3030;027;▒. Ца░ев б░од;78104;00
3030;028;▒. Че░ен╖а;80546;00
3030;029;г░. Ш│мен;83510;00
[END]

[SEC]
30;0700;001;6;001
30;0700;002;6;002
30;0700;003;6;003
30;0700;004;6;004
30;0700;005;6;005
30;0700;006;6;006
30;0700;007;6;007
30;0700;008;6;008
30;0700;009;6;009
30;0700;010;6;010
30;0700;011;6;011
30;0700;012;6;012
30;0700;013;6;013
30;0700;014;6;014
30;0700;015;6;014
30;0700;016;6;014
30;1000;001;6;001
30;1000;002;6;002
30;1000;003;6;002
30;1000;004;6;003
30;1000;005;6;003
30;1000;006;6;003
30;1000;007;6;004
30;1000;008;6;006
30;1000;009;6;005
30;1000;010;6;007
30;1000;011;6;008
30;1000;012;6;009
30;1000;013;6;010
30;1000;014;6;011
30;1000;015;6;012
30;1000;016;6;013
30;1000;017;6;014
30;1000;018;6;015
30;1000;019;6;016
30;1100;001;6;001
30;1100;002;6;002
30;1100;004;6;004
30;1100;005;6;005
30;1100;006;6;022
30;1100;007;6;006
30;1100;008;6;007
30;1100;009;6;008
30;1100;010;6;009
30;1100;011;6;010
30;1100;012;6;011
30;1100;013;6;012
30;1100;014;6;013
30;1100;015;6;021
30;1100;016;6;014
30;1100;017;6;015
30;1100;019;6;017
30;1100;020;6;018
30;1100;021;6;020
30;1800;001;6;002
30;1800;002;6;002
30;1800;003;6;003
30;1800;004;6;004
30;1800;005;6;005
30;1800;006;6;006
30;1800;007;6;007
30;1800;008;6;007
30;1800;009;6;007
30;1800;010;6;008
30;1800;011;6;008
30;1800;012;6;010
30;1800;013;6;011
30;1800;014;6;012
30;1800;015;6;013
30;1800;016;6;014
30;1800;017;6;014
30;1800;018;6;015
30;1800;019;6;016
30;1800;020;6;017
30;1800;021;6;017
30;1800;022;6;017
30;1800;023;6;018
30;1900;001;6;003
30;1900;002;6;003
30;1900;003;6;003
30;1900;004;6;003
30;1900;005;6;010
30;1900;006;6;010
30;1900;007;6;003
30;1900;008;6;008
30;1900;009;6;009
30;1900;010;6;009
30;1900;011;6;002
30;1900;012;6;001
30;1900;015;6;005
30;1900;016;6;007
30;1900;017;6;007
30;1900;018;6;004
30;2100;001;6;001
30;2100;002;6;002
30;2100;003;6;002
30;2100;004;6;003
30;2100;005;6;004
30;2100;006;6;005
30;2100;007;6;006
30;2100;008;6;007
30;2100;009;6;007
30;2100;010;6;008
30;2100;011;6;009
30;2100;012;6;010
30;2100;013;6;011
30;2200;001;6;008
30;2200;002;6;008
30;2200;003;6;008
30;2200;004;6;008
30;2200;005;6;008
30;2200;006;6;008
30;2200;007;6;008
30;2200;008;6;008
30;2200;009;6;008
30;2200;010;6;008
30;2200;011;6;008
30;2200;012;6;008
30;2200;013;6;008
30;2200;014;6;008
30;2200;015;6;008
30;2200;016;6;008
30;2200;017;6;008
30;2200;018;6;008
30;2200;019;6;015
30;2200;020;6;015
30;2200;021;6;001
30;2200;022;6;002
30;2200;023;6;003
30;2200;024;6;004
30;2200;025;6;005
30;2200;026;6;006
30;2200;027;6;007
30;2200;028;6;009
30;2200;029;6;009
30;2200;030;6;010
30;2200;031;6;011
30;2200;032;6;012
30;2200;033;6;013
30;2200;034;6;014
30;2200;035;6;016
30;2300;001;6;001
30;2300;002;6;001
30;2300;003;6;001
30;2300;004;6;001
30;2300;005;6;001
30;2300;006;6;001
30;2300;007;6;001
30;2300;008;6;001
30;2300;009;6;001
30;2300;010;6;001
30;2300;011;6;002
30;2300;012;6;002
30;2300;013;6;003
30;2300;014;6;003
30;2300;015;6;004
30;2300;016;6;005
30;2300;017;6;006
30;2300;018;6;007
30;2300;019;6;008
30;2300;020;6;009
30;2300;021;6;010
30;2300;022;6;011
30;2300;023;6;012
30;2300;024;6;001
30;2500;001;6;009
30;2500;002;6;009
30;2500;003;6;009
30;2500;004;6;009
30;2500;005;6;009
30;2500;006;6;001
30;2500;007;6;002
30;2500;008;6;003
30;2500;009;6;004
30;2500;010;6;005
30;2500;011;6;006
30;2500;012;6;008
30;2500;013;6;010
30;2500;014;6;011
30;3000;001;6;029
30;3000;002;6;029
30;3000;003;6;029
30;3000;004;6;029
30;3000;005;6;029
30;3000;006;6;029
30;3000;007;6;029
30;3000;008;6;029
30;3000;009;6;029
30;3000;010;6;029
30;3000;011;6;029
30;3000;012;6;029
30;3000;013;6;029
30;3000;014;6;029
30;3000;015;6;029
30;3000;016;6;029
30;3000;017;6;029
30;3000;018;6;029
30;3000;019;6;029
30;3000;020;6;029
30;3000;021;6;029
30;3000;022;6;029
30;3000;023;6;029
30;3000;024;6;029
30;3000;025;6;029
30;3000;026;6;029
30;3000;027;6;029
30;3000;028;6;029
30;3000;029;6;029
30;3000;030;6;029
30;3000;031;6;029
30;3000;032;6;029
30;3000;033;6;029
30;3000;034;6;029
30;3000;035;6;029
30;3000;036;6;029
30;3000;037;6;029
30;3000;038;6;029
30;3000;039;6;029
30;3000;040;6;029
30;3000;041;6;029
30;3000;042;6;029
30;3000;043;6;029
30;3000;044;6;029
30;3000;045;6;029
30;3000;046;6;029
30;3000;047;6;029
30;3000;048;6;029
30;3000;049;6;029
30;3000;050;6;029
30;3000;051;6;029
30;3000;052;6;029
30;3000;053;6;029
30;3000;054;6;029
30;3000;055;6;029
30;3000;056;6;029
30;3000;057;6;029
30;3000;058;6;029
30;3000;059;6;029
30;3000;060;6;029
30;3000;061;6;029
30;3000;062;6;029
30;3000;063;6;029
30;3000;064;6;029
30;3000;065;6;029
30;3000;066;6;029
30;3000;067;6;029
30;3000;068;6;029
30;3000;069;6;029
30;3000;070;6;029
30;3000;071;6;029
30;3000;072;6;029
30;3000;073;6;029
30;3000;074;6;029
30;3000;075;6;029
30;3000;076;6;029
30;3000;077;6;029
30;3000;078;6;029
30;3000;079;6;029
30;3000;080;6;029
30;3000;081;6;029
30;3000;082;6;029
30;3000;083;6;029
30;3000;084;6;029
30;3000;085;6;029
30;3000;086;6;001
30;3000;087;6;003
30;3000;088;6;006
30;3000;089;6;005
30;3000;090;6;007
30;3000;091;6;009
30;3000;092;6;004
30;3000;093;6;012
30;3000;094;6;008
30;3000;095;6;010
30;3000;096;6;010
30;3000;097;6;011
30;3000;098;6;014
30;3000;099;6;015
30;3000;100;6;018
30;3000;101;6;020
30;3000;102;6;021
30;3000;103;6;013
30;3000;104;6;022
30;3000;105;6;023
30;3000;106;6;024
30;3000;107;6;025
30;3000;108;6;026
30;3000;109;6;027
30;3000;110;6;027
30;3000;111;6;016
30;3000;112;6;028
30;3000;113;6;029
30;3000;114;6;019
30;3000;115;6;029
30;3000;116;6;002
30;3000;117;6;029
30;3000;118;6;029
30;3000;119;6;029
30;3000;120;6;029
30;3000;121;6;029
30;3000;122;6;029
30;3000;123;6;029
30;3000;124;6;029
30;3000;125;6;029
30;3000;126;6;029
30;3000;127;6;029
30;3000;128;6;029
30;3000;129;6;029
30;3000;130;6;029
30;3000;131;6;016
30;3000;132;6;029
30;3000;133;6;027
[END]

[MAJ]
30;6;   ;02;;;Пе▓║░ С▓е┤анов С▓о┐нов и Нели Пе▓░ова К│╢кова;, ;ПСС+НПК;30601;0;1
30;6;   ;05;;;Гео░ги Седе┤╖ов П║░ванов и Ангел Иванов Ма░ин;, ;ГСП+АИМ;60556;1;2
[END]

[PROP]
[END]

[LISTI]
[END]

[PROT]
6;30;0700;001;859+1+261+261+2+0+2+0+259;49+210
6;30;0700;002;766+2+198+198+0+1+1+9+197;73+124
6;30;0700;003;460+0+162+162+0+0+0+0+162;22+140
6;30;0700;004;1237+2+439+439+3+1+4+32+435;207+228
6;30;0700;005;451+0+214+214+3+0+3+0+211;52+159
6;30;0700;006;161+1+94+94+0+0+0+0+94;18+76
6;30;0700;007;389+2+210+210+0+1+1+5+209;55+154
6;30;0700;008;1080+0+213+213+1+0+1+29+212;78+134
6;30;0700;009;927+2+260+260+1+0+1+0+259;55+204
6;30;0700;010;449+0+272+272+0+3+3+18+269;41+228
6;30;0700;011;109+1+97+97+0+0+0+0+97;7+90
6;30;0700;012;307+4+182+182+0+1+1+3+181;17+164
6;30;0700;013;592+2+288+288+2+0+2+19+286;75+211
6;30;0700;014;652+1+269+269+0+0+0+0+269;34+235
6;30;0700;015;803+0+341+341+0+2+2+15+339;72+267
6;30;0700;016;768+0+344+344+0+2+2+30+342;36+306
6;30;1000;001;424+5+146+146+3+0+3+9+143;87+56
6;30;1000;002;442+5+184+184+2+1+3+22+181;71+110
6;30;1000;003;535+4+196+196+0+1+1+18+195;90+105
6;30;1000;004;846+1+484+484+2+0+2+0+482;170+312
6;30;1000;005;819+6+421+421+1+0+1+0+420;158+262
6;30;1000;006;947+1+439+439+0+1+1+52+438;180+258
6;30;1000;007;453+2+214+214+0+0+0+0+214;59+155
6;30;1000;008;213+2+86+86+0+0+0+0+86;29+57
6;30;1000;009;269+0+121+121+0+0+0+0+121;64+57
6;30;1000;010;82+0+49+49+0+0+0+0+49;26+23
6;30;1000;011;396+1+171+171+1+1+2+5+169;103+66
6;30;1000;012;419+2+242+242+0+0+0+7+242;135+107
6;30;1000;013;386+4+173+173+0+0+0+0+173;76+97
6;30;1000;014;476+1+144+144+0+1+1+0+143;26+117
6;30;1000;015;435+2+308+308+0+0+0+14+308;255+53
6;30;1000;016;576+2+207+207+5+1+6+7+201;73+128
6;30;1000;017;284+5+164+164+0+0+0+0+164;87+77
6;30;1000;018;809+2+411+411+0+2+2+19+409;152+257
6;30;1000;019;554+4+224+224+1+1+2+0+222;85+137
6;30;1100;001;218+0+84+84+2+0+2+0+82;49+33
6;30;1100;002;232+0+151+151+3+0+3+0+148;31+117
6;30;1100;004;350+0+124+124+0+3+3+2+121;58+63
6;30;1100;005;328+0+210+210+1+0+1+12+209;57+152
6;30;1100;006;842+3+445+445+0+2+2+38+443;77+366
6;30;1100;007;203+0+117+117+2+2+4+0+113;23+90
6;30;1100;008;183+0+74+74+0+0+0+0+74;24+50
6;30;1100;009;188+4+78+78+0+0+0+0+78;19+59
6;30;1100;010;581+0+319+319+3+4+7+24+312;55+257
6;30;1100;011;339+1+215+215+0+0+0+0+215;23+192
6;30;1100;012;252+2+141+141+0+0+0+5+141;87+54
6;30;1100;013;170+0+129+129+1+0+1+0+128;10+118
6;30;1100;014;427+1+271+271+1+0+1+18+270;66+204
6;30;1100;015;1164+0+314+314+2+0+2+0+312;55+257
6;30;1100;016;257+2+159+159+1+1+2+0+157;31+126
6;30;1100;017;227+2+135+135+1+1+2+0+133;19+114
6;30;1100;019;570+0+200+200+1+0+1+9+199;18+181
6;30;1100;020;338+0+208+208+0+0+0+0+208;51+157
6;30;1100;021;360+0+163+163+0+1+1+0+162;54+108
6;30;1800;001;513+0+456+456+0+0+0+6+456;55+401
6;30;1800;002;723+0+642+642+0+0+0+0+642;57+585
6;30;1800;003;746+0+415+415+0+0+0+0+415;63+352
6;30;1800;004;513+0+248+248+1+0+1+7+247;70+177
6;30;1800;005;452+1+232+232+1+0+1+18+231;53+178
6;30;1800;006;661+0+606+606+2+2+4+14+602;21+581
6;30;1800;007;749+2+281+281+0+0+0+7+281;48+233
6;30;1800;008;648+0+207+207+0+2+2+11+205;15+190
6;30;1800;009;836+1+245+245+1+0+1+0+244;65+179
6;30;1800;010;686+0+321+321+0+0+0+0+321;56+265
6;30;1800;011;681+1+350+350+1+0+1+6+349;29+320
6;30;1800;012;47+2+28+28+0+0+0+0+28;10+18
6;30;1800;013;607+0+233+233+0+0+0+0+233;97+136
6;30;1800;014;451+0+299+299+0+1+1+0+298;17+281
6;30;1800;015;46+1+26+26+0+0+0+0+26;3+23
6;30;1800;016;518+2+320+320+0+0+0+0+320;77+243
6;30;1800;017;391+3+248+248+3+0+3+0+245;41+204
6;30;1800;018;298+5+298+298+0+0+0+0+298;156+142
6;30;1800;019;786+0+369+369+0+0+0+0+369;46+323
6;30;1800;020;591+1+283+283+0+2+2+0+281;38+243
6;30;1800;021;624+0+287+287+0+0+0+0+287;37+250
6;30;1800;022;595+0+290+290+1+1+2+5+288;83+205
6;30;1800;023;779+1+333+333+0+0+0+0+333;85+248
6;30;1900;001;525+0+257+257+0+0+0+29+257;87+170
6;30;1900;002;587+0+319+319+0+0+0+4+319;109+210
6;30;1900;003;907+0+465+465+2+0+2+25+463;141+322
6;30;1900;004;885+0+480+480+1+0+1+37+479;178+301
6;30;1900;005;539+0+240+240+0+0+0+5+240;81+159
6;30;1900;006;676+1+368+368+1+1+2+11+366;128+238
6;30;1900;007;250+7+148+148+0+1+1+8+147;35+112
6;30;1900;008;463+3+303+303+0+0+0+7+303;66+237
6;30;1900;009;456+0+327+327+1+0+1+12+326;126+200
6;30;1900;010;503+1+347+347+0+0+0+24+347;125+222
6;30;1900;011;489+13+242+242+0+0+0+0+242;53+189
6;30;1900;012;289+1+174+174+1+0+1+0+173;58+115
6;30;1900;015;437+0+321+321+0+1+1+16+320;71+249
6;30;1900;016;439+0+245+245+0+0+0+0+245;23+222
6;30;1900;017;185+1+114+114+0+0+0+5+114;19+95
6;30;1900;018;215+5+141+141+0+2+2+7+139;20+119
6;30;2100;001;114+3+84+84+0+0+0+4+84;23+61
6;30;2100;002;664+6+401+401+11+1+12+0+389;162+227
6;30;2100;003;639+0+393+393+1+2+3+0+390;74+316
6;30;2100;004;364+0+167+167+0+0+0+0+167;55+112
6;30;2100;005;130+0+85+85+0+0+0+0+85;13+72
6;30;2100;006;391+1+168+168+0+0+0+5+168;67+101
6;30;2100;007;656+0+397+397+0+0+0+14+397;60+337
6;30;2100;008;607+0+300+300+0+2+2+0+298;78+220
6;30;2100;009;476+0+181+181+0+1+1+0+180;40+140
6;30;2100;010;359+2+228+228+0+0+0+10+228;40+188
6;30;2100;011;321+0+192+192+0+0+0+0+192;51+141
6;30;2100;012;423+0+251+251+0+0+0+0+251;26+225
6;30;2100;013;543+0+220+220+0+0+0+0+220;69+151
6;30;2200;001;703+0+331+331+0+0+0+10+331;125+206
6;30;2200;002;984+0+313+313+1+0+1+19+312;180+132
6;30;2200;003;891+0+357+357+1+1+2+11+355;142+213
6;30;2200;004;645+0+328+328+1+0+1+17+327;84+243
6;30;2200;005;743+1+340+340+0+0+0+4+340;97+243
6;30;2200;006;711+0+366+366+2+0+2+18+364;133+231
6;30;2200;007;668+1+336+336+0+0+0+9+336;86+250
6;30;2200;008;717+0+378+378+2+0+2+13+376;83+293
6;30;2200;009;626+2+347+347+0+0+0+8+347;100+247
6;30;2200;010;733+0+307+307+0+0+0+15+307;80+227
6;30;2200;011;802+0+360+360+0+0+0+18+360;99+261
6;30;2200;012;579+0+299+299+0+1+1+7+298;95+203
6;30;2200;013;753+0+343+343+1+0+1+20+342;101+241
6;30;2200;014;759+0+308+308+0+0+0+9+308;77+231
6;30;2200;015;744+1+392+392+0+0+0+9+392;104+288
6;30;2200;016;539+0+267+267+0+0+0+23+267;77+190
6;30;2200;017;727+3+374+374+0+0+0+9+374;89+285
6;30;2200;018;711+0+361+361+0+0+0+12+361;90+271
6;30;2200;019;482+4+190+190+1+0+1+0+189;69+120
6;30;2200;020;496+3+215+215+1+0+1+13+214;77+137
6;30;2200;021;46+5+37+37+0+0+0+0+37;13+24
6;30;2200;022;607+1+254+254+1+0+1+0+253;96+157
6;30;2200;023;351+9+220+220+0+0+0+9+220;51+169
6;30;2200;024;155+2+98+98+0+0+0+5+98;27+71
6;30;2200;025;227+2+166+166+0+1+1+0+165;39+126
6;30;2200;026;461+3+192+192+1+0+1+0+191;63+128
6;30;2200;027;358+5+219+219+0+0+0+0+219;31+188
6;30;2200;028;709+4+263+263+1+0+1+7+262;72+190
6;30;2200;029;805+2+229+229+0+1+1+4+228;123+105
6;30;2200;030;80+5+58+58+0+0+0+0+58;16+42
6;30;2200;031;266+1+142+142+0+1+1+8+141;47+94
6;30;2200;032;219+5+159+159+0+1+1+4+158;63+95
6;30;2200;033;156+6+89+89+0+0+0+0+89;21+68
6;30;2200;034;336+5+218+218+0+1+1+12+217;35+182
6;30;2200;035;107+5+70+70+0+0+0+7+70;22+48
6;30;2300;001;817+0+423+423+1+0+1+24+422;178+244
6;30;2300;002;891+0+414+414+0+0+0+21+414;190+224
6;30;2300;003;818+2+452+452+0+2+2+0+450;198+252
6;30;2300;004;722+0+377+377+0+0+0+22+377;152+225
6;30;2300;005;892+0+403+403+0+0+0+36+403;135+268
6;30;2300;006;896+2+420+420+0+2+2+59+418;114+304
6;30;2300;007;593+2+290+290+2+1+3+0+287;114+173
6;30;2300;008;923+0+457+457+1+0+1+22+456;181+275
6;30;2300;009;500+5+271+271+0+0+0+0+271;166+105
6;30;2300;010;938+0+453+453+0+2+2+0+451;148+303
6;30;2300;011;470+1+281+281+0+0+0+6+281;65+216
6;30;2300;012;530+2+288+288+0+2+2+19+286;77+209
6;30;2300;013;632+4+291+291+1+2+3+0+288;78+210
6;30;2300;014;378+7+207+207+0+0+0+0+207;68+139
6;30;2300;015;348+3+201+201+0+0+0+9+201;67+134
6;30;2300;016;682+7+360+360+0+3+3+0+357;149+208
6;30;2300;017;560+3+264+264+3+3+6+12+258;143+115
6;30;2300;018;312+7+110+110+0+2+2+0+108;51+57
6;30;2300;019;343+3+158+158+0+0+0+0+158;77+81
6;30;2300;020;258+5+173+173+1+0+1+0+172;54+118
6;30;2300;021;144+5+102+102+0+0+0+0+102;49+53
6;30;2300;022;714+5+284+284+2+3+5+0+279;53+226
6;30;2300;023;329+4+234+234+0+1+1+18+233;75+158
6;30;2300;024;41+1+25+25+0+0+0+0+25;7+18
6;30;2500;001;781+3+377+377+0+0+0+27+377;145+232
6;30;2500;002;647+0+329+329+0+0+0+24+329;105+224
6;30;2500;003;505+1+243+243+0+0+0+0+243;82+161
6;30;2500;004;888+1+387+387+4+0+4+26+383;116+267
6;30;2500;005;913+2+429+429+1+3+4+28+425;130+295
6;30;2500;006;90+4+81+81+0+0+0+9+81;27+54
6;30;2500;007;313+2+243+243+0+0+0+21+243;62+181
6;30;2500;008;694+1+394+394+1+1+2+34+392;193+199
6;30;2500;009;99+2+71+71+0+0+0+7+71;19+52
6;30;2500;010;165+7+124+124+0+0+0+0+124;32+92
6;30;2500;011;140+3+73+73+0+0+0+0+73;24+49
6;30;2500;012;831+4+394+394+0+0+0+44+394;200+194
6;30;2500;013;90+5+40+40+0+0+0+4+40;5+35
6;30;2500;014;684+3+404+404+0+3+3+39+401;180+221
6;30;3000;001;957+0+294+294+1+0+1+13+293;115+178
6;30;3000;002;744+0+254+254+0+1+1+8+253;90+163
6;30;3000;003;882+1+422+422+0+0+0+13+422;198+224
6;30;3000;004;863+0+398+398+0+0+0+23+398;188+210
6;30;3000;005;983+0+512+512+0+0+0+16+512;229+283
6;30;3000;006;997+0+517+517+3+1+4+20+513;221+292
6;30;3000;007;1012+2+545+545+0+0+0+20+545;236+309
6;30;3000;008;902+1+526+526+1+1+2+23+524;193+331
6;30;3000;009;790+3+433+433+0+0+0+17+433;172+261
6;30;3000;010;981+0+583+583+0+0+0+22+583;242+341
6;30;3000;011;812+2+531+531+0+0+0+27+531;190+341
6;30;3000;012;802+0+425+425+0+0+0+20+425;188+237
6;30;3000;013;718+0+423+423+1+0+1+16+422;165+257
6;30;3000;014;675+0+329+329+1+0+1+16+328;128+200
6;30;3000;015;570+3+222+222+0+0+0+10+222;85+137
6;30;3000;016;577+0+341+341+1+1+2+14+339;129+210
6;30;3000;017;462+0+263+263+1+0+1+0+262;90+172
6;30;3000;018;772+0+441+441+1+0+1+18+440;147+293
6;30;3000;019;767+0+438+438+4+0+4+19+434;166+268
6;30;3000;020;812+4+417+417+2+1+3+25+414;184+230
6;30;3000;021;732+3+410+410+0+0+0+15+410;134+276
6;30;3000;022;867+1+418+418+2+0+2+20+416;131+285
6;30;3000;023;857+0+478+478+0+0+0+19+478;189+289
6;30;3000;024;869+0+487+487+0+0+0+30+487;224+263
6;30;3000;025;764+0+386+386+1+0+1+10+385;151+234
6;30;3000;026;941+4+353+353+0+0+0+10+353;168+185
6;30;3000;027;1094+0+621+621+0+0+0+20+621;273+348
6;30;3000;028;1006+0+502+502+2+0+2+18+500;226+274
6;30;3000;029;512+1+362+362+0+0+0+15+362;79+283
6;30;3000;030;610+0+388+388+0+0+0+0+388;106+282
6;30;3000;031;549+1+349+349+5+0+5+0+344;139+205
6;30;3000;032;655+0+394+394+3+0+3+19+391;148+243
6;30;3000;033;837+2+471+471+1+0+1+12+470;252+218
6;30;3000;034;961+4+530+530+0+0+0+15+530;304+226
6;30;3000;035;940+0+489+489+0+0+0+6+489;233+256
6;30;3000;036;711+1+377+377+0+0+0+13+377;173+204
6;30;3000;037;1026+0+541+541+0+0+0+20+541;204+337
6;30;3000;038;624+1+307+307+1+0+1+21+306;102+204
6;30;3000;039;705+0+395+395+0+0+0+7+395;125+270
6;30;3000;040;550+0+298+299+1+0+1+14+298;96+202
6;30;3000;041;722+1+432+432+0+0+0+0+432;157+275
6;30;3000;042;995+1+498+498+1+1+2+18+496;196+300
6;30;3000;043;869+0+482+482+0+0+0+30+482;210+272
6;30;3000;044;641+1+349+349+0+1+1+15+348;154+194
6;30;3000;045;1048+0+472+472+1+0+1+14+471;177+294
6;30;3000;046;771+0+375+375+1+1+2+0+373;171+202
6;30;3000;047;713+0+360+360+0+0+0+9+360;157+203
6;30;3000;048;800+1+407+407+1+1+2+3+405;185+220
6;30;3000;049;967+0+420+420+1+0+1+0+419;154+265
6;30;3000;050;674+0+262+262+1+0+1+8+261;93+168
6;30;3000;051;924+0+347+347+0+1+1+0+346;144+202
6;30;3000;052;351+1+120+120+0+0+0+0+120;58+62
6;30;3000;053;852+0+307+307+3+0+3+0+304;114+190
6;30;3000;054;874+1+327+327+1+0+1+0+326;115+211
6;30;3000;055;1011+0+301+301+0+0+0+12+301;141+160
6;30;3000;056;1048+0+469+469+0+1+1+16+468;156+312
6;30;3000;057;894+0+385+385+1+0+1+0+384;145+239
6;30;3000;058;806+1+328+328+0+0+0+9+328;117+211
6;30;3000;059;803+0+356+356+0+0+0+13+356;127+229
6;30;3000;060;787+1+300+300+1+0+1+12+299;111+188
6;30;3000;061;871+1+375+375+1+1+2+0+373;180+193
6;30;3000;062;651+1+269+269+0+0+0+0+269;107+162
6;30;3000;063;1025+1+348+348+0+0+0+36+348;236+112
6;30;3000;064;973+0+316+316+0+0+0+6+316;170+146
6;30;3000;065;1060+1+564+564+0+0+0+18+564;195+369
6;30;3000;066;924+2+477+477+0+0+0+19+477;186+291
6;30;3000;067;646+1+327+327+1+0+1+0+326;122+204
6;30;3000;068;910+11+288+288+0+2+2+0+286;137+149
6;30;3000;069;818+0+252+252+0+0+0+0+252;107+145
6;30;3000;070;719+2+324+324+0+0+0+15+324;110+214
6;30;3000;071;931+0+490+490+1+0+1+28+489;162+327
6;30;3000;072;978+0+500+500+0+0+0+20+500;156+344
6;30;3000;073;1029+0+456+456+2+0+2+9+454;162+292
6;30;3000;074;802+4+377+377+2+0+2+0+375;126+249
6;30;3000;075;828+1+382+382+0+0+0+14+382;134+248
6;30;3000;076;757+1+324+324+0+0+0+0+324;114+210
6;30;3000;077;699+0+310+310+1+0+1+0+309;126+183
6;30;3000;078;968+1+465+465+0+0+0+15+465;158+307
6;30;3000;079;798+0+395+395+1+0+1+34+394;145+249
6;30;3000;080;724+0+352+352+1+0+1+0+351;123+228
6;30;3000;081;892+1+378+378+0+0+0+0+378;157+221
6;30;3000;082;978+3+494+494+1+0+1+33+493;158+335
6;30;3000;083;989+0+528+528+0+1+1+54+527;142+385
6;30;3000;084;952+3+518+518+0+0+0+40+518;120+398
6;30;3000;085;919+2+500+500+0+0+0+21+500;123+377
6;30;3000;086;168+3+121+121+0+0+0+3+121;26+95
6;30;3000;087;182+2+114+114+0+0+0+0+114;37+77
6;30;3000;088;542+3+296+296+0+0+0+17+296;133+163
6;30;3000;089;208+5+123+123+0+0+0+6+123;41+82
6;30;3000;090;711+2+285+285+0+0+0+0+285;103+182
6;30;3000;091;853+3+418+418+0+2+2+0+416;136+280
6;30;3000;092;322+3+231+231+0+0+0+9+231;52+179
6;30;3000;093;142+4+91+91+0+1+1+4+90;35+55
6;30;3000;094;842+2+485+485+0+1+1+58+484;124+360
6;30;3000;095;516+6+308+308+0+0+0+25+308;121+187
6;30;3000;096;674+10+387+387+0+0+0+20+387;102+285
6;30;3000;097;305+7+188+188+0+0+0+0+188;48+140
6;30;3000;098;369+5+76+76+0+0+0+0+76;18+58
6;30;3000;099;251+13+155+155+0+0+0+10+155;36+119
6;30;3000;100;428+3+270+270+0+0+0+8+270;78+192
6;30;3000;101;538+1+273+273+0+0+0+10+273;84+189
6;30;3000;102;147+2+103+103+0+0+0+4+103;25+78
6;30;3000;103;65+4+55+55+0+1+1+0+54;17+37
6;30;3000;104;252+2+149+149+0+0+0+13+149;40+109
6;30;3000;105;285+3+203+203+0+1+1+7+202;79+123
6;30;3000;106;688+7+393+393+0+0+0+0+393;133+260
6;30;3000;107;386+4+137+137+1+0+1+6+136;39+97
6;30;3000;108;310+7+193+193+0+0+0+0+193;36+157
6;30;3000;109;502+3+274+274+2+0+2+8+272;77+195
6;30;3000;110;671+3+312+312+0+0+0+16+312;81+231
6;30;3000;111;446+7+283+283+0+0+0+283+283;55+228
6;30;3000;112;376+8+125+125+0+1+1+0+124;42+82
6;30;3000;113;616+2+399+399+0+0+0+0+399;99+300
6;30;3000;114;542+0+300+300+0+0+0+17+300;87+213
6;30;3000;115;806+1+322+322+0+0+0+0+322;108+214
6;30;3000;116;86+7+69+69+0+0+0+2+69;33+36
6;30;3000;117;229+5+56+56+0+0+0+1+56;46+10
6;30;3000;118;979+1+336+336+0+0+0+0+336;137+199
6;30;3000;119;687+0+247+247+1+0+1+7+246;98+148
6;30;3000;120;841+0+454+454+0+0+0+15+454;125+329
6;30;3000;121;688+0+298+298+0+0+0+5+298;86+212
6;30;3000;122;1002+1+398+398+0+1+1+15+397;196+201
6;30;3000;123;90+0+50+50+0+0+0+6+50;10+40
6;30;3000;124;322+0+105+105+1+0+1+0+104;46+58
6;30;3000;125;673+2+275+275+2+0+2+2+273;115+158
6;30;3000;126;633+0+304+304+0+1+1+14+303;111+192
6;30;3000;127;774+1+355+355+1+2+3+17+352;143+209
6;30;3000;128;670+1+338+338+0+0+0+0+338;141+197
6;30;3000;129;613+5+282+282+0+3+3+2+279;86+193
6;30;3000;130;653+0+316+316+0+0+0+17+316;128+188
6;30;3000;131;606+3+413+413+2+0+2+16+411;74+337
6;30;3000;132;92+0+52+52+0+2+2+0+50;12+38
6;30;3000;133;67+0+59+59+0+0+0+0+59;31+28
[END]

[AGGR]
30;6;   ;2+312+312+185671+556+91445+91446+168+121+289+3317+91157;30601+60556
[END]
