[INFO]
31;Ямбол;301
[END]

[IZB]
31;6;   ;;18.11.2001;2;2;241
[END]

[NM]
3103;001;г░. Бол┐░ово;05284;00
3103;002;▒. Воден;11658;00
3103;003;▒. В║л╖и изво░;12588;00
3103;004;▒. Гол┐мо К░│╕ево;15881;00
3103;005;▒. Го░▒ка пол┐на;17097;00
3103;006;▒. Денни╢а;20657;00
3103;007;▒. Д║бово;24356;00
3103;008;▒. Зла▓ини╢а;31019;00
3103;009;▒. Иглика;32264;00
3103;010;▒. Камен в░║╡;35756;00
3103;011;▒. К░айново;39356;00
3103;012;▒. Малко Ша░ково;46704;00
3103;013;▒. Мама░╖ево;46958;00
3103;014;▒. Оман;53504;00
3103;015;▒. Попово;57652;00
3103;016;▒. Р│жи╢а;63272;00
3103;017;▒. Си▓ово;66679;00
3103;018;▒. С▓е┤ан Ка░аджово;69208;00
3103;019;▒. С▓░анджа;69674;00
3103;020;▒. Ша░ково;83051;00
3107;001;▒. Бо░и▒ово;05520;00
3107;002;▒. Бо┐ново;06001;00
3107;003;▒. В║л╖а пол┐на;12530;00
3107;004;▒. Гол┐м Де░вен▓;15730;00
3107;005;▒. Г░ани▓ово;17748;00
3107;006;▒. Доб░и╖;21542;00
3107;007;г░. Ел╡ово;27382;00
3107;008;▒. Ж░ебино;29516;00
3107;009;▒. Изг░ев;32576;00
3107;010;▒. Ки░илово;36909;00
3107;011;▒. Лалково;43116;00
3107;012;▒. Ле▒ово;43459;00
3107;013;▒. Малко Ки░илово;46615;00
3107;014;▒. Маломи░ово;46797;00
3107;015;▒. Мал║к мана▒▓и░;46904;00
3107;016;▒. Мелни╢а;47768;00
3107;017;▒. П╖ела;58801;00
3107;018;▒. Раздел;61738;00
3107;019;▒. Славейково;66980;00
3107;020;▒. С▓░ойно;69883;00
3107;021;▒. Т░║нково;73328;00
3107;022;▒. Че░нозем;81121;00
3122;001;▒. Алек▒анд░ово;00343;00
3122;002;▒. А▓олово;00816;00
3122;003;▒. Бого░ово;04786;00
3122;004;▒. Водени╖ане;11661;00
3122;005;▒. Войника;11908;00
3122;006;▒. Джино▓;20804;00
3122;007;▒. Зимни╢а;30898;00
3122;009;▒. И░е╖еково;32771;00
3122;010;▒. Камене╢;35794;00
3122;011;▒. Ле┐░ово;43615;00
3122;012;▒. Лозене╢;44118;00
3122;013;▒. Л╛лин;44666;00
3122;014;▒. Маленово;46303;00
3122;015;▒. Нед┐л▒ко;51384;00
3122;016;▒. Пала│зово;55244;00
3122;017;▒. Пол┐на;57409;00
3122;018;▒. П░авдино;58003;00
3122;019;▒. П║░вене╢;59046;00
3122;020;▒. Са░ан▒ко;65406;00
3122;021;г░. С▓░алджа;69660;00
3122;022;▒. Тама░ино;72076;00
3122;023;▒. Ча░да;80220;00
3125;001;▒. А▒еново;00758;00
3125;002;▒. Безме░;03229;00
3125;003;▒. Бол┐░▒ко;05308;00
3125;004;▒. Бо▓ево;05863;00
3125;005;▒. Бо┐джик;05952;00
3125;006;▒. Ве▒елиново;10776;00
3125;007;▒. Видин╢и;10985;00
3125;008;▒. Гене░ал То╕ево;14725;00
3125;009;▒. Гол┐м мана▒▓и░;15789;00
3125;010;▒. Г║л║бин╢и;18259;00
3125;011;▒. Д░ажево;23501;00
3125;012;▒. Д░ама;23557;00
3125;013;▒. Д░┐ново;23978;00
3125;014;▒. Завой;30096;00
3125;015;▒. Зла▓а░и;30956;00
3125;016;▒. Гене░ал Инзово;32740;00
3125;017;▒. Кабиле;35028;00
3125;018;▒. Кал╖ево;35609;00
3125;019;▒. Ка░авелово;36200;00
3125;020;▒. Коза░ево;37681;00
3125;021;▒. Коневе╢;38279;00
3125;022;▒. К░│мово;40018;00
3125;023;▒. К│ко░ево;40484;00
3125;024;▒. Маломи░;46783;00
3125;025;▒. Меден кладене╢;47562;00
3125;026;▒. Межда;47682;00
3125;027;▒. Миладинов╢и;48101;00
3125;028;▒. Могила;48787;00
3125;029;▒. Ов╖и кладене╢;53299;00
3125;030;▒. Окоп;53480;00
3125;031;▒. Победа;56873;00
3125;032;▒. Робово;62757;00
3125;033;▒. Роза;62921;00
3125;034;▒. Савино;65036;00
3125;035;▒. Симеоново;66456;00
3125;036;▒. Скали╢а;66737;00
3125;037;▒. Сламино;67177;00
3125;038;▒. С▓а░а ░ека;68878;00
3125;039;▒. Тенево;72240;00
3125;040;▒. Т║░нава;73657;00
3125;041;▒. Хаджидими▓░ово;77030;00
3125;042;▒. Ханово;77150;00
3125;043;▒. Ча░ган;80217;00
3125;044;▒. Челник;80306;00
3126;001;г░. Ямбол;87374;00
[END]

[SEC]
31;0300;001;6;001
31;0300;002;6;001
31;0300;003;6;016
31;0300;004;6;003
31;0300;005;6;005
31;0300;006;6;004
31;0300;007;6;018
31;0300;008;6;006
31;0300;009;6;014
31;0300;010;6;010
31;0300;011;6;007
31;0300;012;6;015
31;0300;013;6;008
31;0300;014;6;013
31;0300;015;6;012
31;0300;016;6;020
31;0300;017;6;017+009
31;0300;018;6;011
31;0300;019;6;002
31;0300;020;6;019
31;0700;001;6;007
31;0700;002;6;007
31;0700;003;6;007
31;0700;004;6;007
31;0700;005;6;007
31;0700;006;6;007
31;0700;007;6;007
31;0700;008;6;007
31;0700;009;6;007
31;0700;010;6;007
31;0700;011;6;007
31;0700;012;6;007
31;0700;013;6;007
31;0700;014;6;007
31;0700;015;6;007
31;0700;016;6;001
31;0700;017;6;002
31;0700;018;6;003
31;0700;019;6;004
31;0700;020;6;005
31;0700;021;6;006
31;0700;022;6;008
31;0700;023;6;009
31;0700;024;6;010
31;0700;025;6;011
31;0700;026;6;012
31;0700;027;6;014+019
31;0700;028;6;015
31;0700;029;6;016
31;0700;030;6;013
31;0700;031;6;017
31;0700;032;6;018
31;0700;033;6;020
31;0700;034;6;021
31;0700;035;6;022
31;2200;001;6;021
31;2200;002;6;021
31;2200;003;6;021
31;2200;004;6;021
31;2200;005;6;021
31;2200;006;6;021
31;2200;007;6;021
31;2200;008;6;001
31;2200;009;6;002
31;2200;010;6;003
31;2200;011;6;004
31;2200;012;6;005
31;2200;013;6;006
31;2200;014;6;007
31;2200;015;6;007
31;2200;016;6;009
31;2200;017;6;010
31;2200;018;6;011
31;2200;019;6;012
31;2200;020;6;013
31;2200;021;6;014
31;2200;022;6;015
31;2200;023;6;016
31;2200;024;6;017
31;2200;025;6;018
31;2200;026;6;019
31;2200;027;6;020
31;2200;028;6;022
31;2200;029;6;023
31;2500;001;6;001
31;2500;002;6;002
31;2500;003;6;002
31;2500;004;6;004
31;2500;005;6;004
31;2500;006;6;003
31;2500;007;6;005
31;2500;008;6;005
31;2500;009;6;006
31;2500;010;6;007
31;2500;011;6;016
31;2500;012;6;016
31;2500;013;6;008
31;2500;014;6;009
31;2500;015;6;010
31;2500;016;6;011
31;2500;017;6;012
31;2500;018;6;013
31;2500;019;6;014
31;2500;020;6;015
31;2500;021;6;017
31;2500;022;6;018
31;2500;023;6;019
31;2500;024;6;020
31;2500;025;6;021
31;2500;026;6;022
31;2500;027;6;023
31;2500;028;6;023
31;2500;029;6;024
31;2500;030;6;024
31;2500;031;6;025
31;2500;032;6;026
31;2500;033;6;027
31;2500;034;6;028
31;2500;035;6;029
31;2500;036;6;029
31;2500;037;6;030
31;2500;038;6;031
31;2500;039;6;032
31;2500;040;6;033
31;2500;041;6;033
31;2500;042;6;034
31;2500;043;6;035
31;2500;044;6;036
31;2500;045;6;037
31;2500;046;6;038
31;2500;047;6;039
31;2500;048;6;039
31;2500;049;6;039
31;2500;050;6;040
31;2500;051;6;041
31;2500;052;6;042
31;2500;053;6;043
31;2500;054;6;044
31;2600;001;6;001
31;2600;002;6;001
31;2600;003;6;001
31;2600;004;6;001
31;2600;005;6;001
31;2600;006;6;001
31;2600;007;6;001
31;2600;008;6;001
31;2600;009;6;001
31;2600;010;6;001
31;2600;011;6;001
31;2600;012;6;001
31;2600;013;6;001
31;2600;014;6;001
31;2600;015;6;001
31;2600;016;6;001
31;2600;017;6;001
31;2600;018;6;001
31;2600;019;6;001
31;2600;020;6;001
31;2600;021;6;001
31;2600;022;6;001
31;2600;023;6;001
31;2600;024;6;001
31;2600;025;6;001
31;2600;026;6;001
31;2600;027;6;001
31;2600;028;6;001
31;2600;029;6;001
31;2600;030;6;001
31;2600;031;6;001
31;2600;032;6;001
31;2600;033;6;001
31;2600;034;6;001
31;2600;035;6;001
31;2600;036;6;001
31;2600;037;6;001
31;2600;038;6;001
31;2600;039;6;001
31;2600;040;6;001
31;2600;041;6;001
31;2600;042;6;001
31;2600;043;6;001
31;2600;044;6;001
31;2600;045;6;001
31;2600;046;6;001
31;2600;047;6;001
31;2600;048;6;001
31;2600;049;6;001
31;2600;050;6;001
31;2600;051;6;001
31;2600;052;6;001
31;2600;053;6;001
31;2600;054;6;001
31;2600;055;6;001
31;2600;056;6;001
31;2600;057;6;001
31;2600;058;6;001
31;2600;059;6;001
31;2600;060;6;001
31;2600;061;6;001
31;2600;062;6;001
31;2600;063;6;001
31;2600;064;6;001
31;2600;065;6;001
31;2600;066;6;001
31;2600;067;6;001
31;2600;068;6;001
31;2600;069;6;001
31;2600;070;6;001
31;2600;071;6;001
31;2600;072;6;001
31;2600;073;6;001
31;2600;074;6;001
31;2600;075;6;001
31;2600;076;6;001
31;2600;077;6;001
31;2600;078;6;001
31;2600;079;6;001
31;2600;080;6;001
31;2600;081;6;001
31;2600;082;6;001
31;2600;083;6;001
31;2600;084;6;001
31;2600;085;6;001
31;2600;086;6;001
31;2600;087;6;001
31;2600;088;6;001
31;2600;089;6;001
31;2600;090;6;001
31;2600;091;6;001
31;2600;092;6;001
31;2600;093;6;001
31;2600;094;6;001
31;2600;095;6;001
31;2600;096;6;001
31;2600;097;6;001
31;2600;098;6;001
31;2600;099;6;001
31;2600;100;6;001
31;2600;101;6;001
31;2600;102;6;001
31;2600;103;6;001
[END]

[MAJ]
31;6;   ;02;;;Пе▓║░ С▓е┤анов С▓о┐нов и Нели Пе▓░ова К│╢кова;, ;ПСС+НПК;28135;0;1
31;6;   ;05;;;Гео░ги Седе┤╖ов П║░ванов и Ангел Иванов Ма░ин;, ;ГСП+АИМ;49056;1;2
[END]

[PROP]
[END]

[LISTI]
[END]

[PROT]
6;31;0300;001;408+0+291+291+0+5+5+18+286;79+207
6;31;0300;002;803+0+563+563+3+2+5+23+558;151+407
6;31;0300;003;145+2+119+119+0+0+0+9+119;34+85
6;31;0300;004;56+1+41+41+0+0+0+0+41;7+34
6;31;0300;005;119+3+95+95+0+0+0+7+95;34+61
6;31;0300;006;430+1+338+338+2+0+2+0+336;71+265
6;31;0300;007;564+2+428+428+0+0+0+35+428;94+334
6;31;0300;008;88+6+76+76+0+0+0+2+76;23+53
6;31;0300;009;103+2+85+85+1+0+1+0+84;23+61
6;31;0300;010;61+1+51+51+1+0+1+4+50;6+44
6;31;0300;011;96+2+79+79+0+0+0+5+79;28+51
6;31;0300;012;358+6+284+284+1+1+2+21+282;75+207
6;31;0300;013;63+0+45+45+0+0+0+2+45;18+27
6;31;0300;014;461+0+318+318+0+0+0+14+318;66+252
6;31;0300;015;203+3+97+97+0+0+0+3+97;18+79
6;31;0300;016;245+2+193+193+0+0+0+0+193;56+137
6;31;0300;017;77+0+62+62+0+0+0+0+62;22+40
6;31;0300;018;69+1+57+57+0+0+0+0+57;25+32
6;31;0300;019;344+0+279+279+0+0+0+23+279;55+224
6;31;0300;020;74+0+59+59+0+0+0+1+59;23+36
6;31;0700;001;773+1+449+449+0+0+0+5+449;158+291
6;31;0700;002;795+0+493+493+7+2+9+16+484;164+320
6;31;0700;003;815+0+458+458+0+2+2+12+456;172+284
6;31;0700;004;624+0+364+364+0+0+0+36+364;166+198
6;31;0700;005;577+2+287+287+1+1+2+24+285;107+178
6;31;0700;006;647+1+337+337+0+0+0+11+337;131+206
6;31;0700;007;854+2+443+443+0+1+1+24+442;167+275
6;31;0700;008;650+0+317+317+1+0+1+16+316;129+187
6;31;0700;009;737+0+388+388+1+1+2+20+386;164+222
6;31;0700;010;955+5+545+545+1+2+3+42+542;155+387
6;31;0700;011;780+0+325+325+3+0+3+0+322;121+201
6;31;0700;012;894+0+434+434+1+1+2+0+432;164+268
6;31;0700;013;884+0+453+453+1+0+1+0+452;204+248
6;31;0700;014;831+0+438+438+2+0+2+33+436;198+238
6;31;0700;015;31+0+17+17+0+0+0+1+17;9+8
6;31;0700;016;145+1+117+117+0+0+0+8+117;38+79
6;31;0700;017;985+2+531+531+1+0+1+0+530;151+379
6;31;0700;018;143+1+106+106+0+0+0+0+106;24+82
6;31;0700;019;130+1+97+97+0+0+0+12+97;41+56
6;31;0700;020;727+1+462+462+0+3+3+38+459;122+337
6;31;0700;021;137+5+112+112+0+0+0+0+112;38+74
6;31;0700;022;231+0+162+162+0+0+0+0+162;54+108
6;31;0700;023;526+3+362+362+2+1+3+28+359;79+280
6;31;0700;024;395+9+251+251+2+0+2+30+249;78+171
6;31;0700;025;147+2+113+113+0+1+1+18+112;46+66
6;31;0700;026;811+0+593+593+1+1+2+62+591;205+386
6;31;0700;027;375+2+235+235+0+0+0+11+235;80+155
6;31;0700;028;672+0+446+446+0+1+1+38+445;156+289
6;31;0700;029;396+1+307+307+0+0+0+27+307;92+215
6;31;0700;030;28+3+24+24+0+0+0+0+24;3+21
6;31;0700;031;416+4+289+289+1+0+1+40+288;68+220
6;31;0700;032;330+3+253+253+0+0+0+0+253;49+204
6;31;0700;033;66+4+62+62+0+0+0+6+62;29+33
6;31;0700;034;181+3+140+140+0+0+0+0+140;30+110
6;31;0700;035;89+0+67+67+0+0+0+6+67;38+29
6;31;2200;001;581+0+344+344+1+0+1+16+343;115+228
6;31;2200;002;957+1+558+558+1+3+4+23+554;186+368
6;31;2200;003;717+0+454+454+0+0+0+51+454;104+350
6;31;2200;004;873+0+529+529+0+1+1+0+528;143+385
6;31;2200;005;600+0+380+380+2+0+2+27+378;96+282
6;31;2200;006;581+0+287+287+1+0+1+23+286;86+200
6;31;2200;007;604+0+425+425+0+1+1+25+424;234+190
6;31;2200;008;214+0+137+137+0+0+0+0+137;35+102
6;31;2200;009;168+0+112+112+0+0+0+0+112;32+80
6;31;2200;010;152+0+113+113+0+0+0+0+113;37+76
6;31;2200;011;465+2+322+322+0+0+0+0+322;91+231
6;31;2200;012;520+12+357+357+0+0+0+29+357;73+284
6;31;2200;013;308+2+221+221+0+0+0+16+221;72+149
6;31;2200;014;705+5+398+398+0+0+0+31+398;113+285
6;31;2200;015;876+5+468+468+0+1+1+39+467;167+300
6;31;2200;016;545+0+369+369+0+0+0+0+369;75+294
6;31;2200;017;486+0+295+295+0+1+1+19+294;90+204
6;31;2200;018;70+1+55+55+0+0+0+4+55;22+33
6;31;2200;019;470+2+272+272+0+1+1+22+271;81+190
6;31;2200;020;233+1+175+175+0+0+0+0+175;60+115
6;31;2200;021;307+4+205+205+0+0+0+12+205;63+142
6;31;2200;022;356+2+238+238+0+0+0+13+238;64+174
6;31;2200;023;189+0+158+158+0+0+0+0+158;68+90
6;31;2200;024;348+3+254+254+0+3+3+28+251;38+213
6;31;2200;025;198+4+157+157+2+0+2+15+155;61+94
6;31;2200;026;389+0+308+308+0+0+0+25+308;85+223
6;31;2200;027;135+3+117+117+1+0+1+3+116;58+58
6;31;2200;028;332+0+199+199+0+0+0+10+199;77+122
6;31;2200;029;366+8+274+274+0+0+0+0+274;84+190
6;31;2500;001;150+0+116+116+0+0+0+0+116;36+80
6;31;2500;002;519+1+276+276+2+0+2+16+274;60+214
6;31;2500;003;872+4+476+476+0+1+1+25+475;166+309
6;31;2500;004;506+1+383+383+1+0+1+26+382;96+286
6;31;2500;005;498+0+393+393+0+0+0+29+393;85+308
6;31;2500;006;330+2+187+187+1+0+1+0+186;72+114
6;31;2500;007;665+3+416+416+1+0+1+0+415;168+247
6;31;2500;008;670+2+480+480+0+0+0+16+480;177+303
6;31;2500;009;836+3+584+584+0+0+0+18+584;182+402
6;31;2500;010;64+0+47+47+0+0+0+2+47;19+28
6;31;2500;011;570+4+349+349+0+0+0+23+349;132+217
6;31;2500;012;530+0+355+355+0+0+0+20+355;162+193
6;31;2500;013;450+2+336+336+0+0+0+12+336;99+237
6;31;2500;014;478+1+356+356+1+0+1+0+355;137+218
6;31;2500;015;467+3+324+324+1+0+1+0+323;126+197
6;31;2500;016;588+1+407+407+0+0+0+39+407;137+270
6;31;2500;017;159+1+134+134+0+0+0+10+134;39+95
6;31;2500;018;186+2+143+143+0+0+0+9+143;42+101
6;31;2500;019;659+2+477+477+0+1+1+0+476;135+341
6;31;2500;020;251+4+199+199+0+0+0+11+199;58+141
6;31;2500;021;1003+0+621+621+0+1+1+25+620;234+386
6;31;2500;022;567+0+335+335+0+1+1+14+334;69+265
6;31;2500;023;415+3+297+297+0+0+0+18+297;38+259
6;31;2500;024;343+6+224+224+1+0+1+9+223;47+176
6;31;2500;025;240+1+227+227+0+0+0+0+227;35+192
6;31;2500;026;535+4+361+361+0+2+2+27+359;72+287
6;31;2500;027;607+0+357+357+0+0+0+23+357;138+219
6;31;2500;028;727+0+413+413+1+0+1+0+412;162+250
6;31;2500;029;580+7+417+417+0+0+0+8+417;164+253
6;31;2500;030;624+0+441+441+0+0+0+0+441;152+289
6;31;2500;031;300+4+240+240+1+0+1+15+239;75+164
6;31;2500;032;239+1+173+173+0+1+1+0+172;54+118
6;31;2500;033;365+11+271+271+0+0+0+22+271;61+210
6;31;2500;034;385+2+247+247+0+0+0+0+247;81+166
6;31;2500;035;371+2+261+261+0+1+1+14+260;57+203
6;31;2500;036;470+3+338+338+0+0+0+12+338;52+286
6;31;2500;037;604+3+380+380+0+0+0+28+380;121+259
6;31;2500;038;697+5+407+407+0+0+0+0+407;90+317
6;31;2500;039;152+3+106+106+0+0+0+0+106;26+80
6;31;2500;040;604+0+354+354+1+0+1+38+353;130+223
6;31;2500;041;620+2+374+374+0+0+0+10+374;182+192
6;31;2500;042;226+1+154+154+0+0+0+17+154;33+121
6;31;2500;043;352+5+269+269+1+0+1+15+268;41+227
6;31;2500;044;725+1+475+475+0+0+0+20+475;98+377
6;31;2500;045;220+2+176+176+0+0+0+8+176;43+133
6;31;2500;046;220+1+131+131+0+0+0+0+131;40+91
6;31;2500;047;660+0+377+377+0+0+0+0+377;89+288
6;31;2500;048;564+2+327+327+2+1+3+23+324;98+226
6;31;2500;049;487+0+294+294+1+0+1+17+293;45+248
6;31;2500;050;239+1+174+174+0+0+0+5+174;39+135
6;31;2500;051;464+2+301+301+0+1+1+16+300;96+204
6;31;2500;052;722+0+413+413+0+0+0+19+413;130+283
6;31;2500;053;573+3+389+389+0+0+0+0+389;96+293
6;31;2500;054;392+3+257+257+1+3+4+18+253;85+168
6;31;2600;001;786+1+474+474+0+0+0+7+474;215+259
6;31;2600;002;709+0+411+411+1+0+1+0+410;190+220
6;31;2600;003;606+0+341+341+0+0+0+5+341;141+200
6;31;2600;004;789+0+380+380+0+1+1+10+379;152+227
6;31;2600;005;616+0+345+345+1+0+1+0+344;154+190
6;31;2600;006;882+0+419+419+0+0+0+0+419;167+252
6;31;2600;007;858+0+476+476+0+0+0+16+476;199+277
6;31;2600;008;768+0+449+449+0+0+0+11+449;213+236
6;31;2600;009;668+0+401+401+0+0+0+7+401;201+200
6;31;2600;010;588+0+351+351+0+0+0+11+351;167+184
6;31;2600;011;724+0+445+445+0+0+0+8+445;174+271
6;31;2600;012;792+0+412+412+0+0+0+9+412;122+290
6;31;2600;013;637+0+377+377+0+0+0+7+377;149+228
6;31;2600;014;714+1+401+401+0+1+1+0+400;214+186
6;31;2600;015;865+0+420+420+0+0+0+0+420;214+206
6;31;2600;016;615+0+379+379+1+0+1+12+378;177+201
6;31;2600;017;699+0+385+385+1+0+1+6+384;215+169
6;31;2600;018;733+4+436+436+0+0+0+10+436;155+281
6;31;2600;019;807+3+480+480+0+0+0+13+480;220+260
6;31;2600;020;882+0+496+496+1+0+1+0+495;237+258
6;31;2600;021;647+0+310+310+0+0+0+0+310;163+147
6;31;2600;022;738+3+363+363+3+0+3+0+360;164+196
6;31;2600;023;768+0+338+338+1+0+1+11+337;162+175
6;31;2600;024;845+0+405+405+0+0+0+0+405;205+200
6;31;2600;025;900+0+425+425+0+0+0+12+425;208+217
6;31;2600;026;920+0+378+378+0+0+0+6+378;171+207
6;31;2600;027;700+0+340+340+2+0+2+10+338;140+198
6;31;2600;028;684+0+346+346+0+0+0+2+346;177+169
6;31;2600;029;749+0+392+392+1+0+1+17+391;170+221
6;31;2600;030;288+0+146+146+0+1+1+0+145;43+102
6;31;2600;031;144+1+94+94+0+0+0+3+94;21+73
6;31;2600;032;711+1+401+401+0+0+0+24+401;147+254
6;31;2600;033;728+0+393+393+0+0+0+0+393;169+224
6;31;2600;034;766+0+436+436+0+0+0+11+436;205+231
6;31;2600;035;710+0+345+345+1+0+1+9+344;181+163
6;31;2600;036;729+0+332+332+2+0+2+0+330;152+178
6;31;2600;037;877+0+507+507+1+0+1+14+506;229+277
6;31;2600;038;791+0+444+444+0+0+0+21+444;219+225
6;31;2600;039;624+1+364+364+2+1+2+11+362;140+222
6;31;2600;040;642+1+337+337+0+1+1+9+336;144+192
6;31;2600;041;675+4+339+339+0+1+1+9+338;124+214
6;31;2600;042;772+0+344+344+1+1+2+15+342;133+209
6;31;2600;043;882+0+404+404+1+1+2+17+402;130+272
6;31;2600;044;805+1+434+434+2+0+2+0+432;137+295
6;31;2600;045;601+0+404+404+1+4+5+16+399;150+249
6;31;2600;046;659+1+400+400+1+1+2+12+398;103+295
6;31;2600;047;799+1+459+459+4+0+4+10+455;146+309
6;31;2600;048;770+0+465+465+1+1+2+0+463;167+296
6;31;2600;049;754+0+423+423+1+0+1+0+422;104+318
6;31;2600;050;978+0+473+473+0+0+0+0+473;166+307
6;31;2600;051;886+0+403+403+2+1+3+3+400;136+264
6;31;2600;052;868+2+373+373+0+0+0+0+373;168+205
6;31;2600;053;787+0+311+311+0+1+1+11+310;160+150
6;31;2600;054;785+0+339+339+0+1+1+1+338;166+172
6;31;2600;055;601+0+277+277+1+0+1+6+276;120+156
6;31;2600;056;601+0+235+235+1+0+1+0+234;96+138
6;31;2600;057;703+0+325+325+0+0+0+0+325;101+224
6;31;2600;058;679+0+296+296+1+0+1+0+295;96+199
6;31;2600;059;681+0+375+375+0+0+0+9+375;153+222
6;31;2600;060;671+0+365+365+0+0+0+0+365;142+223
6;31;2600;061;589+3+318+318+0+0+0+9+318;144+174
6;31;2600;062;493+0+239+239+0+0+0+4+239;92+147
6;31;2600;063;807+1+435+435+0+0+0+15+435;170+265
6;31;2600;064;662+0+327+327+1+0+1+9+326;104+222
6;31;2600;065;707+0+354+354+0+0+0+8+354;152+202
6;31;2600;066;680+1+355+355+0+0+0+6+355;158+197
6;31;2600;067;927+0+474+474+2+1+3+7+471;155+316
6;31;2600;068;726+0+342+342+0+0+0+8+342;127+215
6;31;2600;069;521+0+232+232+1+0+1+0+231;101+130
6;31;2600;070;794+1+355+355+0+0+0+0+355;130+225
6;31;2600;071;689+0+304+304+0+1+1+4+303;140+163
6;31;2600;072;831+0+467+467+0+0+0+14+467;170+297
6;31;2600;073;810+2+427+427+0+0+0+0+427;130+297
6;31;2600;074;795+0+377+377+0+0+0+10+377;158+219
6;31;2600;075;533+1+265+265+0+0+0+0+265;103+162
6;31;2600;076;800+0+364+364+0+0+0+0+364;155+209
6;31;2600;077;784+0+377+377+0+2+2+6+375;148+227
6;31;2600;078;669+0+374+374+2+1+3+8+371;152+219
6;31;2600;079;857+8+444+444+0+0+0+0+444;177+267
6;31;2600;080;853+0+432+432+1+0+1+6+431;169+262
6;31;2600;081;684+1+331+331+1+0+1+0+330;141+189
6;31;2600;082;898+0+388+388+0+0+0+0+388;144+244
6;31;2600;083;764+0+354+354+2+0+2+7+352;146+206
6;31;2600;084;694+1+314+314+0+0+0+0+314;100+214
6;31;2600;085;755+0+366+366+0+0+0+0+366;177+189
6;31;2600;086;658+0+307+307+0+1+1+0+306;139+167
6;31;2600;087;774+0+361+361+1+0+1+0+360;188+172
6;31;2600;088;812+0+354+354+0+0+0+6+354;171+183
6;31;2600;089;891+0+458+458+2+0+2+12+456;192+264
6;31;2600;090;657+0+367+367+1+0+1+12+366;191+175
6;31;2600;091;782+1+424+424+0+0+0+0+424;184+240
6;31;2600;092;731+1+424+424+0+2+2+0+422;210+212
6;31;2600;093;736+0+383+383+0+0+0+0+383;168+215
6;31;2600;094;774+0+391+391+0+2+2+0+389;189+200
6;31;2600;095;678+0+365+365+1+0+1+17+364;164+200
6;31;2600;096;709+0+380+380+0+0+0+11+380;165+215
6;31;2600;097;753+1+358+358+0+0+0+16+358;156+202
6;31;2600;098;848+0+446+446+0+0+0+12+446;169+277
6;31;2600;099;616+0+337+337+1+0+1+20+336;151+185
6;31;2600;100;526+0+275+275+0+0+0+12+275;120+155
6;31;2600;101;598+0+309+309+0+0+0+0+309;150+159
6;31;2600;102;955+14+344+344+1+0+1+0+343;145+198
6;31;2600;103;33+0+22+22+0+0+0+1+22;7+15
[END]

[AGGR]
31;6;   ;2+241+241+135538+318+77375+77375+109+76+184+2480+77191;28135+49056
[END]
