[INFO]
32;Ч│жбина;301
[END]

[IZB]
32;6;   ;;18.11.2001;2;2;132
[END]

[NM]
3201;001;г░. П║░▓;;00
3201;003;г░. Мелб║░н;;00
3201;005;г░. Сидней;;00
3202;001;г░. Виена;;00
3203;001;г░. Ти░ана;;00
3204;001;г░. Алжи░;;00
3205;001;г░. Л│анда;;00
3206;001;г░. Б│ено▒ Ай░е▒;;00
3207;001;г░. Е░еван;;00
3208;001;г░. Мин▒к;;00
3209;001;г░. Б░╛к▒ел;;00
3210;001;г░. Са░аево;;00
3211;001;г░. Лондон;;00
3211;002;г░. Ок▒┤о░д;;00
3211;003;г░. Ман╖е▒▓е░;;00
3212;001;г░. Ка░ака▒;;00
3213;001;г░. Хамб│░г;;00
3213;002;г░. Бон;;00
3213;003;г░. М╛н╡ен;;00
3213;004;г░. Бе░лин;;00
3214;001;г░. Сол│н;;00
3214;002;г░. А▓ина;;00
3215;001;г░. Копен╡аген;;00
3216;001;г░. Кай░о;;00
3217;001;г░. Ади▒ Абеба;;00
3218;001;г░. Ха░а░е;;00
3219;001;г░. Тел Авив;;00
3220;001;г░. Дел╡и;;00
3221;001;г░. Багдад;;00
3222;001;г░. Те╡е░ан;;00
3223;001;г░. Д║блин;;00
3224;001;г░. Ба░▒елона;;00
3224;002;г░. Мад░ид;;00
3225;001;г░. Милано;;00
3225;002;г░. Рим;;00
3226;001;г░. Сана;;00
3227;001;г░. Аман;;00
3228;001;г░. О▓ава;;00
3228;002;г░. То░он▓о;;00
3229;001;г░. Никози┐;;00
3230;001;г░. Пекин;;00
3231;001;г░. Се│л;;00
3232;001;г░. Хавана;;00
3233;001;г░. К│вей▓;;00
3234;001;г░. Бенгази;;00
3234;002;г░. Т░иполи;;00
3235;001;г░. Бей░│▓;;00
3236;001;г░. Скопие;;00
3237;001;г░. Казабланка;;00
3237;002;г░. Раба▓;;00
3238;001;г░. Мек▒ико;;00
3239;001;г░. Ки╕инев;;00
3240;001;г░. Аб│джа;;00
3240;002;г░. Лаго▒;;00
3241;001;г░. Хага;;00
3242;001;г░. О▒ло;;00
3243;001;г░. Д│бай;;00
3244;001;г░. Ва░╕ава;;00
3244;002;г░. К░аков;;00
3245;001;г░. Ли▒абон;;00
3246;001;г░. Тими╕оа░а;;00
3246;002;г░. Б│к│░е╣;;00
3247;001;г░. С│░г│▓;;00
3247;002;г░. Я░о▒лавл;;00
3247;003;г░. Со╖и;;00
3247;004;г░. С▓ав░опол;;00
3247;005;г░. Санк▓ Пе▓е░б│░г;;00
3247;006;г░. Мо▒ква;;00
3248;001;г░. А▓лан▓а;;00
3248;002;г░. Сейн▓ Пи▓║░▒б║░г;;00
3248;003;г░. С▓░а│д▒б│░г;;00
3248;004;г░. Ва╕инг▓он;;00
3248;005;г░. Сан Ф░ан╢и▒ко;;00
3248;006;г░. Сак░амен▓о;;00
3248;007;г░. Пи▓▒б║░г;;00
3248;008;г░. Н╛ Йо░к;;00
3248;009;г░. Н╛ Лондон;;00
3248;010;г░. Ло▒ Анджели▒;;00
3248;011;г░. Лек▒инг▓║н;;00
3248;012;г░. Дала▒;;00
3248;013;г░. Чикаго;;00
3248;014;г░. Бо▒▓║н;;00
3249;001;г░. Алепо;;00
3249;002;г░. Хом▒;;00
3249;003;г░. Дама▒к;;00
3250;001;г░. Б░а▓и▒лава;;00
3251;001;г░. Т│ни▒;;00
3252;001;г░. Чо░л│;;00
3252;002;г░. Од░ин;;00
3252;003;г░. Изми▓;;00
3252;004;г░. Изми░;;00
3252;005;г░. Б│░▒а;;00
3252;006;г░. И▒▓анб│л;;00
3252;007;г░. Анка░а;;00
3253;001;г░. Оде▒а;;00
3253;002;г░. Киев;;00
3254;001;г░. Б│дапе╣а;;00
3255;001;г░. Хелзинки;;00
3256;001;г░. С▓░а▒б│░г;;00
3256;002;г░. Па░иж;;00
3257;001;г░. Заг░еб;;00
3258;001;г░. О▒▓░ава;;00
3258;002;г░. У▒▓и над Лабем;;00
3258;003;г░. П░ага;;00
3259;001;г░. Сан▓┐го;;00
3260;001;г░. Женева;;00
3260;002;г░. Бе░н;;00
3261;001;г░. С▓ок╡олм;;00
3262;001;г░. Белг░ад;;00
3263;001;г░. П░е▓о░и┐;;00
3263;002;г░. Кейп Та│н;;00
3264;001;г░. Токио;;00
[END]

[SEC]
32;0100;001;6;005
32;0100;003;6;003
32;0100;005;6;001
32;0200;006;6;001
32;0300;007;6;001
32;0400;008;6;001
32;0500;012;6;001
32;0600;013;6;001
32;0700;014;6;001
32;0800;015;6;001
32;0900;016;6;001
32;1000;017;6;001
32;1100;009;6;003
32;1100;010;6;002
32;1100;011;6;001
32;1200;018;6;001
32;1300;130;6;004
32;1300;131;6;004
32;1300;132;6;003
32;1300;133;6;003
32;1300;134;6;002
32;1300;135;6;001
32;1400;020;6;002
32;1400;021;6;002
32;1400;022;6;001
32;1500;023;6;001
32;1600;024;6;001
32;1700;025;6;001
32;1800;026;6;001
32;1900;027;6;001
32;2000;028;6;001
32;2100;029;6;001
32;2200;030;6;001
32;2300;031;6;001
32;2400;032;6;002
32;2400;033;6;001
32;2500;034;6;002
32;2500;035;6;001
32;2600;036;6;001
32;2700;037;6;001
32;2800;038;6;002
32;2800;040;6;001
32;2900;041;6;001
32;3000;042;6;001
32;3100;043;6;001
32;3200;044;6;001
32;3300;045;6;001
32;3400;046;6;002
32;3400;049;6;001
32;3500;050;6;001
32;3600;051;6;001
32;3700;052;6;002
32;3700;053;6;001
32;3800;054;6;001
32;3900;055;6;001
32;4000;056;6;002
32;4000;057;6;001
32;4100;058;6;001
32;4200;059;6;001
32;4300;060;6;001
32;4400;061;6;001
32;4400;062;6;002
32;4500;063;6;001
32;4600;064;6;002
32;4600;065;6;001
32;4700;066;6;006
32;4700;067;6;006
32;4700;068;6;005
32;4700;071;6;004
32;4700;072;6;003
32;4700;078;6;002
32;4700;079;6;001
32;4800;039;6;003
32;4800;084;6;014
32;4800;085;6;013
32;4800;086;6;012
32;4800;087;6;011
32;4800;088;6;010
32;4800;089;6;009
32;4800;090;6;008
32;4800;091;6;007
32;4800;092;6;006
32;4800;093;6;005
32;4800;094;6;004
32;4800;095;6;002
32;4800;096;6;001
32;4900;080;6;003
32;4900;081;6;002
32;4900;082;6;001
32;5000;083;6;001
32;5100;097;6;001
32;5200;098;6;007
32;5200;099;6;006
32;5200;100;6;006
32;5200;101;6;006
32;5200;102;6;006
32;5200;103;6;006
32;5200;104;6;005
32;5200;105;6;005
32;5200;106;6;005
32;5200;107;6;005
32;5200;108;6;005
32;5200;109;6;004
32;5200;110;6;004
32;5200;111;6;004
32;5200;112;6;003
32;5200;113;6;003
32;5200;114;6;002
32;5200;115;6;002
32;5200;116;6;001
32;5200;117;6;001
32;5200;118;6;001
32;5200;119;6;001
32;5200;120;6;001
32;5300;121;6;002
32;5300;122;6;001
32;5400;123;6;001
32;5500;129;6;001
32;5600;127;6;002
32;5600;128;6;001
32;5700;136;6;001
32;5800;137;6;003
32;5800;139;6;002
32;5800;140;6;001
32;5900;141;6;001
32;6000;142;6;002
32;6000;143;6;001
32;6100;144;6;001
32;6200;145;6;001
32;6300;146;6;002
32;6300;147;6;001
32;6400;148;6;001
[END]

[MAJ]
32;6;   ;02;;;Пе▓║░ С▓е┤анов С▓о┐нов и Нели Пе▓░ова К│╢кова;, ;ПСС+НПК;11747;0;1
32;6;   ;05;;;Гео░ги Седе┤╖ов П║░ванов и Ангел Иванов Ма░ин;, ;ГСП+АИМ;4182;1;2
[END]

[PROP]
[END]

[LISTI]
[END]

[PROT]
6;32;0100;001;61+0+61+61+0+0+0+0+61;58+3
6;32;0100;003;39+0+39+39+0+0+0+0+39;35+4
6;32;0100;005;18+0+18+18+0+0+0+0+18;15+3
6;32;0200;006;717+0+717+717+0+0+0+0+717;560+157
6;32;0300;007;52+0+52+52+1+0+1+0+51;31+20
6;32;0400;008;31+0+31+31+0+0+0+0+31;19+12
6;32;0500;012;52+0+52+52+0+0+0+0+52;28+24
6;32;0600;013;35+0+35+35+0+0+0+0+35;21+14
6;32;0700;014;22+0+19+19+0+0+0+0+19;16+3
6;32;0800;015;37+0+37+37+0+0+0+0+37;16+21
6;32;0900;016;347+0+347+347+5+0+5+0+342;281+61
6;32;1000;017;73+0+73+73+1+0+1+0+72;35+37
6;32;1100;009;28+0+28+28+0+0+0+0+28;27+1
6;32;1100;010;23+0+23+23+1+0+1+0+22;18+4
6;32;1100;011;713+0+713+713+7+0+7+0+706;574+132
6;32;1200;018;29+0+29+29+1+0+1+0+28;28+0
6;32;1300;130;337+0+337+337+1+0+1+0+336;261+75
6;32;1300;131;335+0+335+335+3+0+3+0+332;283+49
6;32;1300;132;319+0+319+319+3+0+3+0+316;265+51
6;32;1300;133;269+0+269+269+0+0+0+0+269;232+37
6;32;1300;134;387+0+387+387+2+0+2+0+385;332+53
6;32;1300;135;183+0+183+183+1+0+1+0+182;156+26
6;32;1400;020;319+0+319+319+0+0+0+0+319;219+100
6;32;1400;021;113+0+113+113+4+0+4+0+109;61+48
6;32;1400;022;393+0+393+393+3+0+3+0+390;249+141
6;32;1500;023;75+0+75+75+0+0+0+0+75;63+12
6;32;1600;024;38+0+38+38+0+0+0+0+38;16+22
6;32;1700;025;18+0+18+18+1+0+1+0+17;9+8
6;32;1800;026;37+0+37+37+0+0+0+0+37;28+9
6;32;1900;027;260+0+260+260+0+0+0+0+260;174+86
6;32;2000;028;17+0+17+17+0+0+0+0+17;11+6
6;32;2100;029;16+0+16+16+0+0+0+0+16;8+8
6;32;2200;030;20+0+20+20+0+0+0+0+20;10+10
6;32;2300;031;75+0+75+75+0+0+0+0+75;66+9
6;32;2400;032;261+0+261+261+4+0+4+0+257;211+46
6;32;2400;033;72+0+72+72+0+0+0+0+72;63+9
6;32;2500;034;163+0+163+163+0+0+0+0+163;116+47
6;32;2500;035;125+0+125+125+0+0+0+0+125;105+20
6;32;2600;036;26+0+26+26+0+0+0+0+26;13+13
6;32;2700;037;31+0+31+31+0+0+0+0+31;22+9
6;32;2800;038;399+0+399+399+0+0+0+0+399;358+41
6;32;2800;040;99+0+99+99+0+0+0+0+99;80+19
6;32;2900;041;214+0+214+214+0+0+0+0+214;135+79
6;32;3000;042;35+0+35+35+0+0+0+0+35;16+19
6;32;3100;043;32+0+32+32+0+0+0+0+32;24+8
6;32;3200;044;30+0+30+30+1+0+1+0+29;16+13
6;32;3300;045;137+0+137+137+2+0+2+0+135;108+27
6;32;3400;046;176+0+176+176+0+0+0+0+176;123+53
6;32;3400;049;106+0+106+106+0+0+0+0+106;75+31
6;32;3500;050;69+0+69+69+0+0+0+0+69;57+12
6;32;3600;051;153+0+153+153+2+0+2+0+151;102+49
6;32;3700;052;64+0+64+64+2+0+2+0+62;50+12
6;32;3700;053;75+0+75+75+1+0+1+0+74;56+18
6;32;3800;054;34+0+34+34+0+0+0+0+34;20+14
6;32;3900;055;48+0+48+48+0+0+0+1+48;41+7
6;32;4000;056;41+0+41+41+1+0+1+0+40;29+11
6;32;4000;057;61+0+61+61+0+0+0+0+61;34+27
6;32;4100;058;250+0+250+250+2+0+2+0+248;204+44
6;32;4200;059;56+0+56+56+0+0+0+0+56;48+8
6;32;4300;060;125+0+125+125+0+0+0+0+125;109+16
6;32;4400;061;131+0+131+131+0+0+0+0+131;87+44
6;32;4400;062;29+0+29+29+0+0+0+0+29;25+4
6;32;4500;063;90+0+90+90+1+0+1+0+89;70+19
6;32;4600;064;138+0+138+138+0+0+0+0+138;106+32
6;32;4600;065;11+0+11+11+0+0+0+0+11;8+3
6;32;4700;066;316+0+316+316+1+0+1+0+315;119+196
6;32;4700;067;355+0+355+355+0+0+0+0+355;160+195
6;32;4700;068;45+0+45+45+0+0+0+0+45;23+22
6;32;4700;071;30+0+30+30+0+0+0+0+30;23+7
6;32;4700;072;27+0+27+27+0+0+0+0+27;17+10
6;32;4700;078;28+0+28+28+0+0+0+0+28;12+16
6;32;4700;079;56+0+56+56+0+0+0+0+56;23+33
6;32;4800;039;29+0+29+29+0+0+0+0+29;25+4
6;32;4800;084;221+0+221+221+0+0+0+0+221;208+13
6;32;4800;085;527+0+527+527+2+0+2+0+525;456+69
6;32;4800;086;45+0+45+45+0+0+0+0+45;41+4
6;32;4800;087;52+0+52+52+0+0+0+0+52;43+9
6;32;4800;088;192+0+192+192+0+0+0+0+192;180+12
6;32;4800;089;10+0+10+10+0+0+0+0+10;10+0
6;32;4800;090;373+0+373+373+1+0+1+0+372;324+48
6;32;4800;091;77+0+77+77+1+0+1+0+76;74+2
6;32;4800;092;34+0+34+34+0+0+0+0+34;29+5
6;32;4800;093;110+0+110+110+0+0+0+0+110;107+3
6;32;4800;094;252+0+252+252+2+0+2+0+250;217+33
6;32;4800;095;80+0+80+80+0+0+0+0+80;74+6
6;32;4800;096;70+0+70+70+1+0+1+0+69;63+6
6;32;4900;080;101+0+101+101+0+0+0+0+101;49+52
6;32;4900;081;50+0+50+50+0+0+0+0+50;30+20
6;32;4900;082;52+0+52+52+0+0+0+0+52;26+26
6;32;5000;083;87+0+87+87+0+0+0+0+87;62+25
6;32;5100;097;93+0+67+67+0+0+0+2+67;54+13
6;32;5200;098;74+0+74+74+1+0+1+0+73;44+29
6;32;5200;099;43+0+43+43+0+0+0+0+43;25+18
6;32;5200;100;34+0+34+34+0+0+0+0+34;21+13
6;32;5200;101;28+0+28+28+1+0+1+0+27;18+9
6;32;5200;102;18+0+18+18+0+0+0+0+18;16+2
6;32;5200;103;19+0+19+19+0+0+0+0+19;9+10
6;32;5200;104;19+0+19+19+0+0+0+0+19;15+4
6;32;5200;105;9+0+9+9+0+0+0+0+9;2+7
6;32;5200;106;21+0+21+21+0+0+0+0+21;15+6
6;32;5200;107;9+0+9+9+0+0+0+0+9;6+3
6;32;5200;108;6+0+6+6+0+0+0+0+6;4+2
6;32;5200;109;24+0+24+24+0+0+0+0+24;19+5
6;32;5200;110;21+0+21+21+1+0+1+0+20;15+5
6;32;5200;111;18+0+18+18+0+0+0+0+18;13+5
6;32;5200;112;84+0+84+84+1+0+1+0+83;28+55
6;32;5200;113;72+0+72+72+1+0+1+0+71;22+49
6;32;5200;114;83+0+83+83+0+0+0+0+83;22+61
6;32;5200;115;78+0+78+78+1+0+1+0+77;23+54
6;32;5200;116;143+0+143+143+2+0+2+0+141;32+109
6;32;5200;117;78+0+78+78+2+0+2+0+76;18+58
6;32;5200;118;216+0+216+216+1+0+1+0+215;58+157
6;32;5200;119;100+0+100+100+2+0+2+0+98;28+70
6;32;5200;120;106+0+106+106+3+0+3+0+103;30+73
6;32;5300;121;59+0+59+59+1+0+1+0+58;45+13
6;32;5300;122;32+0+32+32+0+0+0+0+32;16+16
6;32;5400;123;232+0+232+232+3+0+3+0+229;150+79
6;32;5500;129;53+0+53+53+2+0+2+0+51;39+12
6;32;5600;127;851+0+851+851+5+0+5+0+846;718+128
6;32;5600;128;329+0+329+329+2+0+2+0+327;275+52
6;32;5700;136;51+0+51+51+1+0+1+0+50;32+18
6;32;5800;137;289+0+289+289+5+0+5+0+284;200+84
6;32;5800;139;28+0+28+28+0+0+0+0+28;19+9
6;32;5800;140;64+0+64+64+1+0+1+0+63;53+10
6;32;5900;141;26+0+26+26+1+0+1+0+25;19+6
6;32;6000;142;120+0+120+120+0+0+0+0+120;102+18
6;32;6000;143;163+0+163+163+2+0+2+0+161;121+40
6;32;6100;144;105+0+105+105+0+0+0+0+105;95+10
6;32;6200;145;70+0+70+70+4+0+4+0+66;40+26
6;32;6300;146;57+0+57+57+0+0+0+0+57;51+6
6;32;6300;147;114+0+114+114+0+0+0+0+114;100+14
6;32;6400;148;34+0+34+34+2+0+2+0+32;24+8
[END]

[AGGR]
32;6;   ;2+132+132+16061+0+16032+16032+103+0+103+3+15929;11747+4182
[END]
