[INFO]
01;Благоевг░ад;201
[END]

[IZB]
01;6;   ;;11.11.2001;1;6;537
[END]

[NM]
0101;001;г░. Бан▒ко;02676;00
0101;002;▒. Го▒▓│н;17381;00
0101;003;▒. Доб░ини╣е;21498;00
0101;004;▒. К░емен;39614;00
0101;005;▒. Ме▒▓а;47857;00
0101;006;▒. Обидим;53059;00
0101;007;▒. О▒еново;54136;00
0101;008;▒. Филипово;76090;00
0102;001;▒. Баб┐к;02107;00
0102;002;г░. Бели╢а;03504;00
0102;003;▒. Го░но К░аи╣е;77596;00
0102;004;▒. Г║л║бово;15638;00
0102;005;▒. Дагоново;20064;00
0102;007;▒. Зла▓а░и╢а;14521;00
0102;008;▒. К░аи╣е;39270;00
0102;010;▒. К│з╝ово;40453;00
0102;011;▒. Л╛▓ово;44762;00
0102;012;▒. О░╢ево;53998;00
0102;014;▒. Пала▓ик;59330;00
0102;015;▒. Че░е╕ово;80649;00
0103;001;▒. Бело поле;03664;00
0103;002;▒. Би▒▓░и╢а;04217;00
0103;003;г░. Благоевг░ад;04279;00
0103;004;▒. Б│╖ино;07168;00
0103;005;▒. Б║лга░╖ево;07377;00
0103;006;▒. Габ░ово;14204;00
0103;007;▒. Го░но Ле╕ко;;00
0103;008;▒. Го░но Х║░▒ово;17004;00
0103;009;▒. Дебо╖и╢а;20328;00
0103;010;▒. Делвино;20540;00
0103;011;▒. Д░енково;23652;00
0103;012;▒. Д║б░ава;24367;00
0103;013;▒. Еленово;27231;00
0103;014;▒. Зелендол;30702;00
0103;015;▒. Изг░ев;00134;00
0103;016;▒. Кли▒│░а;37263;00
0103;017;▒. Ле╕ко;43520;00
0103;018;▒. Ли▒и┐;43863;00
0103;019;▒. Логодаж;68792;00
0103;020;▒. Ма░│лево;47370;00
0103;021;▒. Мо╣ане╢;49179;00
0103;022;▒. Обел;53031;00
0103;023;▒. Паде╕;55107;00
0103;024;м. Б│ди╕ка;;00
0103;025;▒. Пок░овник;57159;00
0103;026;▒. Рил╢и;62699;00
0103;027;▒. Сели╣е;66055;00
0103;028;▒. Це░ово;78464;00
0111;001;▒. Бани╖ан;02600;00
0111;002;▒. Бо░ово;05606;00
0111;003;▒. Б░езни╢а;06306;00
0111;004;▒. Б│ково;07003;00
0111;005;▒. Го▒подин╢и;17347;00
0111;006;г░. Го╢е Дел╖ев;17395;00
0111;007;▒. Дел╖ево;20585;00
0111;008;▒. Доб░о▓ино;21680;00
0111;010;▒. Ко░ни╢а;38666;00
0111;011;▒. Л║жни╢а;44416;00
0111;012;▒. Мо▒оми╣е;49432;00
0111;013;кв. С░една;68391;00
0113;001;▒. Балдево;02381;00
0113;002;▒. Го░но Д░┐ново;16763;00
0113;003;▒. Г║░мен;18366;00
0113;004;▒. Деб░ен;20331;00
0113;005;▒. Долно Д░┐ново;22616;00
0113;006;▒. Д║бни╢а;24267;00
0113;007;▒. Кова╖еви╢а;37472;00
0113;008;▒. К░│╕ево;40138;00
0113;010;▒. Ма░╖ево;47408;00
0113;011;▒. Огн┐ново;53326;00
0113;012;▒. О░е╕е;53727;00
0113;013;▒. О▒иково;54184;00
0113;014;▒. Рибново;62640;00
0113;015;▒. Ск░еба▓но;66874;00
0113;016;▒. Хво▒▓┐не;77222;00
0128;002;▒. Го░на Б░езни╢а;16136;00
0128;003;▒. Долна Г░аде╕ни╢а;22068;00
0128;004;г░. К░е▒на;14492;00
0128;005;▒. О╣ава;54537;00
0128;006;▒. Сливни╢а;67369;00
0128;007;▒. С▓а░а К░е▒на;39699;00
0133;001;м. Ба▒кал╢и;02806;00
0133;002;▒. Бела▒и╢а;03294;00
0133;003;▒. Бого░оди╢а;66322;00
0133;004;▒. Бо░ови╖ене;05596;00
0133;005;▒. Ви╕лене;11358;00
0133;006;▒. Волно;12036;00
0133;007;▒. Д░аг│╕;23488;00
0133;009;▒. Габ░ене;14091;00
0133;010;▒. Гега;14581;00
0133;011;▒. Гене░ал Тодо░ов;58390;00
0133;012;▒. Долене;21885;00
0133;013;▒. Долна К░│╕и╢а;22143;00
0133;014;▒. Долна Рибни╢а;22246;00
0133;016;▒. Долно Спан╖ово;22842;00
0133;017;▒. Д░ангово;23563;00
0133;019;▒. Д░еново;23697;00
0133;020;▒. Зой╖ене;31317;00
0133;021;▒. Кав░аки░ово;35081;00
0133;023;▒. Камена;35688;00
0133;024;▒. Капа▓ово;36083;00
0133;025;▒. Кл╛╖;37349;00
0133;026;▒. Кола░ово;37989;00
0133;027;▒. К░омидово;39935;00
0133;028;▒. К░║нджили╢а;40302;00
0133;029;▒. К│к│░┐╡╢ево;40508;00
0133;030;▒. К│ла▓а;40539;00
0133;031;▒. К║░налово;40912;00
0133;032;▒. Ма░ико▒▓иново;47189;00
0133;033;▒. Ма░ино поле;47247;00
0133;034;▒. Мендово;47799;00
0133;035;▒. Ми▓иново;48458;00
0133;036;▒. Ми╡нево;48578;00
0133;037;▒. Ново Кономлади;52091;00
0133;038;г░. Пе▓░и╖;56126;00
0133;039;▒. П░аво б║░до;58061;00
0133;040;▒. П║░вомай;59077;00
0133;041;▒. Рибник;62623;00
0133;042;▒. Р│пи▓е;49312;00
0133;044;▒. Р║ждак;63542;00
0133;045;▒. Сам│илово;65293;00
0133;046;▒. Ск░║▓;66901;00
0133;047;▒. С▓а░╖ево;69119;00
0133;048;▒. С▓░│ме╕ни╢а;69941;00
0133;050;▒. Тополни╢а;72744;00
0133;051;▒. Ч│░илово;81788;00
0133;052;▒. Ч│░и╖ене;81791;00
0133;053;▒. Ч│╖│лигово;81832;00
0133;054;▒. Яво░ни╢а;87134;00
0133;055;▒. Яково;87312;00
0137;001;▒. Бан┐;02693;00
0137;002;▒. Ба╖ево;02960;00
0137;003;▒. Годлево;15326;00
0137;004;▒. Го░но Д░агли╣е;16754;00
0137;005;▒. Доб║░▒ко;21748;00
0137;006;▒. Долно Д░агли╣е;22602;00
0137;007;▒. Еле╕ни╢а;27293;00
0137;008;г░. Разлог;61813;00
0140;004;▒. Бел╝ово;03784;00
0140;007;▒. Виног░ади;11168;00
0140;010;▒. В░ан┐;12200;00
0140;011;▒. В║лково;12471;00
0140;012;▒. Голе╕ево;15583;00
0140;013;▒. Го░на С│╕и╢а;16403;00
0140;014;▒. Го░но Спан╖ево;16969;00
0140;017;▒. Дам┐ни╢а;20105;00
0140;018;▒. Деб░ене;20345;00
0140;019;▒. Джиг│░ово;20780;00
0140;021;▒. Зо░ни╢а;20910;00
0140;022;▒. Зла▓оли▒▓;31139;00
0140;023;▒. Калиман╢и;35362;00
0140;024;▒. Ка▓│н╢и;36693;00
0140;026;▒. Кова╖ево;37486;00
0140;027;▒. К░║▒▓ил╢и;40378;00
0140;028;▒. К║░ланово;40926;00
0140;029;▒. Лада░ево;43030;00
0140;030;▒. Ла▒ка░ево;43150;00
0140;031;▒. Лебни╢а;43181;00
0140;032;▒. Лев│ново;43243;00
0140;034;▒. Ле╕ни╢а;43565;00
0140;035;▒. Лил┐ново;43699;00
0140;036;▒. Лозени╢а;44121;00
0140;038;▒. Л╛бови╣е;44625;00
0140;039;▒. Л╛бовка;44639;00
0140;040;▒. Малки Цалим;46526;00
0140;041;г░. Мелник;47754;00
0140;042;▒. Ново Дел╖ево;52074;00
0140;043;▒. Ново Ходжово;52307;00
0140;044;▒. Пе▓░ово;56174;00
0140;045;▒. Пипе░и╢а;56352;00
0140;046;▒. Пи░ин;56410;00
0140;048;▒. Пло▒ки;56839;00
0140;049;▒. Полени╢а;57176;00
0140;050;▒. Рожен;62918;00
0140;051;г░. Сандан▒ки;65334;00
0140;052;▒. Склаве;66785;00
0140;053;▒. Спа▓ово;68223;00
0140;055;▒. С▓░│ма;69938;00
0140;056;▒. С│га░ево;70189;00
0140;057;▒. Хо▓ово;77361;00
0140;059;▒. Х║░▒ово;77565;00
0140;060;▒. Че░е╕ни╢а;80618;00
0140;061;▒. Яново;87446;00
0142;001;▒. Боголин;04707;00
0142;002;▒. Ваклиново;10046;00
0142;003;▒. В║лко▒ел;12499;00
0142;004;▒. Годе╕ево;15312;00
0142;005;▒. Долен;21868;00
0142;006;▒. Жижево;29372;00
0142;007;▒. Ко╖ан;39089;00
0142;008;▒. К░иб│л;39726;00
0142;009;▒. О▒ина;54225;00
0142;010;▒. Пле▓ена;56740;00
0142;011;▒. Са▓ов╖а;65440;00
0142;012;▒. Сла╣ен;67270;00
0142;013;▒. Т│╡ови╣е;73519;00
0142;014;▒. Ф║░гово;76203;00
0144;001;▒. Б░ежани;06238;00
0144;002;▒. Б░е▒▓ово;06522;00
0144;004;▒. Г░адево;17405;00
0144;006;▒. Долно О▒еново;22753;00
0144;007;▒. Железни╢а;29146;00
0144;008;▒. К░│пник;40052;00
0144;009;▒. Ме╖к│л;48012;00
0144;010;▒. Полена;57162;00
0144;011;▒. Поле▓о;57203;00
0144;012;▒. Раки▓на;61978;00
0144;013;▒. Сеноко▒;66247;00
0144;014;г░. Сими▓ли;66460;00
0144;015;▒. С│╡о▒▓░ел;70370;00
0144;016;▒. С│╕и╢а;35105;00
0144;017;▒. Т░о▒ково;73184;00
0144;018;▒. Че░ни╖е;81013;00
0149;002;▒. В░ак│пови╢а;12142;00
0149;003;▒. Го░еме;16033;00
0149;004;▒. Го░на К░│╕и╢а;16273;00
0149;006;▒. Го░на Рибни╢а;16362;00
0149;007;▒. Доб░и лаки;21467;00
0149;008;▒. Д░ака▓а;23532;00
0149;009;▒. Иг░али╣е;32322;00
0149;010;▒. Илинден╢и;32665;00
0149;011;▒. Камени╢а;35818;00
0149;012;▒. Клепало;37191;00
0149;013;▒. Колиби▓е;38056;00
0149;014;▒. К║░пелево;40957;00
0149;015;▒. Ма╡ала▓а;47473;00
0149;016;▒. Мик░ево;49686;00
0149;017;▒. Ник│дин;51737;00
0149;018;▒. Пала▓;55227;00
0149;019;▒. Раздол;61772;00
0149;020;▒. Седеле╢;65930;00
0149;021;▒. С▓░│м┐ни;69969;00
0149;022;▒. Цапа░ево;78046;00
0152;001;▒. Аблани╢а;00014;00
0152;002;▒. Бе▒лен;03976;00
0152;003;▒. Бла▓▒ка;04399;00
0152;004;▒. Гай▓аниново;14341;00
0152;005;▒. Илинден;32648;00
0152;006;▒. Коп░ивлен;38532;00
0152;007;▒. Л║ки;44464;00
0152;008;▒. Нова Лов╖а;51860;00
0152;010;▒. Ново Л┐▒ки;52101;00
0152;011;▒. Па░ил;55467;00
0152;012;▒. Пе▓░елик;56109;00
0152;013;▒. Садово;65108;00
0152;014;▒. Теплен;72268;00
0152;016;▒. Те╕ово;72374;00
0152;017;г░. Хаджидимово;77058;00
0153;001;▒. Ав░амово;00059;00
0153;002;▒. Бел Камен;03561;00
0153;003;▒. Б│н╢ево;07822;00
0153;004;▒. Кона░▒ко;38220;00
0153;005;▒. Смолево;32603;00
0153;006;▒. Че░на Ме▒▓а;81850;00
0153;007;▒. Ю░│ково;86101;00
0153;008;г░. Яко░│да;87338;00
[END]

[SEC]
01;0100;001;6;001
01;0100;002;6;001
01;0100;003;6;001
01;0100;004;6;001
01;0100;005;6;001
01;0100;006;6;001
01;0100;007;6;001
01;0100;008;6;001
01;0100;009;6;001
01;0100;010;6;001
01;0100;011;6;003
01;0100;012;6;003
01;0100;013;6;003
01;0100;014;6;002
01;0100;015;6;007
01;0100;016;6;006
01;0100;017;6;004
01;0100;018;6;005
01;0100;019;6;008
01;0200;001;6;002
01;0200;002;6;002
01;0200;003;6;002
01;0200;004;6;002
01;0200;005;6;005
01;0200;006;6;008
01;0200;007;6;008
01;0200;008;6;003
01;0200;009;6;007
01;0200;010;6;011
01;0200;011;6;001
01;0200;012;6;004
01;0200;013;6;010
01;0200;014;6;014
01;0200;015;6;015
01;0200;016;6;012
01;0300;001;6;003
01;0300;002;6;003
01;0300;003;6;003
01;0300;004;6;003
01;0300;005;6;003
01;0300;006;6;003
01;0300;007;6;003
01;0300;008;6;003
01;0300;009;6;003
01;0300;010;6;003
01;0300;011;6;003
01;0300;012;6;003
01;0300;013;6;003
01;0300;014;6;003
01;0300;015;6;003
01;0300;016;6;003
01;0300;017;6;003
01;0300;018;6;003
01;0300;019;6;003
01;0300;020;6;003
01;0300;021;6;003
01;0300;022;6;003
01;0300;023;6;003
01;0300;024;6;003
01;0300;025;6;003
01;0300;026;6;003
01;0300;027;6;003
01;0300;028;6;003
01;0300;029;6;003
01;0300;030;6;003
01;0300;031;6;003
01;0300;032;6;003
01;0300;033;6;003
01;0300;034;6;003
01;0300;035;6;003
01;0300;036;6;003
01;0300;037;6;003
01;0300;038;6;003
01;0300;039;6;003
01;0300;040;6;003
01;0300;041;6;003
01;0300;042;6;003
01;0300;043;6;003
01;0300;044;6;003
01;0300;045;6;003
01;0300;046;6;003
01;0300;047;6;003
01;0300;048;6;003
01;0300;049;6;003
01;0300;050;6;003
01;0300;051;6;003
01;0300;052;6;003
01;0300;053;6;003
01;0300;054;6;003
01;0300;055;6;003
01;0300;056;6;003
01;0300;057;6;003
01;0300;058;6;003
01;0300;059;6;003
01;0300;060;6;003
01;0300;061;6;003
01;0300;062;6;003
01;0300;063;6;003
01;0300;064;6;003
01;0300;065;6;003
01;0300;066;6;003
01;0300;067;6;003
01;0300;068;6;003
01;0300;069;6;003
01;0300;070;6;003
01;0300;071;6;003
01;0300;072;6;003
01;0300;073;6;003
01;0300;074;6;003
01;0300;075;6;003
01;0300;076;6;003
01;0300;077;6;003
01;0300;078;6;003
01;0300;079;6;003
01;0300;080;6;003
01;0300;081;6;003
01;0300;082;6;003
01;0300;083;6;003
01;0300;084;6;003
01;0300;085;6;003
01;0300;086;6;003
01;0300;087;6;003
01;0300;088;6;003
01;0300;089;6;003
01;0300;090;6;003
01;0300;091;6;003
01;0300;092;6;003
01;0300;093;6;003
01;0300;094;6;003
01;0300;096;6;003
01;0300;097;6;003
01;0300;098;6;002
01;0300;099;6;008
01;0300;100;6;020+010
01;0300;101;6;015
01;0300;102;6;028
01;0300;103;6;025
01;0300;104;6;021
01;0300;105;6;023
01;0300;106;6;023+024
01;0300;107;6;006
01;0300;108;6;009
01;0300;109;6;017
01;0300;110;6;007
01;0300;111;6;001
01;0300;112;6;026
01;0300;113;6;012
01;0300;114;6;014
01;0300;115;6;005
01;0300;116;6;004+018
01;0300;117;6;027
01;0300;118;6;011
01;0300;119;6;019
01;0300;120;6;016+022
01;0300;121;6;013
01;1100;001;6;006
01;1100;002;6;006
01;1100;003;6;006
01;1100;004;6;006
01;1100;005;6;006
01;1100;006;6;006
01;1100;007;6;006
01;1100;008;6;006
01;1100;009;6;006
01;1100;010;6;006
01;1100;011;6;006
01;1100;012;6;006
01;1100;013;6;006
01;1100;014;6;006
01;1100;015;6;006
01;1100;016;6;006
01;1100;017;6;006
01;1100;018;6;006
01;1100;019;6;006
01;1100;020;6;006
01;1100;021;6;006
01;1100;022;6;006
01;1100;023;6;006
01;1100;024;6;012
01;1100;025;6;012
01;1100;026;6;012
01;1100;027;6;002
01;1100;028;6;002
01;1100;029;6;001
01;1100;030;6;005
01;1100;031;6;004
01;1100;032;6;003
01;1100;033;6;003
01;1100;034;6;003
01;1100;035;6;003
01;1100;036;6;010
01;1100;037;6;010
01;1100;038;6;010
01;1100;039;6;011
01;1100;040;6;011
01;1100;041;6;008
01;1100;042;6;013
01;1100;043;6;007
01;1300;001;6;003
01;1300;002;6;003
01;1300;003;6;001
01;1300;004;6;002
01;1300;005;6;004
01;1300;006;6;004
01;1300;007;6;005
01;1300;008;6;006
01;1300;009;6;006
01;1300;010;6;007
01;1300;011;6;008
01;1300;012;6;010
01;1300;013;6;011
01;1300;014;6;011
01;1300;015;6;012
01;1300;016;6;013
01;1300;017;6;014
01;1300;018;6;014
01;1300;019;6;015
01;1300;020;6;016
01;2800;001;6;004
01;2800;002;6;004
01;2800;003;6;004
01;2800;004;6;004
01;2800;005;6;002
01;2800;006;6;003
01;2800;007;6;006
01;2800;008;6;005
01;2800;009;6;007
01;3300;001;6;038
01;3300;002;6;038
01;3300;003;6;038
01;3300;004;6;038
01;3300;005;6;038
01;3300;006;6;038
01;3300;007;6;038
01;3300;008;6;038
01;3300;009;6;038
01;3300;010;6;038
01;3300;011;6;038
01;3300;012;6;038
01;3300;013;6;038
01;3300;014;6;038
01;3300;015;6;038
01;3300;016;6;038
01;3300;017;6;038
01;3300;018;6;038
01;3300;019;6;038
01;3300;020;6;038
01;3300;021;6;038
01;3300;022;6;038
01;3300;023;6;038
01;3300;024;6;038
01;3300;025;6;038
01;3300;026;6;038
01;3300;027;6;038
01;3300;028;6;038
01;3300;029;6;038
01;3300;030;6;038
01;3300;031;6;038
01;3300;032;6;017
01;3300;033;6;050
01;3300;034;6;035
01;3300;035;6;044
01;3300;036;6;032
01;3300;037;6;032
01;3300;038;6;027
01;3300;039;6;024
01;3300;040;6;037
01;3300;041;6;011
01;3300;042;6;030
01;3300;043;6;030
01;3300;044;6;016
01;3300;045;6;033
01;3300;046;6;053
01;3300;047;6;031
01;3300;048;6;031
01;3300;049;6;042
01;3300;050;6;042
01;3300;051;6;047
01;3300;052;6;036
01;3300;053;6;036
01;3300;054;6;041
01;3300;055;6;040
01;3300;056;6;040
01;3300;057;6;040
01;3300;058;6;021
01;3300;059;6;021
01;3300;060;6;014
01;3300;061;6;052
01;3300;062;6;034
01;3300;063;6;004
01;3300;064;6;013
01;3300;065;6;010
01;3300;066;6;001
01;3300;067;6;029
01;3300;068;6;051
01;3300;069;6;048
01;3300;070;6;012
01;3300;071;6;020
01;3300;072;6;006
01;3300;073;6;005
01;3300;074;6;039
01;3300;075;6;055
01;3300;076;6;007
01;3300;077;6;028
01;3300;078;6;019
01;3300;079;6;003
01;3300;080;6;002
01;3300;081;6;002
01;3300;082;6;026
01;3300;083;6;026
01;3300;084;6;045
01;3300;085;6;023
01;3300;086;6;054
01;3300;087;6;025
01;3300;088;6;025
01;3300;089;6;046
01;3300;090;6;046
01;3300;091;6;009
01;3300;092;6;038
01;3700;001;6;008
01;3700;002;6;008
01;3700;003;6;008
01;3700;004;6;008
01;3700;005;6;008
01;3700;006;6;008
01;3700;007;6;008
01;3700;008;6;008
01;3700;009;6;008
01;3700;010;6;008
01;3700;011;6;008
01;3700;012;6;008
01;3700;013;6;008
01;3700;014;6;008
01;3700;015;6;008
01;3700;016;6;008
01;3700;017;6;002
01;3700;018;6;002
01;3700;019;6;003
01;3700;020;6;001
01;3700;021;6;001
01;3700;022;6;001
01;3700;023;6;006
01;3700;024;6;004
01;3700;025;6;005
01;3700;026;6;007
01;3700;027;6;007
01;3700;028;6;007
01;4000;001;6;051
01;4000;002;6;051
01;4000;003;6;051
01;4000;004;6;051
01;4000;005;6;051
01;4000;006;6;051
01;4000;007;6;051
01;4000;008;6;051
01;4000;009;6;051
01;4000;010;6;051
01;4000;011;6;051
01;4000;012;6;051
01;4000;013;6;051
01;4000;014;6;051
01;4000;015;6;051
01;4000;016;6;051
01;4000;017;6;051
01;4000;018;6;051
01;4000;019;6;051
01;4000;020;6;051
01;4000;021;6;051
01;4000;022;6;051
01;4000;023;6;051
01;4000;024;6;051
01;4000;025;6;051
01;4000;026;6;051
01;4000;027;6;051
01;4000;028;6;051
01;4000;029;6;051
01;4000;030;6;051
01;4000;031;6;051
01;4000;033;6;048
01;4000;034;6;048
01;4000;035;6;027
01;4000;036;6;011
01;4000;037;6;055
01;4000;038;6;031
01;4000;039;6;035
01;4000;040;6;040
01;4000;041;6;018
01;4000;042;6;049
01;4000;043;6;049
01;4000;044;6;019
01;4000;045;6;034
01;4000;046;6;017
01;4000;047;6;017
01;4000;048;6;042
01;4000;049;6;042
01;4000;050;6;052
01;4000;051;6;052
01;4000;052;6;030
01;4000;053;6;029
01;4000;054;6;053
01;4000;055;6;057
01;4000;056;6;036
01;4000;057;6;021
01;4000;058;6;007
01;4000;059;6;059
01;4000;060;6;032
01;4000;061;6;041
01;4000;062;6;028
01;4000;063;6;056
01;4000;064;6;050
01;4000;065;6;038
01;4000;066;6;039
01;4000;067;6;013
01;4000;068;6;024
01;4000;069;6;024
01;4000;070;6;024
01;4000;071;6;022
01;4000;072;6;061
01;4000;073;6;044
01;4000;074;6;044
01;4000;075;6;012
01;4000;076;6;023
01;4000;077;6;004
01;4000;078;6;014
01;4000;079;6;046
01;4000;080;6;026
01;4000;081;6;060
01;4000;082;6;010
01;4000;083;6;045
01;4000;084;6;043
01;4200;001;6;001
01;4200;002;6;003
01;4200;003;6;003
01;4200;004;6;003
01;4200;005;6;002
01;4200;006;6;002
01;4200;007;6;004
01;4200;008;6;005
01;4200;009;6;006
01;4200;010;6;007
01;4200;011;6;007
01;4200;012;6;007
01;4200;013;6;008
01;4200;014;6;009
01;4200;015;6;010
01;4200;016;6;010
01;4200;017;6;011
01;4200;018;6;011
01;4200;019;6;012
01;4200;020;6;012
01;4200;021;6;013
01;4200;022;6;014
01;4400;001;6;014
01;4400;002;6;014
01;4400;003;6;014
01;4400;004;6;014
01;4400;005;6;014
01;4400;006;6;014
01;4400;007;6;014
01;4400;008;6;014
01;4400;009;6;014
01;4400;010;6;001
01;4400;011;6;001
01;4400;012;6;002
01;4400;013;6;006
01;4400;014;6;006
01;4400;015;6;004
01;4400;016;6;017
01;4400;017;6;007
01;4400;018;6;016
01;4400;019;6;008
01;4400;020;6;008
01;4400;021;6;008
01;4400;022;6;009
01;4400;023;6;010
01;4400;024;6;011
01;4400;025;6;012
01;4400;026;6;013
01;4400;027;6;015
01;4400;028;6;018
01;4400;029;6;018
01;4900;001;6;021
01;4900;002;6;021
01;4900;003;6;016
01;4900;004;6;016
01;4900;005;6;016
01;4900;006;6;010
01;4900;007;6;010
01;4900;008;6;008
01;4900;009;6;018
01;4900;010;6;009
01;4900;011;6;017
01;4900;012;6;015
01;4900;013;6;020
01;4900;014;6;007+013
01;4900;015;6;019
01;4900;016;6;022+006
01;4900;017;6;002
01;4900;018;6;014
01;4900;019;6;004
01;4900;020;6;012
01;4900;021;6;011
01;4900;022;6;003
01;5200;001;6;017
01;5200;002;6;017
01;5200;003;6;017
01;5200;004;6;003
01;5200;005;6;012
01;5200;006;6;014
01;5200;007;6;002
01;5200;008;6;013
01;5200;009;6;004
01;5200;010;6;008
01;5200;011;6;011
01;5200;012;6;006
01;5200;013;6;006
01;5200;014;6;001
01;5200;015;6;001
01;5200;016;6;001
01;5200;017;6;005
01;5200;018;6;007
01;5200;019;6;016
01;5200;020;6;010
01;5300;001;6;008
01;5300;002;6;008
01;5300;003;6;008
01;5300;004;6;008
01;5300;005;6;008
01;5300;006;6;008
01;5300;007;6;008
01;5300;008;6;001
01;5300;009;6;002
01;5300;010;6;005
01;5300;011;6;004
01;5300;012;6;003
01;5300;013;6;006
01;5300;014;6;007
[END]

[MAJ]
01;6;   ;01;;;Пе▓║░ Ки░илов Бе░он и С▓о┐н В║л╖ев Анд░еев;, ;ПКБ+СВА;1174;0;1
01;6;   ;02;;;Пе▓║░ С▓е┤анов С▓о┐нов и Нели Пе▓░ова К│╢кова;, ;ПСС+НПК;40093;2;2
01;6;   ;03;;;Богомил Ангелов Бонев и А▓ана▒ Иванов Желез╖ев;, ;БАБ+АИЖ;18355;0;3
01;6;   ;04;;;Жо░ж Ган╖ев Ган╖ев и Ве▒елин С▓о┐нов Бон╖ев;, ;ЖГГ+ВСБ;3211;0;4
01;6;   ;05;;;Гео░ги Седе┤╖ов П║░ванов и Ангел Иванов Ма░ин;, ;ГСП+АИМ;34051;2;5
01;6;   ;06;;;Рене▓а Иванова Инджова и К░║▒▓╛ Николов Илов;, ;РИИ+КНИ;4966;0;6
[END]

[PROP]
[END]

[LISTI]
[END]

[PROT]
6;01;0100;001;813+1+347+347+0+1+1+0+346;2+148+58+12+124+2
6;01;0100;002;720+0+300+300+0+0+0+0+300;7+139+45+6+101+2
6;01;0100;003;801+0+309+309+1+0+1+0+308;8+131+48+4+115+2
6;01;0100;004;866+0+274+274+0+1+1+0+273;1+128+50+8+81+5
6;01;0100;005;693+1+226+226+0+0+0+19+226;2+107+44+3+67+3
6;01;0100;006;589+2+247+247+0+1+1+12+246;3+113+34+9+85+2
6;01;0100;007;670+0+241+241+0+0+0+8+241;1+113+33+7+86+1
6;01;0100;008;685+1+254+254+2+1+3+10+251;1+131+42+10+62+5
6;01;0100;009;894+0+234+234+2+1+3+0+231;6+100+49+8+60+8
6;01;0100;010;861+0+288+288+0+2+2+0+286;2+138+54+11+76+5
6;01;0100;011;861+2+364+364+0+1+1+0+363;0+121+93+7+132+10
6;01;0100;012;878+1+275+275+0+2+2+10+273;1+84+48+7+122+11
6;01;0100;013;739+1+257+257+0+0+0+0+257;1+68+64+7+113+4
6;01;0100;014;112+3+55+55+0+0+0+0+55;2+17+6+1+28+1
6;01;0100;015;123+2+78+78+0+0+0+0+78;1+8+3+1+62+3
6;01;0100;016;170+1+93+93+0+0+0+0+93;4+31+14+12+28+4
6;01;0100;017;330+0+170+170+1+0+1+8+169;3+25+62+5+65+9
6;01;0100;018;234+0+118+118+0+0+0+0+118;2+27+36+5+45+3
6;01;0100;019;239+3+242+242+3+2+5+0+237;7+61+28+6+10+125
6;01;0200;001;610+2+303+303+1+2+3+0+300;0+55+34+9+201+1
6;01;0200;002;673+0+315+315+0+0+0+10+315;1+40+10+13+249+2
6;01;0200;003;791+0+364+364+0+1+1+30+363;6+112+27+2+204+12
6;01;0200;004;720+0+279+279+0+0+0+18+279;2+107+11+6+135+18
6;01;0200;005;528+2+194+194+1+4+5+0+189;3+116+11+2+10+47
6;01;0200;006;692+3+161+161+0+0+0+0+161;0+81+25+2+4+49
6;01;0200;007;966+4+220+220+0+0+0+0+220;2+118+26+3+10+61
6;01;0200;008;797+4+121+121+0+0+0+0+121;2+59+46+0+5+9
6;01;0200;009;123+6+33+33+0+0+0+0+33;0+10+9+0+1+13
6;01;0200;010;193+3+99+99+0+0+0+0+99;1+80+5+1+4+8
6;01;0200;011;648+4+168+168+0+0+0+0+168;0+117+23+0+23+5
6;01;0200;012;17+6+23+23+0+0+0+0+23;0+17+1+0+3+2
6;01;0200;013;245+3+98+98+0+0+0+0+98;3+56+6+1+5+27
6;01;0200;014;172+3+60+60+0+2+2+0+58;0+14+2+1+31+10
6;01;0200;015;222+3+87+87+2+0+2+2+85;0+30+4+2+48+1
6;01;0200;016;179+4+57+57+0+0+0+0+57;1+12+9+0+20+15
6;01;0300;001;672+1+272+272+0+0+0+10+272;3+122+47+12+83+5
6;01;0300;002;635+1+284+284+0+0+0+4+284;1+108+56+4+114+1
6;01;0300;003;726+2+306+306+2+1+3+10+303;0+133+74+13+81+2
6;01;0300;004;707+1+281+281+1+1+2+0+279;2+127+57+3+88+2
6;01;0300;005;788+0+308+308+0+0+0+0+308;0+114+70+5+114+5
6;01;0300;006;650+0+248+248+0+3+3+3+245;2+98+55+8+80+2
6;01;0300;007;725+0+253+253+0+1+1+14+252;6+126+16+8+93+3
6;01;0300;008;764+0+234+234+1+0+1+0+233;1+116+52+4+57+3
6;01;0300;009;798+0+225+225+0+0+0+6+225;5+109+58+7+46+0
6;01;0300;010;779+0+211+211+0+1+1+8+210;3+109+35+3+58+2
6;01;0300;011;659+1+249+249+0+0+0+13+249;2+92+48+4+98+5
6;01;0300;012;763+0+277+277+0+0+0+4+277;0+128+71+8+61+9
6;01;0300;013;607+12+258+258+1+1+2+15+256;2+93+69+5+81+6
6;01;0300;014;653+4+314+314+0+0+0+13+314;2+155+54+4+91+8
6;01;0300;015;657+0+280+280+0+0+0+10+280;3+149+61+5+61+1
6;01;0300;016;263+1+264+264+1+0+1+6+263;2+138+31+5+85+2
6;01;0300;017;500+1+240+240+1+0+1+5+239;1+121+41+8+62+6
6;01;0300;018;639+3+298+298+1+0+1+7+297;3+124+50+8+107+5
6;01;0300;019;753+2+272+272+0+0+0+0+272;1+104+60+9+87+11
6;01;0300;020;653+0+288+288+1+0+1+6+287;7+106+62+5+102+5
6;01;0300;021;692+0+291+291+0+2+2+0+289;5+104+71+9+95+5
6;01;0300;022;763+0+288+288+0+0+0+2+288;3+105+69+6+96+9
6;01;0300;023;391+0+95+95+1+1+2+4+93;0+39+29+3+18+4
6;01;0300;024;559+2+292+292+1+0+1+8+291;1+173+43+1+69+4
6;01;0300;025;463+1+211+211+0+0+0+0+211;0+107+36+5+61+2
6;01;0300;026;652+3+295+295+0+1+1+0+294;3+134+51+6+96+4
6;01;0300;027;670+0+331+331+4+0+4+0+327;2+156+60+4+102+3
6;01;0300;028;411+3+187+187+4+0+4+6+183;1+83+42+5+50+2
6;01;0300;029;673+1+264+264+1+0+1+6+263;0+115+55+7+82+4
6;01;0300;030;542+0+189+189+1+0+1+10+188;3+67+43+7+64+4
6;01;0300;031;601+3+251+251+0+1+1+9+250;0+83+59+6+97+5
6;01;0300;032;416+1+138+138+0+0+0+0+138;0+69+26+3+36+4
6;01;0300;033;291+5+31+31+0+0+0+0+31;0+13+6+0+5+7
6;01;0300;034;697+2+312+312+1+0+1+9+311;1+122+59+6+111+12
6;01;0300;035;616+3+283+283+1+2+3+6+280;1+121+57+13+87+1
6;01;0300;036;608+0+323+323+2+0+2+6+321;1+154+44+4+117+1
6;01;0300;037;505+1+262+262+0+0+0+0+262;1+103+42+4+108+4
6;01;0300;038;463+0+208+208+0+0+0+4+208;1+89+48+6+60+4
6;01;0300;039;424+4+204+204+0+1+1+7+203;0+93+51+3+52+4
6;01;0300;040;564+0+221+221+1+0+1+9+220;1+87+56+3+70+3
6;01;0300;041;774+1+339+339+0+1+1+9+338;1+155+62+9+106+5
6;01;0300;042;757+0+309+309+0+1+1+7+308;2+141+70+3+82+10
6;01;0300;043;691+0+315+315+1+0+1+14+314;5+125+57+3+119+5
6;01;0300;044;732+1+318+318+0+1+1+0+317;1+118+55+6+122+15
6;01;0300;045;798+1+311+311+1+0+1+5+310;3+99+58+11+130+9
6;01;0300;046;614+2+242+242+0+1+1+8+241;5+93+55+1+77+10
6;01;0300;047;751+0+262+262+1+0+1+9+261;1+126+43+13+73+5
6;01;0300;048;659+0+309+309+0+0+0+0+309;1+118+51+7+129+3
6;01;0300;049;761+0+323+323+0+1+1+0+322;2+113+52+3+147+5
6;01;0300;050;738+1+308+308+2+0+2+8+306;2+91+94+10+103+6
6;01;0300;051;655+3+300+300+0+0+0+0+300;2+100+67+9+116+6
6;01;0300;052;698+0+308+308+0+1+1+6+307;2+102+56+4+132+11
6;01;0300;053;439+0+147+147+0+0+0+8+147;3+75+33+3+30+3
6;01;0300;054;613+0+236+236+0+0+0+0+236;5+103+56+9+58+5
6;01;0300;055;646+1+250+250+1+0+1+6+249;2+110+58+0+73+6
6;01;0300;056;544+1+212+212+0+1+1+1+211;1+99+49+1+55+6
6;01;0300;057;529+0+211+211+0+0+0+7+211;4+95+50+5+52+5
6;01;0300;058;618+0+245+245+1+0+1+4+244;1+105+44+8+82+4
6;01;0300;059;707+0+237+237+6+1+7+0+230;2+123+30+13+60+2
6;01;0300;060;565+0+210+210+1+1+2+2+208;0+86+51+5+60+6
6;01;0300;061;761+0+305+305+0+2+2+8+303;9+167+45+14+64+4
6;01;0300;062;689+0+186+186+0+0+0+5+186;2+58+61+6+50+9
6;01;0300;063;723+2+238+238+0+0+0+0+238;2+112+42+6+67+9
6;01;0300;064;804+4+259+259+0+0+0+8+259;0+141+54+4+57+3
6;01;0300;065;795+0+253+253+0+0+0+4+253;3+117+60+12+52+9
6;01;0300;066;742+2+290+290+2+0+2+0+288;2+129+77+2+63+15
6;01;0300;067;588+0+176+176+4+0+4+2+172;0+84+52+10+23+3
6;01;0300;068;537+0+197+197+0+2+2+0+195;0+84+63+6+38+4
6;01;0300;069;152+0+152+152+0+0+0+6+152;1+63+31+8+42+7
6;01;0300;070;667+2+174+174+0+0+0+0+174;1+84+49+4+33+3
6;01;0300;071;674+1+175+175+0+0+0+3+175;1+66+48+11+44+5
6;01;0300;072;607+0+175+175+3+1+4+0+171;2+70+57+5+37+0
6;01;0300;073;698+3+172+172+0+0+0+2+172;0+77+44+3+44+4
6;01;0300;074;554+1+123+123+0+0+0+2+123;0+37+33+6+42+5
6;01;0300;075;239+0+239+239+0+1+1+1+238;3+93+57+7+70+8
6;01;0300;076;729+1+252+252+0+0+0+0+252;3+68+78+9+88+6
6;01;0300;077;663+0+187+187+0+0+0+0+187;2+88+40+1+50+6
6;01;0300;078;660+0+188+188+0+0+0+0+188;2+87+40+7+44+8
6;01;0300;079;600+1+201+201+2+0+2+0+199;2+90+54+5+43+5
6;01;0300;080;559+0+183+183+0+0+0+0+183;0+92+41+7+41+2
6;01;0300;081;508+0+141+141+1+1+2+3+139;0+64+39+1+32+3
6;01;0300;082;671+0+188+188+0+0+0+0+188;0+53+70+5+53+7
6;01;0300;083;756+0+221+221+2+0+2+4+219;2+108+53+4+45+7
6;01;0300;084;579+0+206+206+0+0+0+0+206;0+106+55+2+35+8
6;01;0300;085;590+1+199+199+0+0+0+0+199;3+72+57+8+56+3
6;01;0300;086;596+0+224+224+0+0+0+6+224;0+91+70+5+47+11
6;01;0300;087;475+1+139+139+0+0+0+0+139;0+80+20+4+24+11
6;01;0300;088;516+1+155+155+0+0+0+0+155;0+66+37+11+40+1
6;01;0300;089;621+0+227+227+0+0+0+0+227;1+122+49+4+46+5
6;01;0300;090;532+1+170+170+2+0+2+1+168;0+65+50+7+42+4
6;01;0300;091;586+1+185+185+1+1+2+2+183;2+99+44+6+25+7
6;01;0300;092;497+0+147+147+0+1+1+2+146;2+62+48+10+16+8
6;01;0300;093;417+0+126+126+1+0+1+0+125;1+42+49+4+23+6
6;01;0300;094;385+1+87+87+0+1+1+2+86;0+30+26+3+24+3
6;01;0300;096;844+0+303+303+1+0+1+3+302;3+121+91+12+64+11
6;01;0300;097;117+0+21+21+0+0+0+0+21;0+9+4+2+6+0
6;01;0300;098;103+2+21+21+0+0+0+0+21;0+11+2+0+7+1
6;01;0300;099;142+2+84+84+0+0+0+7+84;2+9+12+5+56+0
6;01;0300;100;105+3+30+30+0+1+1+0+29;2+3+0+0+23+1
6;01;0300;101;433+3+215+215+1+1+2+0+213;4+75+43+10+79+2
6;01;0300;102;455+2+235+235+1+2+3+5+232;0+65+54+15+89+9
6;01;0300;103;694+0+266+266+0+0+0+15+266;4+101+60+10+84+7
6;01;0300;104;52+3+32+32+0+0+0+0+32;0+8+8+0+16+0
6;01;0300;105;631+0+248+248+1+1+2+5+246;2+124+36+8+69+7
6;01;0300;106;35+2+4+4+0+0+0+0+4;0+4+0+0+0+0
6;01;0300;107;81+2+42+42+1+0+1+0+41;2+8+1+0+29+1
6;01;0300;108;45+3+23+23+0+0+0+0+23;1+8+2+3+9+0
6;01;0300;109;174+4+98+98+1+0+1+0+97;1+29+11+6+47+3
6;01;0300;110;72+1+47+47+0+0+0+0+47;2+4+8+2+28+3
6;01;0300;111;482+2+197+197+0+0+0+13+197;1+53+57+8+77+1
6;01;0300;112;660+0+263+263+0+1+1+0+262;6+120+50+12+70+4
6;01;0300;113;121+1+48+48+0+0+0+0+48;2+8+9+1+28+0
6;01;0300;114;188+1+119+119+0+0+0+1+119;8+47+24+1+38+1
6;01;0300;115;244+1+127+127+2+0+2+2+125;0+25+39+2+56+3
6;01;0300;116;131+0+40+40+0+0+0+4+40;3+7+7+1+22+0
6;01;0300;117;321+5+177+177+0+0+0+7+177;2+30+15+4+124+2
6;01;0300;118;95+1+42+42+0+0+0+0+42;1+9+4+3+20+5
6;01;0300;119;282+2+114+114+1+0+1+4+113;3+35+11+6+58+0
6;01;0300;120;44+2+14+14+0+0+0+0+14;0+2+1+1+10+0
6;01;0300;121;112+0+54+54+0+0+0+0+54;1+18+12+4+19+0
6;01;1100;001;951+1+313+313+1+0+1+0+312;4+49+45+30+179+5
6;01;1100;002;915+0+254+254+0+0+0+0+254;3+83+68+9+85+6
6;01;1100;003;719+2+281+281+0+0+0+0+281;2+119+51+7+100+2
6;01;1100;004;782+1+245+245+0+0+0+0+245;0+89+39+3+112+2
6;01;1100;005;752+0+280+280+0+0+0+7+280;0+96+68+4+108+4
6;01;1100;006;675+1+241+241+2+0+2+14+239;5+70+43+6+106+9
6;01;1100;007;662+0+296+296+2+0+2+0+294;1+131+53+5+100+4
6;01;1100;008;816+2+357+357+3+0+3+6+354;2+142+75+7+116+12
6;01;1100;009;653+0+274+274+0+0+0+0+274;0+106+57+1+109+1
6;01;1100;010;704+0+253+253+0+1+1+0+252;4+103+69+3+70+3
6;01;1100;011;764+1+247+247+0+0+0+7+247;0+75+47+4+114+7
6;01;1100;012;691+2+244+244+2+0+2+0+242;1+87+58+2+91+3
6;01;1100;013;757+0+210+210+0+0+0+0+210;1+68+52+4+83+2
6;01;1100;014;725+0+173+173+1+0+1+0+172;0+61+46+10+54+1
6;01;1100;015;846+0+153+153+1+0+1+0+152;1+52+34+12+52+1
6;01;1100;016;663+0+141+141+0+1+1+0+140;0+42+35+6+51+6
6;01;1100;017;752+0+157+157+0+0+0+0+157;5+60+29+4+54+5
6;01;1100;018;862+0+169+169+0+0+0+0+169;2+48+22+5+87+5
6;01;1100;019;766+1+123+123+0+0+0+2+123;0+12+12+6+90+3
6;01;1100;020;792+0+282+282+0+0+0+0+282;2+139+48+6+83+4
6;01;1100;021;939+5+270+270+0+0+0+0+270;3+97+57+9+88+16
6;01;1100;022;913+0+290+290+0+0+0+0+290;2+102+60+11+105+10
6;01;1100;023;70+0+11+11+0+0+0+1+11;0+5+1+0+5+0
6;01;1100;024;673+0+225+225+0+0+0+0+225;5+62+61+14+75+8
6;01;1100;025;621+1+167+167+0+1+1+0+166;2+64+34+25+35+6
6;01;1100;026;534+1+158+158+0+0+0+5+158;3+53+45+7+42+8
6;01;1100;027;504+0+191+191+1+0+1+0+190;3+44+32+11+94+6
6;01;1100;028;449+7+188+188+0+0+0+0+188;4+37+32+22+87+6
6;01;1100;029;568+1+197+197+0+2+2+12+195;1+54+38+15+82+5
6;01;1100;030;319+0+121+121+0+0+0+0+121;2+60+10+4+40+5
6;01;1100;031;668+2+213+213+0+0+0+0+213;1+30+5+1+6+170
6;01;1100;032;612+1+132+132+0+0+0+0+132;0+9+4+0+1+118
6;01;1100;033;605+1+156+156+0+0+0+0+156;1+22+1+2+22+108
6;01;1100;034;709+0+152+152+0+0+0+0+152;3+40+8+3+9+89
6;01;1100;035;652+2+178+178+1+0+1+0+177;0+61+5+1+7+103
6;01;1100;036;393+4+129+129+0+0+0+0+129;3+65+9+1+12+39
6;01;1100;037;445+1+110+110+0+0+0+0+110;2+27+2+3+23+53
6;01;1100;038;455+4+119+119+0+0+0+0+119;4+36+2+1+5+71
6;01;1100;039;533+0+96+96+0+0+0+0+96;6+48+3+0+13+26
6;01;1100;040;511+2+90+90+0+0+0+0+90;3+48+2+1+3+33
6;01;1100;041;55+1+31+31+0+0+0+0+31;2+15+2+1+10+1
6;01;1100;042;40+1+13+13+0+0+0+0+13;0+4+1+1+7+0
6;01;1100;043;91+1+71+71+1+0+1+3+70;4+50+3+0+10+3
6;01;1300;001;533+3+234+234+3+0+3+0+231;1+52+31+11+132+4
6;01;1300;002;845+0+324+324+0+0+0+0+324;1+44+63+13+198+5
6;01;1300;003;230+0+80+80+0+0+0+0+80;0+25+3+6+44+2
6;01;1300;004;784+1+206+206+0+0+0+0+206;2+92+39+11+40+22
6;01;1300;005;729+0+193+193+0+0+0+0+193;5+78+65+0+25+20
6;01;1300;006;845+0+180+180+0+0+0+0+180;1+78+35+14+14+38
6;01;1300;007;854+0+152+152+0+0+0+0+152;4+53+19+3+9+64
6;01;1300;008;657+0+142+142+2+0+2+0+140;4+45+21+6+38+26
6;01;1300;009;608+6+120+120+0+0+0+0+120;2+21+20+1+62+14
6;01;1300;010;55+0+41+41+0+0+0+0+41;0+9+3+2+26+1
6;01;1300;011;211+0+38+38+0+0+0+0+38;2+5+3+3+17+8
6;01;1300;012;156+2+91+91+0+0+0+0+91;0+28+16+3+42+2
6;01;1300;013;621+0+194+194+1+0+1+0+193;1+58+37+7+82+8
6;01;1300;014;690+0+197+197+0+1+1+10+196;2+66+26+14+86+2
6;01;1300;015;320+7+98+98+0+0+0+0+98;0+44+20+1+17+16
6;01;1300;016;454+0+149+149+0+1+1+0+148;3+113+11+3+17+1
6;01;1300;017;817+0+284+284+0+0+0+0+284;0+44+27+20+31+162
6;01;1300;018;880+0+298+298+0+0+0+0+298;3+86+23+8+30+148
6;01;1300;019;250+0+152+152+0+0+0+0+152;1+76+3+8+61+3
6;01;1300;020;471+0+100+100+0+0+0+0+100;3+34+23+5+15+20
6;01;2800;001;717+0+259+259+0+1+1+0+258;3+136+46+9+63+1
6;01;2800;002;663+1+203+203+0+0+0+0+203;1+77+34+6+83+2
6;01;2800;003;973+0+399+399+0+2+2+0+397;4+181+81+12+112+7
6;01;2800;004;922+0+288+288+0+3+3+0+285;10+158+39+5+70+3
6;01;2800;005;633+1+327+327+0+1+1+22+326;5+124+53+4+136+4
6;01;2800;006;652+0+266+266+0+0+0+0+266;4+131+38+9+80+4
6;01;2800;007;527+0+255+255+1+0+1+0+254;2+66+33+5+146+2
6;01;2800;008;110+5+72+72+1+0+1+0+71;6+36+8+0+19+2
6;01;2800;009;86+2+53+53+0+0+0+0+53;5+23+10+0+15+0
6;01;3300;001;865+0+257+257+0+0+0+0+257;6+130+32+9+79+1
6;01;3300;002;730+0+278+278+0+0+0+7+278;2+135+48+7+85+1
6;01;3300;003;866+0+305+305+0+0+0+0+305;1+142+60+2+81+19
6;01;3300;004;928+1+404+404+0+0+0+0+404;4+212+63+7+108+10
6;01;3300;005;936+3+382+382+3+0+3+13+379;1+158+57+9+144+10
6;01;3300;006;912+0+277+277+0+0+0+0+277;4+144+39+4+83+3
6;01;3300;007;914+0+351+351+0+0+0+14+351;1+174+62+3+102+9
6;01;3300;008;890+1+361+361+0+0+0+0+361;3+152+66+9+122+9
6;01;3300;009;929+0+307+307+0+0+0+6+307;7+171+54+7+59+9
6;01;3300;010;928+0+272+272+0+0+0+0+272;4+170+45+6+42+5
6;01;3300;011;848+0+210+210+0+0+0+0+210;2+116+36+5+43+8
6;01;3300;012;763+1+203+203+0+1+1+0+202;0+109+33+12+44+4
6;01;3300;013;819+1+242+242+0+0+0+0+242;1+85+70+13+70+3
6;01;3300;014;729+0+158+158+1+0+1+5+157;0+73+34+7+38+5
6;01;3300;015;779+0+160+160+0+1+1+0+159;4+66+37+3+45+4
6;01;3300;016;925+0+323+323+3+0+3+0+320;6+149+74+9+74+8
6;01;3300;017;736+3+205+205+0+1+1+3+204;3+96+35+7+60+3
6;01;3300;018;881+0+281+281+0+0+0+0+281;2+136+63+11+68+1
6;01;3300;019;859+0+316+316+0+0+0+0+316;8+148+75+8+77+0
6;01;3300;020;777+0+326+326+0+1+1+0+325;2+135+61+4+119+4
6;01;3300;021;711+0+267+267+2+0+2+0+265;3+147+36+2+73+4
6;01;3300;022;741+0+308+308+0+0+0+15+308;4+145+65+12+73+9
6;01;3300;023;783+0+253+253+0+0+0+19+253;2+103+52+8+84+4
6;01;3300;024;876+1+315+315+0+0+0+0+315;5+157+33+8+103+9
6;01;3300;025;460+0+103+103+2+0+2+0+101;3+67+10+5+14+2
6;01;3300;026;395+0+44+44+0+0+0+0+44;0+13+3+3+25+0
6;01;3300;027;379+0+62+62+0+0+0+0+62;2+36+9+2+12+1
6;01;3300;028;568+0+110+110+0+0+0+0+110;1+55+10+1+41+2
6;01;3300;029;913+0+210+210+0+0+0+0+210;3+92+45+4+60+6
6;01;3300;030;933+1+172+172+1+0+1+3+171;0+76+42+9+38+6
6;01;3300;031;851+1+259+259+0+0+0+0+259;1+106+50+7+91+4
6;01;3300;032;427+1+148+148+0+1+1+0+147;0+81+23+7+33+3
6;01;3300;033;677+3+309+309+0+3+3+5+306;5+150+66+5+75+5
6;01;3300;034;262+2+149+149+0+0+0+0+149;0+51+18+12+67+1
6;01;3300;035;243+0+118+118+0+0+0+0+118;0+80+21+1+15+1
6;01;3300;036;559+1+177+177+0+0+0+6+177;2+53+48+12+59+3
6;01;3300;037;575+1+216+216+0+0+0+2+216;3+83+42+12+73+3
6;01;3300;038;159+0+111+111+0+0+0+0+111;2+43+7+1+57+1
6;01;3300;039;226+0+109+109+0+0+0+0+109;0+49+6+4+48+2
6;01;3300;040;176+0+113+113+0+0+0+0+113;0+49+8+2+53+1
6;01;3300;041;608+0+195+195+1+0+1+0+194;5+52+28+11+94+4
6;01;3300;042;398+1+203+203+2+0+2+0+201;1+65+39+10+83+3
6;01;3300;043;370+0+165+165+0+1+1+0+164;0+34+47+5+76+2
6;01;3300;044;152+0+85+85+0+0+0+2+85;4+25+8+8+40+0
6;01;3300;045;285+0+157+157+0+0+0+0+157;1+66+21+12+55+2
6;01;3300;046;204+0+134+134+5+0+5+0+129;1+53+13+9+52+1
6;01;3300;047;795+0+278+278+0+0+0+0+278;2+81+57+14+122+2
6;01;3300;048;756+0+259+259+0+0+0+0+259;3+60+36+3+157+0
6;01;3300;049;489+1+196+196+0+0+0+11+196;5+67+39+12+73+0
6;01;3300;050;440+0+196+196+0+0+0+0+196;3+83+39+11+59+1
6;01;3300;051;567+0+168+168+1+2+3+0+165;2+71+26+5+59+2
6;01;3300;052;510+0+181+181+0+0+0+0+181;1+28+32+12+107+1
6;01;3300;053;462+2+160+160+0+0+0+0+160;1+23+36+15+81+4
6;01;3300;054;175+2+77+77+0+0+0+0+77;1+21+18+11+25+1
6;01;3300;055;881+0+255+255+0+1+1+7+254;1+38+34+24+152+5
6;01;3300;056;820+0+239+239+0+0+0+0+239;2+47+39+14+130+7
6;01;3300;057;848+0+226+226+1+0+1+0+225;3+41+27+5+147+2
6;01;3300;058;565+1+188+188+0+0+0+0+188;1+27+34+8+115+3
6;01;3300;059;537+0+193+193+2+0+2+0+191;2+33+35+7+110+4
6;01;3300;060;339+3+145+145+0+0+0+0+145;1+85+6+4+46+3
6;01;3300;061;236+0+98+98+0+0+0+5+98;2+28+16+7+42+3
6;01;3300;062;109+0+80+80+0+0+0+0+80;0+44+14+5+16+1
6;01;3300;063;98+0+57+57+0+0+0+0+57;1+17+2+6+31+0
6;01;3300;064;226+0+101+101+0+0+0+0+101;3+19+12+2+61+4
6;01;3300;065;331+0+177+177+0+2+2+0+175;3+35+35+19+82+1
6;01;3300;066;105+0+49+49+0+0+0+0+49;0+5+10+4+29+1
6;01;3300;067;76+2+42+42+0+0+0+0+42;1+15+3+3+19+1
6;01;3300;068;86+0+40+40+0+0+0+0+40;0+9+7+2+22+0
6;01;3300;069;330+0+144+144+0+0+0+0+144;4+52+24+3+61+0
6;01;3300;070;54+0+33+33+0+0+0+0+33;1+6+1+0+23+2
6;01;3300;071;63+0+34+34+0+0+0+0+34;0+8+11+3+12+0
6;01;3300;072;30+0+27+27+0+0+0+0+27;0+3+1+1+22+0
6;01;3300;073;89+1+57+57+0+1+1+0+56;2+6+5+3+37+3
6;01;3300;074;105+0+44+44+0+0+0+0+44;0+9+18+6+9+2
6;01;3300;075;106+1+51+51+0+0+0+0+51;1+8+2+2+36+2
6;01;3300;076;49+2+35+35+0+0+0+0+35;1+4+2+11+16+1
6;01;3300;077;25+0+19+19+0+0+0+0+19;1+3+0+0+15+0
6;01;3300;078;175+3+98+98+0+0+0+0+98;4+29+25+2+37+1
6;01;3300;079;50+3+45+45+0+0+0+0+45;4+34+2+0+5+0
6;01;3300;080;465+3+196+196+0+1+1+0+195;3+96+22+6+68+0
6;01;3300;081;480+5+189+189+1+0+1+10+188;8+81+17+10+71+1
6;01;3300;082;893+2+398+398+0+0+0+0+398;6+214+39+13+122+4
6;01;3300;083;898+0+393+393+1+1+2+0+391;4+214+57+15+97+4
6;01;3300;084;759+0+300+300+0+0+0+0+300;5+130+38+13+109+5
6;01;3300;085;308+2+115+115+0+0+0+0+115;2+43+15+7+43+5
6;01;3300;086;767+1+287+287+0+0+0+0+287;2+113+26+14+118+14
6;01;3300;087;469+1+179+179+0+0+0+0+179;2+60+31+15+70+1
6;01;3300;088;426+11+187+187+0+0+0+0+187;2+63+28+22+72+0
6;01;3300;089;363+1+114+114+0+0+0+3+114;2+35+20+13+40+4
6;01;3300;090;582+1+177+177+1+0+1+0+176;5+77+26+17+48+3
6;01;3300;091;656+7+304+304+3+0+3+0+301;8+163+37+20+71+2
6;01;3300;092;34+0+7+7+0+0+0+1+7;0+4+1+1+0+1
6;01;3700;001;757+0+376+376+0+2+2+15+374;9+151+54+4+148+8
6;01;3700;002;692+0+354+354+2+0+2+0+352;4+147+53+10+131+7
6;01;3700;003;811+1+392+392+0+0+0+21+392;1+147+65+16+157+6
6;01;3700;004;762+0+399+399+1+3+4+20+395;6+183+83+9+110+4
6;01;3700;005;580+0+280+280+1+0+1+14+279;5+149+55+6+62+2
6;01;3700;006;630+0+315+315+1+0+1+0+314;2+138+59+1+107+7
6;01;3700;007;581+0+340+340+3+1+4+24+336;3+131+67+7+119+9
6;01;3700;008;965+1+468+468+3+0+3+21+465;1+175+78+13+186+12
6;01;3700;009;761+0+412+412+0+0+0+17+412;5+168+69+11+151+8
6;01;3700;010;684+0+237+237+1+1+2+0+235;10+92+48+11+64+10
6;01;3700;011;505+0+239+239+0+0+0+0+239;0+92+38+6+97+6
6;01;3700;012;717+1+360+360+0+0+0+19+360;8+139+67+11+126+9
6;01;3700;013;607+0+311+311+3+0+3+0+308;2+146+44+6+104+6
6;01;3700;014;728+0+352+352+1+0+1+6+351;4+155+67+6+113+6
6;01;3700;015;963+0+370+370+3+3+6+27+364;5+135+19+10+194+1
6;01;3700;016;53+0+15+15+0+0+0+0+15;0+6+0+3+6+0
6;01;3700;017;733+3+379+379+1+1+2+0+377;1+165+43+10+151+7
6;01;3700;018;753+0+369+369+0+2+2+17+367;3+140+41+7+165+11
6;01;3700;019;495+1+355+355+0+0+0+7+355;4+146+29+12+162+2
6;01;3700;020;704+0+337+337+2+1+3+12+334;3+124+51+20+131+5
6;01;3700;021;701+0+320+320+0+1+1+9+319;2+118+40+12+145+2
6;01;3700;022;859+1+319+319+1+2+3+9+316;7+116+36+18+135+4
6;01;3700;023;550+0+310+310+0+1+1+13+309;2+114+34+6+151+2
6;01;3700;024;922+0+484+484+1+4+5+29+479;4+144+89+12+220+10
6;01;3700;025;562+3+320+320+0+3+3+0+317;1+105+36+15+154+6
6;01;3700;026;374+1+212+212+0+0+0+0+212;1+85+23+3+96+4
6;01;3700;027;459+0+223+223+0+0+0+0+223;4+79+35+4+98+3
6;01;3700;028;616+0+302+302+1+0+1+0+301;3+110+43+7+130+8
6;01;4000;001;705+2+194+194+1+0+1+0+193;2+85+37+7+57+5
6;01;4000;002;751+0+188+188+0+1+1+6+187;0+63+51+12+54+7
6;01;4000;003;921+0+322+322+0+2+2+0+320;2+137+72+11+93+5
6;01;4000;004;939+0+295+295+0+0+0+9+295;1+113+74+7+97+3
6;01;4000;005;764+0+291+291+0+0+0+14+291;1+110+62+8+101+9
6;01;4000;006;901+1+318+318+0+0+0+9+318;0+146+61+4+106+1
6;01;4000;007;874+2+366+366+1+1+2+7+364;3+115+81+7+156+2
6;01;4000;008;720+0+241+241+1+0+1+0+240;1+97+57+7+75+3
6;01;4000;009;460+0+186+186+0+1+1+0+185;2+70+49+0+61+3
6;01;4000;010;493+0+143+143+0+0+0+0+143;0+69+24+3+45+2
6;01;4000;011;782+1+266+266+0+1+1+3+265;4+97+66+4+91+3
6;01;4000;012;747+0+333+333+0+0+0+0+333;3+169+65+4+88+4
6;01;4000;013;914+3+374+374+0+1+1+0+373;0+177+84+9+97+6
6;01;4000;014;894+1+249+249+0+0+0+0+249;2+131+58+10+46+2
6;01;4000;015;582+2+197+197+3+0+3+0+194;0+91+42+3+58+0
6;01;4000;016;778+5+349+349+0+0+0+0+349;5+150+80+12+89+13
6;01;4000;017;757+3+311+311+0+0+0+9+311;4+110+70+6+113+8
6;01;4000;018;843+1+362+362+0+0+0+0+362;3+176+86+5+86+6
6;01;4000;019;756+0+318+318+0+0+0+5+318;1+154+56+5+94+8
6;01;4000;020;724+2+298+298+0+0+0+0+298;0+140+61+3+91+3
6;01;4000;021;716+1+322+322+0+0+0+0+322;1+141+60+5+108+7
6;01;4000;022;398+1+147+147+0+0+0+0+147;1+62+25+5+51+3
6;01;4000;023;781+0+284+284+0+0+0+0+284;3+116+52+8+102+3
6;01;4000;024;892+0+227+227+1+0+1+7+226;0+75+66+7+77+1
6;01;4000;025;344+0+123+123+0+0+0+2+123;1+39+18+4+58+3
6;01;4000;026;521+0+144+144+0+0+0+0+144;0+60+23+5+52+4
6;01;4000;027;942+1+264+264+0+0+0+0+264;2+99+63+6+85+9
6;01;4000;028;652+1+172+172+1+1+2+0+170;3+59+33+6+65+4
6;01;4000;029;621+0+149+149+4+1+5+4+144;3+60+34+12+27+8
6;01;4000;030;951+0+245+245+0+1+1+10+244;6+111+33+7+83+4
6;01;4000;031;604+0+181+181+1+0+1+5+180;2+90+23+9+52+4
6;01;4000;033;342+1+139+139+0+0+0+0+139;0+85+15+1+36+2
6;01;4000;034;372+0+153+153+0+0+0+0+153;3+84+19+1+44+2
6;01;4000;035;43+2+29+29+0+0+0+0+29;1+11+5+2+9+1
6;01;4000;036;289+0+83+83+0+0+0+0+83;2+19+11+0+46+5
6;01;4000;037;510+2+176+176+0+0+0+0+176;5+100+34+2+35+0
6;01;4000;038;338+2+148+148+0+0+0+0+148;2+74+21+10+40+1
6;01;4000;039;278+1+96+96+0+0+0+0+96;0+42+9+4+39+2
6;01;4000;040;37+1+19+19+0+0+0+0+19;0+0+9+0+10+0
6;01;4000;041;60+1+27+27+0+0+0+0+27;1+17+1+0+8+0
6;01;4000;042;450+1+165+165+0+0+0+0+165;1+46+43+8+63+4
6;01;4000;043;417+1+137+137+0+0+0+0+137;1+57+18+5+55+1
6;01;4000;044;581+3+226+226+0+0+0+0+226;1+72+27+6+117+3
6;01;4000;045;658+0+258+258+0+0+0+0+258;4+108+76+8+60+2
6;01;4000;046;488+1+161+161+0+0+0+8+161;3+37+35+6+77+3
6;01;4000;047;542+1+147+147+0+0+0+0+147;2+57+21+7+58+2
6;01;4000;048;556+2+199+199+0+0+0+0+199;1+68+61+5+60+4
6;01;4000;049;450+1+126+126+0+0+0+0+126;2+39+24+4+57+0
6;01;4000;050;615+4+137+137+0+2+2+0+135;1+60+11+2+61+0
6;01;4000;051;582+1+201+201+0+1+1+0+200;3+75+26+9+85+2
6;01;4000;052;209+1+103+103+0+0+0+0+103;0+27+23+7+45+1
6;01;4000;053;47+1+30+30+0+0+0+0+30;1+6+4+1+18+0
6;01;4000;054;134+1+90+90+0+0+0+12+90;3+17+16+7+47+0
6;01;4000;055;129+2+74+74+0+0+0+0+74;4+24+3+2+37+4
6;01;4000;056;100+0+70+70+0+0+0+0+70;0+13+2+4+50+1
6;01;4000;057;80+4+29+29+0+0+0+0+29;3+21+1+0+4+0
6;01;4000;058;124+3+91+91+0+0+0+0+91;3+21+6+2+58+1
6;01;4000;059;303+2+137+137+0+0+0+0+137;0+19+20+5+92+1
6;01;4000;060;663+0+294+294+0+0+0+16+294;4+63+42+16+166+3
6;01;4000;061;216+1+109+109+0+0+0+0+109;0+54+20+1+34+0
6;01;4000;062;53+0+29+29+0+0+0+0+29;1+3+8+2+15+0
6;01;4000;063;47+1+27+27+0+0+0+0+27;0+5+11+1+9+1
6;01;4000;064;21+0+14+14+0+0+0+0+14;1+0+0+1+12+0
6;01;4000;065;49+0+29+29+1+0+1+0+28;0+10+1+1+12+4
6;01;4000;066;51+2+30+30+0+0+0+0+30;0+6+12+1+9+2
6;01;4000;067;63+2+23+23+0+0+0+0+23;0+11+5+2+5+0
6;01;4000;068;395+1+196+196+1+0+1+0+195;2+35+38+6+108+6
6;01;4000;069;450+4+186+186+0+1+1+0+185;1+45+33+11+93+2
6;01;4000;070;609+1+270+270+0+0+0+0+270;3+42+50+3+170+2
6;01;4000;071;23+0+11+11+0+0+0+0+11;0+5+2+0+4+0
6;01;4000;072;186+0+92+92+0+0+0+0+92;2+8+21+2+59+0
6;01;4000;073;396+1+155+155+0+1+1+6+154;2+37+28+7+76+4
6;01;4000;074;368+0+154+154+0+0+0+0+154;4+37+21+3+89+0
6;01;4000;075;124+0+87+87+0+0+0+0+87;7+35+8+1+36+0
6;01;4000;076;278+0+134+134+1+0+1+0+133;2+18+29+5+74+5
6;01;4000;077;22+3+21+21+0+0+0+0+21;1+6+0+0+13+1
6;01;4000;078;136+1+57+57+0+0+0+2+57;0+12+7+3+33+2
6;01;4000;079;307+0+127+127+0+0+0+0+127;3+17+9+6+90+2
6;01;4000;080;31+5+24+24+0+0+0+0+24;0+4+3+0+15+2
6;01;4000;081;69+2+47+47+0+0+0+0+47;1+8+5+5+27+1
6;01;4000;082;173+0+85+85+0+0+0+0+85;1+24+6+2+48+4
6;01;4000;083;33+1+25+25+0+0+0+0+25;0+7+4+1+12+1
6;01;4000;084;125+1+81+81+0+0+0+0+81;1+26+9+4+41+0
6;01;4200;001;328+0+79+79+0+0+0+0+79;0+22+10+0+25+22
6;01;4200;002;603+0+123+123+0+0+0+0+123;1+17+22+1+16+66
6;01;4200;003;622+0+125+125+0+0+0+0+125;0+17+4+3+13+88
6;01;4200;004;639+1+167+167+0+0+0+0+167;0+21+2+7+16+121
6;01;4200;005;494+0+121+121+0+0+0+0+121;2+70+16+1+28+4
6;01;4200;006;471+0+119+119+0+0+0+0+119;4+71+11+2+18+13
6;01;4200;007;895+1+280+280+2+1+3+0+277;11+118+47+7+59+35
6;01;4200;008;315+1+89+89+0+0+0+4+89;1+32+12+2+37+5
6;01;4200;009;276+1+114+114+0+0+0+0+114;2+59+10+8+31+4
6;01;4200;010;790+0+235+235+0+0+0+0+235;1+73+15+2+47+97
6;01;4200;011;737+0+168+168+0+0+0+0+168;2+46+18+2+55+45
6;01;4200;012;778+0+198+198+0+0+0+0+198;1+95+22+4+48+28
6;01;4200;013;297+0+171+171+0+0+0+0+171;4+68+14+2+40+43
6;01;4200;014;449+0+146+146+1+0+1+0+145;0+37+16+1+68+23
6;01;4200;015;735+4+238+238+1+0+1+0+237;2+94+36+2+54+49
6;01;4200;016;712+0+119+119+0+0+0+0+119;1+41+13+3+25+36
6;01;4200;017;947+0+300+300+1+0+1+0+299;2+86+40+7+95+69
6;01;4200;018;848+0+284+284+0+0+0+15+284;1+43+45+8+138+49
6;01;4200;019;648+4+105+105+0+0+0+0+105;3+36+18+2+37+9
6;01;4200;020;925+0+139+139+0+0+0+0+139;3+42+17+3+58+16
6;01;4200;021;620+1+243+243+0+0+0+0+243;4+99+65+8+28+39
6;01;4200;022;336+0+110+110+0+0+0+0+110;3+42+8+1+25+31
6;01;4400;001;616+0+234+234+0+1+1+9+233;3+78+63+9+73+7
6;01;4400;002;756+0+339+339+0+1+1+7+338;5+122+97+8+95+11
6;01;4400;003;560+0+297+297+5+0+5+0+292;1+90+90+10+99+2
6;01;4400;004;643+1+242+242+4+0+4+16+238;9+159+29+2+35+4
6;01;4400;005;868+0+362+362+0+5+5+10+357;1+117+105+16+111+7
6;01;4400;006;664+1+322+322+0+2+2+6+320;10+86+94+10+113+7
6;01;4400;007;638+1+210+210+3+0+3+7+207;1+71+80+8+40+7
6;01;4400;008;639+1+292+292+0+1+1+13+291;7+111+92+13+56+12
6;01;4400;009;533+0+232+232+0+1+1+0+231;4+100+55+17+50+5
6;01;4400;010;365+0+169+169+2+0+2+0+167;0+67+55+14+27+4
6;01;4400;011;479+0+256+256+0+0+0+0+256;6+92+69+27+53+9
6;01;4400;012;30+6+18+18+0+0+0+0+18;1+4+5+0+7+1
6;01;4400;013;704+0+406+406+0+0+0+0+406;7+316+26+6+35+16
6;01;4400;014;324+0+164+164+0+1+1+0+163;2+122+10+4+15+10
6;01;4400;015;229+2+97+97+0+0+0+10+97;0+26+35+2+32+2
6;01;4400;016;38+2+17+17+0+0+0+0+17;0+9+2+3+3+0
6;01;4400;017;297+1+160+160+0+0+0+10+160;2+82+25+11+36+4
6;01;4400;018;119+1+74+74+0+1+1+6+73;1+20+4+5+37+6
6;01;4400;019;255+1+255+255+0+1+1+0+254;3+104+58+5+78+6
6;01;4400;020;584+1+169+169+0+1+1+0+168;2+68+42+4+51+1
6;01;4400;021;460+1+163+163+0+0+0+0+163;2+50+66+8+31+6
6;01;4400;022;47+1+30+30+0+3+3+0+27;0+4+1+1+16+5
6;01;4400;023;667+1+228+228+0+1+1+2+227;9+77+74+5+58+4
6;01;4400;024;620+1+289+289+0+0+0+14+289;11+110+74+18+73+3
6;01;4400;025;150+0+72+72+0+0+0+0+72;2+22+23+3+21+1
6;01;4400;026;53+6+33+33+0+0+0+0+33;0+12+7+1+12+1
6;01;4400;027;39+0+24+24+0+1+1+0+23;1+7+2+0+10+3
6;01;4400;028;497+1+264+264+0+3+3+0+261;5+99+78+15+59+5
6;01;4400;029;398+1+142+142+0+1+1+5+141;3+51+48+6+29+4
6;01;4900;001;347+1+99+99+2+0+2+6+97;2+41+25+3+26+0
6;01;4900;002;485+2+235+235+1+1+2+0+233;0+91+46+11+81+4
6;01;4900;003;699+0+276+276+2+0+2+9+274;6+91+54+8+110+5
6;01;4900;004;521+0+207+207+0+1+1+18+206;0+89+29+7+80+1
6;01;4900;005;406+0+90+90+0+4+4+1+86;5+58+1+4+18+0
6;01;4900;006;394+0+142+142+0+0+0+0+142;2+73+26+1+37+3
6;01;4900;007;448+0+177+177+0+0+0+0+177;3+103+29+11+28+3
6;01;4900;008;148+2+90+90+0+0+0+0+90;1+54+14+5+16+0
6;01;4900;009;73+0+36+36+0+0+0+0+36;1+10+2+2+19+2
6;01;4900;010;416+0+174+174+0+4+4+14+170;4+33+14+10+107+2
6;01;4900;011;153+0+87+87+1+1+2+2+85;2+21+21+5+36+0
6;01;4900;012;60+0+42+42+0+0+0+1+42;1+2+8+3+27+1
6;01;4900;013;78+0+37+37+0+0+0+0+37;3+1+3+4+26+0
6;01;4900;014;298+0+138+138+0+0+0+0+138;7+40+18+12+56+5
6;01;4900;015;270+10+112+112+0+0+0+0+112;2+28+3+3+76+0
6;01;4900;016;349+0+156+156+0+0+0+0+156;1+34+14+7+100+0
6;01;4900;017;34+0+33+33+0+0+0+0+33;1+21+0+0+11+0
6;01;4900;018;61+0+43+43+0+0+0+0+43;0+14+4+1+24+0
6;01;4900;019;106+0+75+75+0+0+0+0+75;2+11+8+2+51+1
6;01;4900;020;76+0+51+51+0+0+0+0+51;1+7+10+2+29+2
6;01;4900;021;142+0+87+87+0+0+0+0+87;2+31+8+4+39+3
6;01;4900;022;149+0+85+85+1+0+1+0+84;1+27+7+3+46+0
6;01;5200;001;731+0+297+297+1+1+2+19+295;3+88+59+7+136+2
6;01;5200;002;876+1+392+392+0+0+0+0+392;5+92+74+10+204+7
6;01;5200;003;809+0+361+361+0+0+0+0+361;2+108+58+23+169+1
6;01;5200;004;530+5+124+124+0+0+0+4+124;5+57+24+3+26+9
6;01;5200;005;181+0+101+101+0+0+0+9+101;0+14+22+1+62+2
6;01;5200;006;402+6+172+172+0+0+0+0+172;2+111+12+7+37+3
6;01;5200;007;600+0+274+274+0+1+1+0+273;8+175+18+4+60+8
6;01;5200;008;452+0+178+178+0+1+1+0+177;1+28+33+4+109+2
6;01;5200;009;120+0+70+70+0+1+1+0+69;2+17+4+4+39+3
6;01;5200;010;105+7+56+56+0+0+0+0+56;1+24+3+2+25+1
6;01;5200;011;28+2+19+19+0+0+0+0+19;0+3+0+0+16+0
6;01;5200;012;709+0+252+252+0+1+1+2+251;3+88+26+9+121+4
6;01;5200;013;563+0+191+191+1+1+2+0+189;0+100+16+4+67+2
6;01;5200;014;736+0+222+222+3+0+3+0+219;2+98+38+3+28+50
6;01;5200;015;648+2+273+273+0+0+0+0+273;5+104+54+3+60+47
6;01;5200;016;631+0+239+239+1+0+1+0+238;3+117+43+2+46+27
6;01;5200;017;169+0+123+123+1+0+1+0+122;4+38+11+6+60+3
6;01;5200;018;90+1+71+71+0+0+0+7+71;5+7+5+1+47+6
6;01;5200;019;315+2+159+159+1+0+1+0+158;6+41+14+10+85+2
6;01;5200;020;464+1+116+116+1+0+1+0+115;0+63+10+3+38+1
6;01;5300;001;700+0+157+157+0+0+0+0+157;1+47+10+5+68+26
6;01;5300;002;593+0+83+83+1+0+1+0+82;2+42+12+0+15+11
6;01;5300;003;732+0+214+214+1+1+2+0+212;1+45+39+6+112+9
6;01;5300;004;890+0+212+212+1+0+1+0+211;3+91+18+8+53+38
6;01;5300;005;703+0+128+128+1+0+1+0+127;1+57+12+1+46+10
6;01;5300;006;725+0+158+158+0+1+1+0+157;1+74+10+1+18+53
6;01;5300;007;657+1+104+104+0+0+0+6+104;0+46+8+2+13+35
6;01;5300;008;538+2+200+200+0+0+0+0+200;1+43+7+1+4+144
6;01;5300;009;451+0+89+89+0+1+1+0+88;1+56+21+1+5+4
6;01;5300;010;451+1+155+155+0+0+0+0+155;3+108+20+0+7+17
6;01;5300;011;768+1+195+195+0+0+0+0+195;2+101+58+6+24+4
6;01;5300;012;420+3+179+179+0+0+0+0+179;2+164+5+0+4+4
6;01;5300;013;308+4+67+67+0+0+0+0+67;2+33+11+2+7+12
6;01;5300;014;869+2+206+206+0+0+0+0+206;3+107+25+2+16+53
[END]

[AGGR]
01;6;   ;6+537+537+278126+553+102241+102241+213+178+391+1440+101850;1174+40093+18355+3211+34051+4966
[END]

