[INFO]
02;Б│░га▒;201
[END]

[IZB]
02;6;   ;;11.11.2001;1;6;695
[END]

[NM]
0201;001;г░. Ай▓о▒;00151;00
0201;002;▒. Д░┐нкове╢;23889;00
0201;003;▒. Зе▓╝ово;30805;00
0201;004;▒. Ка░агео░гиево;36227;00
0201;005;▒. Ка░аново;36381;00
0201;006;▒. Л┐▒ково;44817;00
0201;007;▒. Малка пол┐на;46440;00
0201;008;▒. М║глен;49477;00
0201;009;▒. Пе╣е░▒ко;56321;00
0201;010;▒. Пи░не;56438;00
0201;011;▒. Пол┐ново;57426;00
0201;012;▒. Раклиново;62013;00
0201;013;▒. С║диево;70473;00
0201;014;▒. Тополи╢а;72727;00
0201;015;▒. Че░на могила;80813;00
0201;016;▒. Че░ног░ад;81102;00
0201;017;▒. Ч│ка░ка;81640;00
0204;001;▒. Банево;02573;00
0204;002;▒. Б░а▓ово;06152;00
0204;003;▒. Б░┐▒▓ове╢;06776;00
0204;004;г░. Б│░га▒;07079;00
0204;005;▒. Б│░га▒ки мине░ални бани;;00
0204;007;г░. Б║лга░ово;07332;00
0204;009;▒. Ве▓░ен;29427;00
0204;010;▒. Дим╖ево;21141;00
0204;011;▒. Д░аганово;23090;00
0204;012;▒. Изво░и╣е;32425;00
0204;013;▒. Ма░инка;47202;00
0204;014;▒. Ми░ол╛бово;48409;00
0204;015;▒. Равне╢;61145;00
0204;016;▒. Р│дник;63183;00
0204;017;▒. Тв║░ди╢а;72151;00
0204;018;▒. Че░но мо░е;81164;00
0206;001;▒. Белев░ен;03349;00
0206;002;▒. Белила;03455;00
0206;003;▒. Би▒▓░е╢;04176;00
0206;004;▒. Богданово;04621;00
0206;005;▒. Ва░овник;10166;00
0206;006;▒. В║л╖аново;72059;00
0206;007;▒. Гол┐мо Б│ково;15816;00
0206;008;▒. Го░но Яб║лково;17035;00
0206;009;▒. Г░ани▓е╢;17720;00
0206;010;▒. Г░ани╖а░;17779;00
0206;011;▒. Дебел▓;20273;00
0206;012;▒. Долно Яб║лково;22914;00
0206;013;▒. Д░ака;23529;00
0206;014;▒. Д░а╖ево;23604;00
0206;015;▒. Д╛лево;24712;00
0206;016;▒. Заго░╢и;30168;00
0206;017;▒. Зо░ни╢а;31379;00
0206;018;▒. Ки░ово;36938;00
0206;019;▒. К│бадин;40419;00
0206;020;▒. Малина;46348;00
0206;021;▒. Момина Ц║░ква;29221;00
0206;022;▒. О░лин╢и;53984;00
0206;023;▒. П░о╡од;58712;00
0206;024;▒. П║н╖ево;59015;00
0206;025;▒. Радойново;61563;00
0206;026;▒. Ро▒еново;63055;00
0206;027;▒. Све▓лина;65560;00
0206;028;▒. Син╝о Камене;66585;00
0206;029;▒. Сливово;67413;00
0206;030;г░. С░еде╢;17974;00
0206;031;▒. С│╡одол;70322;00
0206;032;▒. Факи┐;76039;00
0208;001;▒. Вина░▒ко;11096;00
0208;002;▒. В░а▓и╢а;12245;00
0208;003;▒. Жел┐зово;29249;00
0208;004;г░. Камено;35883;00
0208;005;▒. Кон▒▓ан▓иново;52279;00
0208;006;▒. К░║▒▓ина;40381;00
0208;008;▒. Ливада;43623;00
0208;009;▒. Пол▒ки изво░;57337;00
0208;010;▒. Р│▒ока▒▓░о;63478;00
0208;011;▒. Свобода;65783;00
0208;012;▒. Т░о┐ново;73211;00
0208;013;▒. Т░║▒▓иково;73388;00
0208;014;▒. Че░ни в░║╡;80916;00
0209;001;▒. А▒па░│╡ово;00775;00
0209;002;▒. Де▓елина;02765;00
0209;003;▒. Вене╢;10625;00
0209;004;▒. Гл│м╖е;15182;00
0209;005;▒. Деве▓ак;20417;00
0209;006;▒. Деве▓ин╢и;20448;00
0209;007;▒. Доб░иново;21508;00
0209;008;▒. Д░аган╢и;23176;00
0209;009;▒. Д░агово;23306;00
0209;010;▒. Екза░╡ Ан▓имово;27169;00
0209;011;▒. Железник;29129;00
0209;012;▒. Жи▓о▒в┐▓;29492;00
0209;013;▒. Зимен;30853;00
0209;014;▒. И▒к░а;32809;00
0209;015;г░. Ка░ноба▓;36525;00
0209;016;▒. Клика╖;37201;00
0209;017;▒. Коза░е;37650;00
0209;018;▒. К░│мово г░ади╣е;40021;00
0209;019;▒. К░│╕ево;40230;00
0209;020;▒. М║д░ино;49549;00
0209;021;▒. Неве▒▓ино;51202;00
0209;022;▒. Ракли╢а;62027;00
0209;023;▒. Сан▒▓е┤ано;65351;00
0209;024;▒. Сигмен;66408;00
0209;025;▒. Соколово;67920;00
0209;026;▒. С║░нево;70576;00
0209;027;▒. Смолник;72080;00
0209;028;▒. Хаджии▓е;77089;00
0209;029;▒. Це░ков▒ки;78416;00
0209;030;▒. Че░ково;80755;00
0212;001;▒. Близнак;04412;00
0212;002;▒. Б░║╕л┐н;06687;00
0212;003;▒. Б┐ла вода;07627;00
0212;004;▒. Визи╢а;11051;00
0212;005;▒. Г░ама▓иково;17693;00
0212;006;▒. Ев░енозово;27022;00
0212;007;▒. Забе░ново;30020;00
0212;008;▒. Звезде╢;30483;00
0212;009;▒. Калово;35451;00
0212;010;г░. Малко Т║░ново;46663;00
0212;013;▒. С▓оилово;69328;00
0213;001;г░. А╡▓опол;00878;00
0213;002;▒. Б░одилово;06553;00
0213;003;▒. Б║лга░и;07291;00
0213;004;▒. Ва░ва░а;10094;00
0213;005;▒. Велика;10361;00
0213;006;▒. Изг░ев;32514;00
0213;007;▒. Кондолово;38251;00
0213;008;▒. Ко▒▓и;38947;00
0213;009;▒. Лозене╢;44094;00
0213;010;▒. Резово;62459;00
0213;013;▒. Синемо░е╢;66528;00
0213;014;▒. Фазаново;76025;00
0213;015;г░. Ца░ево;48619;00
0215;001;▒. Бан┐;02703;00
0215;002;▒. Све▓и Вла▒;11538;00
0215;003;▒. Г╛л╝ов╢и;18469;00
0215;006;▒. Ко╕а░и╢а;39164;00
0215;007;г░. Не▒еб║░;51500;00
0215;008;г░. Обзо░;53045;00
0215;009;▒. О░иза░е;53822;00
0215;010;▒. Пани╢ово;55350;00
0215;011;▒. П░и▒ел╢и;58431;00
0215;012;▒. Равда;61056;00
0215;013;▒. Раков▒ково;62102;00
0215;014;Сл║н╖ев б░┐г;;00
0215;015;▒. Т║нково;73571;00
0217;001;▒. Алек▒анд░ово;00271;00
0217;002;▒. А╡елой;00833;00
0217;003;▒. Ба▓а;02810;00
0217;004;▒. Габе░ово;14057;00
0217;005;▒. Го░и╢а;16064;00
0217;006;▒. Г║л║бе╢;18229;00
0217;007;▒. Д║бник;24253;00
0217;008;▒. Белодол;27440;00
0217;009;г░. Кабле╕ково;35033;00
0217;010;▒. Камена░;35691;00
0217;011;▒. Кози╖ино;37753;00
0217;012;▒. Ко▒ове╢;38769;00
0217;013;▒. Л║ка;44425;00
0217;014;▒. Медово;47651;00
0217;015;г░. Помо░ие;57491;00
0217;016;▒. По░ой;57790;00
0217;017;▒. С▓░а╢ин;69746;00
0218;001;▒. Билка;04056;00
0218;002;▒. Ви╕на;11363;00
0218;003;▒. В░е▒ово;12303;00
0218;005;▒. Доб░а пол┐на;21333;00
0218;006;▒. Доб░оми░;21614;00
0218;007;▒. Д░опла;23755;00
0218;008;▒. Д║▒ко▓на;24699;00
0218;010;▒. Заим╖ево;30234;00
0218;011;▒. Зай╖а░;30243;00
0218;013;▒. Камен┐к;35955;00
0218;014;▒. Ка░авел╝ово;36213;00
0218;016;▒. Ли▒▓е╢;43880;00
0218;017;▒. Л╛л┐ково;44690;00
0218;018;▒. П░ипек;46930;00
0218;019;▒. М░ежи╖ко;49254;00
0218;020;▒. П░еоб░ажен╢и;51055;00
0218;021;▒. Планини╢а;56647;00
0218;022;▒. Подго░е╢;15967;00
0218;023;▒. П░о▒еник;58640;00
0218;024;▒. Разбойна;61666;00
0218;025;▒. Ре╖и╢а;62548;00
0218;026;▒. Рожден;62904;00
0218;027;▒. Р│дина;63166;00
0218;028;▒. Р│ен;63224;00
0218;029;▒. Р│п╖а;63375;00
0218;030;▒. Р║жи╢а;63598;00
0218;031;▒. Сини ░ид;80296;00
0218;032;▒. Скалак;66706;00
0218;033;▒. Снежа;67725;00
0218;034;▒. Сн┐гово;67767;00
0218;035;▒. Соколе╢;67876;00
0218;036;▒. С░една ма╡ала;68401;00
0218;037;▒. С▓░│┐;69990;00
0218;038;▒. Топ╖ий▒ко;72864;00
0218;039;▒. Т░║нак;73287;00
0218;040;▒. Че░е╕а;80563;00
0218;041;▒. Шива░ово;83154;00
0218;042;▒. Яб║л╖ево;87093;00
0218;043;▒. Я▒еново;87638;00
0221;001;▒. А▓и┐;;00
0221;002;▒. Ве▒елие;10731;00
0221;003;▒. В║░╕ило;12975;00
0221;005;▒. Габ║░;14249;00
0221;006;▒. Зида░ово;30822;00
0221;007;▒. Изво░;32367;00
0221;008;▒. Индже войвода;32737;00
0221;011;▒. К░│╕еве╢;40124;00
0221;012;▒. П░и▒ад;58400;00
0221;013;▒. Равадиново;61042;00
0221;014;▒. Равна го░а;61114;00
0221;016;▒. Ро▒ен;63029;00
0221;018;г░. Созопол;67800;00
0221;019;▒. Че░номо░е╢;81178;00
0223;002;▒. Бе░оново;03959;00
0223;003;▒. Бо▒илково;05726;00
0223;004;▒. Вед░ово;10313;00
0223;005;▒. Везенково;10327;00
0223;006;▒. Вели▒лав;76056;00
0223;007;▒. В║л╖ин;12591;00
0223;008;▒. Го░ово;17049;00
0223;009;▒. Г░озден;17909;00
0223;010;▒. Д║бови╢а;83137;00
0223;012;▒. Е▒ен;27615;00
0223;013;▒. Заве▓;30051;00
0223;014;▒. Кам╖и┐;36004;00
0223;015;▒. Клима╕;37215;00
0223;017;▒. Ко▒▓ен;38889;00
0223;018;▒. Лоза░ево;44029;00
0223;019;▒. Маноли╖;47096;00
0223;020;▒. Огнен;53312;00
0223;021;▒. Подви▒;56959;00
0223;022;▒. П░илеп;58325;00
0223;023;▒. П╖елин;58857;00
0223;024;▒. Садово;65111;00
0223;025;▒. Скала;66682;00
0223;026;▒. Слав┐н╢и;67115;00
0223;027;г░. С│нг│░ла░е;70247;00
0223;028;▒. С║единение;70514;00
0223;029;▒. Те░зий▒ко;72299;00
0223;030;▒. Че░ни╢а;81006;00
0223;031;▒. Ч│б░а;81582;00
0227;001;▒. Ново Пани╖а░ево;52129;00
0227;002;▒. Пи▒меново;56513;00
0227;003;г░. П░имо░▒ко;58356;00
0227;004;▒. Я▒на пол┐на;87655;00
0227;005;▒. Ки▓ен;37023;00
[END]

[SEC]
02;0100;001;6;001
02;0100;002;6;001
02;0100;003;6;001
02;0100;004;6;001
02;0100;005;6;001
02;0100;006;6;001
02;0100;007;6;001
02;0100;008;6;001
02;0100;009;6;001
02;0100;010;6;001
02;0100;011;6;001
02;0100;012;6;001
02;0100;013;6;001
02;0100;014;6;001
02;0100;015;6;001
02;0100;016;6;001
02;0100;017;6;001
02;0100;018;6;001
02;0100;019;6;001
02;0100;020;6;001
02;0100;021;6;001
02;0100;022;6;001
02;0100;023;6;001
02;0100;024;6;001
02;0100;025;6;001
02;0100;026;6;001
02;0100;027;6;001
02;0100;028;6;001
02;0100;029;6;001
02;0100;031;6;006
02;0100;032;6;003
02;0100;033;6;007
02;0100;034;6;005
02;0100;035;6;013
02;0100;036;6;008
02;0100;037;6;002
02;0100;038;6;009
02;0100;039;6;015
02;0100;040;6;010
02;0100;041;6;004
02;0100;042;6;011
02;0100;043;6;017
02;0100;044;6;016
02;0100;045;6;012
02;0100;046;6;014
02;0100;047;6;001
02;0400;001;6;004
02;0400;002;6;004
02;0400;003;6;004
02;0400;004;6;004
02;0400;005;6;004
02;0400;006;6;004
02;0400;007;6;004
02;0400;008;6;004
02;0400;009;6;004
02;0400;010;6;004
02;0400;011;6;004
02;0400;012;6;004
02;0400;013;6;004
02;0400;014;6;004
02;0400;015;6;004
02;0400;016;6;004
02;0400;017;6;004
02;0400;018;6;004
02;0400;019;6;004
02;0400;020;6;004
02;0400;021;6;004
02;0400;022;6;004
02;0400;023;6;004
02;0400;024;6;004
02;0400;025;6;004
02;0400;026;6;004
02;0400;027;6;004
02;0400;028;6;004
02;0400;029;6;004
02;0400;030;6;004
02;0400;031;6;004
02;0400;032;6;004
02;0400;033;6;004
02;0400;034;6;004
02;0400;035;6;004
02;0400;036;6;004
02;0400;037;6;004
02;0400;038;6;004
02;0400;039;6;004
02;0400;040;6;004
02;0400;041;6;004
02;0400;042;6;004
02;0400;043;6;004
02;0400;044;6;004
02;0400;045;6;004
02;0400;046;6;004
02;0400;047;6;004
02;0400;048;6;004
02;0400;049;6;004
02;0400;050;6;004
02;0400;051;6;004
02;0400;052;6;004
02;0400;053;6;004
02;0400;054;6;004
02;0400;055;6;004
02;0400;056;6;004
02;0400;057;6;004
02;0400;058;6;004
02;0400;059;6;004
02;0400;060;6;004
02;0400;061;6;004
02;0400;062;6;004
02;0400;063;6;004
02;0400;064;6;004
02;0400;065;6;004
02;0400;067;6;004
02;0400;068;6;005
02;0400;069;6;005
02;0400;071;6;004
02;0400;072;6;004
02;0400;073;6;004
02;0400;074;6;004
02;0400;075;6;004
02;0400;076;6;004
02;0400;077;6;004
02;0400;078;6;004
02;0400;079;6;004
02;0400;080;6;004
02;0400;081;6;004
02;0400;082;6;004
02;0400;083;6;004
02;0400;084;6;004
02;0400;085;6;004
02;0400;086;6;004
02;0400;087;6;004
02;0400;088;6;004
02;0400;089;6;004
02;0400;090;6;004
02;0400;091;6;004
02;0400;092;6;004
02;0400;093;6;004
02;0400;094;6;004
02;0400;095;6;004
02;0400;096;6;004
02;0400;097;6;004
02;0400;098;6;004
02;0400;099;6;004
02;0400;100;6;004
02;0400;101;6;004
02;0400;102;6;004
02;0400;103;6;004
02;0400;104;6;004
02;0400;105;6;004
02;0400;106;6;004
02;0400;107;6;004
02;0400;108;6;004
02;0400;109;6;004
02;0400;110;6;004
02;0400;111;6;004
02;0400;112;6;004
02;0400;113;6;004
02;0400;114;6;004
02;0400;115;6;004
02;0400;116;6;004
02;0400;117;6;004
02;0400;118;6;004
02;0400;119;6;004
02;0400;120;6;004
02;0400;121;6;004
02;0400;122;6;004
02;0400;123;6;004
02;0400;124;6;004
02;0400;125;6;004
02;0400;126;6;004
02;0400;127;6;004
02;0400;128;6;004
02;0400;129;6;004
02;0400;130;6;004
02;0400;131;6;004
02;0400;132;6;004
02;0400;133;6;004
02;0400;134;6;004
02;0400;135;6;004
02;0400;136;6;004
02;0400;137;6;004
02;0400;138;6;004
02;0400;139;6;004
02;0400;140;6;004
02;0400;141;6;004
02;0400;142;6;004
02;0400;143;6;004
02;0400;144;6;004
02;0400;145;6;004
02;0400;146;6;004
02;0400;147;6;004
02;0400;148;6;004
02;0400;149;6;004
02;0400;150;6;004
02;0400;151;6;004
02;0400;152;6;004
02;0400;153;6;004
02;0400;154;6;004
02;0400;155;6;004
02;0400;156;6;004
02;0400;157;6;004
02;0400;158;6;004
02;0400;159;6;004
02;0400;160;6;004
02;0400;161;6;004
02;0400;162;6;004
02;0400;163;6;004
02;0400;164;6;004
02;0400;165;6;004
02;0400;166;6;004
02;0400;167;6;004
02;0400;168;6;004
02;0400;169;6;004
02;0400;170;6;004
02;0400;171;6;004
02;0400;172;6;004
02;0400;173;6;004
02;0400;174;6;004
02;0400;175;6;004
02;0400;176;6;004
02;0400;177;6;004
02;0400;178;6;004
02;0400;179;6;004
02;0400;180;6;004
02;0400;181;6;004
02;0400;182;6;004
02;0400;183;6;004
02;0400;184;6;004
02;0400;185;6;004
02;0400;186;6;004
02;0400;187;6;004
02;0400;188;6;004
02;0400;189;6;004
02;0400;190;6;004
02;0400;191;6;004
02;0400;192;6;004
02;0400;193;6;004
02;0400;194;6;004
02;0400;195;6;004
02;0400;196;6;004
02;0400;197;6;004
02;0400;198;6;004
02;0400;199;6;004
02;0400;200;6;004
02;0400;201;6;004
02;0400;202;6;004
02;0400;203;6;004
02;0400;204;6;004
02;0400;205;6;004
02;0400;206;6;004
02;0400;207;6;004
02;0400;208;6;004
02;0400;209;6;004
02;0400;210;6;004
02;0400;211;6;004
02;0400;212;6;004
02;0400;213;6;004
02;0400;214;6;004
02;0400;215;6;004
02;0400;216;6;004
02;0400;217;6;004
02;0400;218;6;004
02;0400;219;6;004
02;0400;220;6;004
02;0400;221;6;004
02;0400;222;6;004
02;0400;223;6;004
02;0400;224;6;004
02;0400;225;6;004
02;0400;226;6;004
02;0400;227;6;004
02;0400;228;6;004
02;0400;229;6;004
02;0400;230;6;004
02;0400;231;6;004
02;0400;232;6;004
02;0400;233;6;004
02;0400;234;6;004
02;0400;235;6;004
02;0400;236;6;004
02;0400;237;6;004
02;0400;238;6;004
02;0400;239;6;004
02;0400;240;6;004
02;0400;241;6;004
02;0400;242;6;004
02;0400;243;6;004
02;0400;244;6;004
02;0400;245;6;004
02;0400;246;6;004
02;0400;247;6;004
02;0400;248;6;004
02;0400;249;6;004
02;0400;250;6;004
02;0400;251;6;004
02;0400;252;6;004
02;0400;253;6;004
02;0400;254;6;004
02;0400;255;6;004
02;0400;256;6;004
02;0400;257;6;004
02;0400;258;6;004
02;0400;259;6;004
02;0400;260;6;004
02;0400;261;6;004
02;0400;262;6;004
02;0400;263;6;004
02;0400;264;6;004
02;0400;265;6;004
02;0400;266;6;004
02;0400;267;6;004
02;0400;268;6;004
02;0400;269;6;004
02;0400;270;6;004
02;0400;271;6;004
02;0400;272;6;004
02;0400;273;6;004
02;0400;274;6;004
02;0400;275;6;004
02;0400;276;6;004
02;0400;277;6;004
02;0400;278;6;004
02;0400;279;6;004
02;0400;280;6;004
02;0400;281;6;004
02;0400;282;6;004
02;0400;283;6;004
02;0400;284;6;004
02;0400;285;6;001
02;0400;286;6;001
02;0400;287;6;002
02;0400;288;6;003
02;0400;289;6;007
02;0400;290;6;007
02;0400;291;6;004
02;0400;292;6;004
02;0400;293;6;004
02;0400;294;6;004
02;0400;295;6;004
02;0400;296;6;004
02;0400;297;6;011
02;0400;298;6;012
02;0400;299;6;009
02;0400;300;6;009
02;0400;301;6;009
02;0400;302;6;014
02;0400;303;6;015
02;0400;304;6;015
02;0400;305;6;016
02;0400;306;6;016
02;0400;307;6;016
02;0400;308;6;016
02;0400;309;6;018
02;0400;310;6;018
02;0400;311;6;018
02;0400;312;6;013
02;0400;313;6;013
02;0400;314;6;017
02;0400;315;6;004
02;0400;316;6;010
02;0600;001;6;030
02;0600;002;6;030
02;0600;003;6;030
02;0600;004;6;030
02;0600;005;6;030
02;0600;006;6;030
02;0600;007;6;030
02;0600;008;6;030
02;0600;009;6;002
02;0600;010;6;026
02;0600;011;6;003
02;0600;012;6;004
02;0600;013;6;005
02;0600;014;6;006
02;0600;015;6;007
02;0600;016;6;008
02;0600;017;6;011
02;0600;018;6;011
02;0600;019;6;012
02;0600;020;6;013
02;0600;021;6;014
02;0600;022;6;015
02;0600;023;6;021
02;0600;024;6;016
02;0600;025;6;018
02;0600;026;6;001
02;0600;027;6;010
02;0600;028;6;019
02;0600;029;6;020
02;0600;030;6;022
02;0600;031;6;023
02;0600;032;6;024
02;0600;033;6;025
02;0600;034;6;027
02;0600;035;6;029
02;0600;036;6;009
02;0600;037;6;028
02;0600;038;6;031
02;0600;039;6;032
02;0600;040;6;030
02;0600;041;6;030
02;0600;042;6;030
02;0600;043;6;017
02;0800;001;6;004
02;0800;002;6;004
02;0800;003;6;004
02;0800;004;6;004
02;0800;005;6;004
02;0800;006;6;004
02;0800;007;6;001
02;0800;008;6;002
02;0800;009;6;003
02;0800;010;6;006
02;0800;011;6;008
02;0800;012;6;005
02;0800;013;6;009
02;0800;014;6;010
02;0800;015;6;010
02;0800;016;6;011
02;0800;017;6;013
02;0800;018;6;012
02;0800;019;6;012
02;0800;020;6;014
02;0900;001;6;015
02;0900;002;6;015
02;0900;003;6;015
02;0900;004;6;015
02;0900;005;6;015
02;0900;006;6;015
02;0900;007;6;015
02;0900;008;6;015
02;0900;009;6;015
02;0900;010;6;015
02;0900;011;6;015
02;0900;012;6;015
02;0900;013;6;015
02;0900;014;6;015
02;0900;015;6;015
02;0900;016;6;015
02;0900;017;6;015
02;0900;018;6;015
02;0900;019;6;015
02;0900;020;6;015
02;0900;021;6;015
02;0900;022;6;015
02;0900;023;6;015
02;0900;024;6;015
02;0900;025;6;015
02;0900;026;6;015
02;0900;027;6;015
02;0900;028;6;014
02;0900;029;6;010
02;0900;030;6;010
02;0900;031;6;008
02;0900;032;6;007
02;0900;033;6;027
02;0900;034;6;012
02;0900;035;6;005
02;0900;036;6;023
02;0900;037;6;011
02;0900;038;6;021
02;0900;039;6;020
02;0900;040;6;024
02;0900;041;6;022
02;0900;042;6;025
02;0900;043;6;009
02;0900;044;6;004
02;0900;045;6;013
02;0900;046;6;016
02;0900;047;6;028
02;0900;048;6;017
02;0900;049;6;019
02;0900;050;6;001
02;0900;051;6;002
02;0900;052;6;030
02;0900;053;6;026
02;0900;054;6;029
02;0900;055;6;003
02;0900;056;6;018
02;0900;057;6;006
02;1200;001;6;010
02;1200;002;6;010
02;1200;003;6;010
02;1200;004;6;010
02;1200;005;6;001
02;1200;007;6;005
02;1200;008;6;004
02;1200;009;6;007
02;1200;010;6;009
02;1200;011;6;013
02;1200;012;6;002
02;1200;013;6;008
02;1200;014;6;006
02;1200;016;6;003
02;1300;001;6;015
02;1300;002;6;015
02;1300;003;6;015
02;1300;004;6;015
02;1300;005;6;015
02;1300;006;6;015
02;1300;007;6;015
02;1300;008;6;007
02;1300;009;6;009
02;1300;010;6;005
02;1300;011;6;014
02;1300;012;6;001
02;1300;013;6;001
02;1300;014;6;010
02;1300;015;6;013
02;1300;016;6;002
02;1300;017;6;008
02;1300;018;6;004
02;1300;019;6;006
02;1300;020;6;003
02;1500;001;6;007
02;1500;002;6;007
02;1500;003;6;007
02;1500;004;6;007
02;1500;005;6;007
02;1500;006;6;007
02;1500;007;6;007
02;1500;008;6;007
02;1500;009;6;014
02;1500;010;6;014
02;1500;011;6;001
02;1500;012;6;002
02;1500;013;6;002
02;1500;014;6;003
02;1500;015;6;006
02;1500;016;6;008
02;1500;017;6;008
02;1500;018;6;008
02;1500;019;6;013
02;1500;020;6;011
02;1500;021;6;009
02;1500;022;6;010
02;1500;023;6;012
02;1500;024;6;012
02;1500;025;6;015
02;1700;001;6;001
02;1700;002;6;002
02;1700;003;6;002
02;1700;004;6;003
02;1700;005;6;004
02;1700;006;6;005
02;1700;007;6;006
02;1700;008;6;007
02;1700;009;6;008
02;1700;010;6;010
02;1700;011;6;009
02;1700;012;6;009
02;1700;013;6;009
02;1700;014;6;012
02;1700;015;6;011
02;1700;016;6;013
02;1700;017;6;014
02;1700;018;6;015
02;1700;019;6;015
02;1700;020;6;015
02;1700;021;6;015
02;1700;022;6;015
02;1700;023;6;015
02;1700;024;6;015
02;1700;025;6;015
02;1700;026;6;015
02;1700;027;6;015
02;1700;028;6;015
02;1700;029;6;015
02;1700;030;6;015
02;1700;031;6;015
02;1700;032;6;015
02;1700;033;6;015
02;1700;034;6;016
02;1700;035;6;017
02;1700;036;6;015
02;1700;037;6;015
02;1700;038;6;015
02;1700;039;6;015
02;1700;040;6;015
02;1700;041;6;015
02;1700;042;6;013
02;1800;001;6;028
02;1800;002;6;028
02;1800;003;6;028
02;1800;004;6;001
02;1800;005;6;002
02;1800;006;6;003
02;1800;007;6;005
02;1800;008;6;006
02;1800;009;6;006
02;1800;010;6;007
02;1800;011;6;008
02;1800;012;6;010
02;1800;013;6;011
02;1800;015;6;013
02;1800;016;6;014
02;1800;017;6;016
02;1800;018;6;017
02;1800;019;6;017
02;1800;020;6;017
02;1800;021;6;019
02;1800;022;6;021
02;1800;023;6;021
02;1800;024;6;022
02;1800;025;6;020
02;1800;026;6;018
02;1800;027;6;023
02;1800;028;6;023
02;1800;029;6;024
02;1800;030;6;025
02;1800;031;6;026
02;1800;032;6;027
02;1800;033;6;029
02;1800;034;6;030
02;1800;035;6;030
02;1800;036;6;031
02;1800;037;6;032
02;1800;038;6;033
02;1800;039;6;034
02;1800;041;6;035
02;1800;042;6;036
02;1800;043;6;037
02;1800;044;6;038
02;1800;045;6;038
02;1800;046;6;039
02;1800;047;6;039
02;1800;048;6;040
02;1800;049;6;041
02;1800;051;6;042
02;1800;052;6;043
02;2100;001;6;018
02;2100;002;6;018
02;2100;003;6;018
02;2100;004;6;018
02;2100;005;6;018
02;2100;006;6;001
02;2100;007;6;001
02;2100;009;6;002
02;2100;010;6;003
02;2100;011;6;005
02;2100;012;6;006
02;2100;014;6;007
02;2100;015;6;008
02;2100;016;6;011
02;2100;017;6;012
02;2100;018;6;013
02;2100;019;6;014
02;2100;020;6;016
02;2100;021;6;016
02;2100;022;6;019
02;2100;023;6;019
02;2300;001;6;027
02;2300;002;6;027
02;2300;003;6;027
02;2300;004;6;027
02;2300;005;6;002
02;2300;006;6;003
02;2300;007;6;004
02;2300;008;6;005
02;2300;009;6;006
02;2300;010;6;023
02;2300;011;6;007
02;2300;012;6;009
02;2300;013;6;010
02;2300;014;6;012
02;2300;015;6;013
02;2300;016;6;014
02;2300;017;6;015
02;2300;018;6;017
02;2300;019;6;018
02;2300;020;6;018
02;2300;021;6;019
02;2300;022;6;019
02;2300;023;6;020
02;2300;024;6;021
02;2300;025;6;021
02;2300;026;6;022
02;2300;027;6;022
02;2300;028;6;024
02;2300;029;6;026
02;2300;030;6;028
02;2300;031;6;028
02;2300;032;6;029
02;2300;033;6;030
02;2300;034;6;008
02;2300;035;6;031
02;2300;036;6;025
02;2700;001;6;003
02;2700;002;6;003
02;2700;003;6;003
02;2700;004;6;001
02;2700;005;6;002
02;2700;006;6;004
02;2700;007;6;004
02;2700;008;6;005
[END]

[MAJ]
02;6;   ;01;;;Пе▓║░ Ки░илов Бе░он и С▓о┐н В║л╖ев Анд░еев;, ;ПКБ+СВА;1569;0;1
02;6;   ;02;;;Пе▓║░ С▓е┤анов С▓о┐нов и Нели Пе▓░ова К│╢кова;, ;ПСС+НПК;44730;2;2
02;6;   ;03;;;Богомил Ангелов Бонев и А▓ана▒ Иванов Желез╖ев;, ;БАБ+АИЖ;31321;0;3
02;6;   ;04;;;Жо░ж Ган╖ев Ган╖ев и Ве▒елин С▓о┐нов Бон╖ев;, ;ЖГГ+ВСБ;6033;0;4
02;6;   ;05;;;Гео░ги Седе┤╖ов П║░ванов и Ангел Иванов Ма░ин;, ;ГСП+АИМ;52815;2;5
02;6;   ;06;;;Рене▓а Иванова Инджова и К░║▒▓╛ Николов Илов;, ;РИИ+КНИ;10961;0;6
[END]

[PROP]
[END]

[LISTI]
[END]

[PROT]
6;02;0100;001;772+0+346+346+1+0+1+2+345;4+64+64+14+182+17
6;02;0100;002;762+0+165+165+0+3+3+4+162;4+49+29+8+49+23
6;02;0100;003;626+0+293+293+0+1+1+0+292;2+52+69+6+140+23
6;02;0100;004;467+0+210+210+0+1+1+0+209;1+39+64+12+87+6
6;02;0100;005;511+0+245+245+0+0+0+4+245;0+54+68+8+104+11
6;02;0100;006;610+0+261+261+0+0+0+7+261;0+54+77+6+119+5
6;02;0100;007;504+0+222+222+0+0+0+6+222;0+51+69+1+93+8
6;02;0100;008;557+0+233+233+1+2+3+8+230;1+43+45+4+133+4
6;02;0100;009;827+0+405+405+0+0+0+14+405;3+86+88+12+210+6
6;02;0100;010;798+0+278+278+0+1+1+0+277;1+80+72+10+107+7
6;02;0100;011;845+1+287+287+0+0+0+0+287;2+112+63+10+91+9
6;02;0100;012;905+0+357+357+1+0+1+14+356;0+85+92+17+153+9
6;02;0100;013;628+0+306+306+1+0+1+12+305;5+70+88+6+131+5
6;02;0100;014;581+0+201+201+0+0+0+0+201;2+54+59+4+80+2
6;02;0100;015;517+0+249+249+0+0+0+15+249;0+60+52+9+123+5
6;02;0100;016;693+0+273+273+0+1+1+9+272;3+68+41+6+127+27
6;02;0100;017;825+0+327+327+0+4+4+11+323;3+88+60+5+122+45
6;02;0100;018;776+0+313+313+0+1+1+9+312;2+71+75+10+146+8
6;02;0100;019;379+0+139+139+0+0+0+8+139;0+26+30+3+77+3
6;02;0100;020;819+0+242+242+1+3+4+10+238;19+54+22+11+91+41
6;02;0100;021;657+0+218+218+0+3+3+4+215;8+31+19+14+110+33
6;02;0100;022;367+0+144+144+0+0+0+7+144;4+20+21+1+91+7
6;02;0100;023;717+0+335+335+0+0+0+14+335;2+48+81+12+188+4
6;02;0100;024;404+0+404+404+0+0+0+7+404;1+95+93+6+202+7
6;02;0100;025;687+0+285+285+1+2+3+14+282;29+91+26+24+99+13
6;02;0100;026;637+0+186+186+2+2+4+5+182;7+44+22+23+79+7
6;02;0100;027;588+0+187+187+3+1+4+7+183;2+28+43+3+66+41
6;02;0100;028;766+0+224+224+1+0+1+8+223;2+36+69+17+89+10
6;02;0100;029;739+0+235+235+0+4+4+14+231;13+89+48+19+55+7
6;02;0100;031;164+4+118+118+0+0+0+4+118;3+35+6+1+73+0
6;02;0100;032;204+3+107+107+0+0+0+4+107;1+7+4+2+5+88
6;02;0100;033;299+1+95+95+0+3+3+4+92;6+8+21+2+8+47
6;02;0100;034;675+6+249+249+0+2+2+10+247;2+48+17+6+171+3
6;02;0100;035;335+1+161+161+0+0+0+11+161;2+38+24+13+82+2
6;02;0100;036;895+4+284+284+0+2+2+0+282;9+118+38+14+26+77
6;02;0100;037;164+7+60+60+0+0+0+3+60;2+9+1+1+34+13
6;02;0100;038;569+2+200+200+2+1+3+5+197;4+34+13+2+16+128
6;02;0100;039;275+3+110+110+1+0+1+0+109;0+27+1+2+3+76
6;02;0100;040;517+6+313+313+2+1+3+0+310;4+45+60+18+174+9
6;02;0100;041;984+5+182+182+0+0+0+0+182;3+68+48+6+26+31
6;02;0100;042;303+4+89+89+0+1+1+1+88;1+15+7+3+2+60
6;02;0100;043;393+3+196+196+0+0+0+0+196;7+42+12+32+14+89
6;02;0100;044;511+2+177+177+2+1+3+0+174;4+19+27+3+69+52
6;02;0100;045;157+2+69+69+0+0+0+0+69;0+20+4+0+26+19
6;02;0100;046;884+0+283+283+0+2+2+9+281;7+68+73+27+81+25
6;02;0100;047;33+1+25+25+0+0+0+4+25;1+6+0+0+14+4
6;02;0400;001;633+0+227+227+0+0+0+7+227;2+103+55+6+54+7
6;02;0400;002;571+0+259+259+3+0+3+14+256;0+124+53+6+63+10
6;02;0400;003;575+0+252+252+0+0+0+6+252;0+96+50+3+95+8
6;02;0400;004;592+0+252+252+0+0+0+12+252;1+126+51+6+59+9
6;02;0400;005;386+0+166+166+0+0+0+11+166;1+52+40+5+57+11
6;02;0400;006;311+3+144+144+0+0+0+3+144;0+61+28+4+47+4
6;02;0400;007;487+0+225+225+0+0+0+0+225;1+125+40+4+55+0
6;02;0400;008;388+0+168+168+0+0+0+0+168;2+81+51+4+28+2
6;02;0400;009;356+0+169+169+0+0+0+6+169;0+69+31+2+57+10
6;02;0400;010;485+0+203+203+0+0+0+0+203;0+105+37+6+48+7
6;02;0400;011;627+0+287+287+0+0+0+0+287;2+134+46+5+95+5
6;02;0400;012;438+0+208+208+0+0+0+22+208;1+107+31+4+59+6
6;02;0400;013;446+0+250+250+0+0+0+10+250;0+91+37+2+117+3
6;02;0400;014;526+0+272+272+0+0+0+0+272;2+157+47+6+56+4
6;02;0400;015;543+1+238+238+0+0+0+11+238;1+149+39+4+40+5
6;02;0400;016;366+0+148+148+0+0+0+0+148;0+73+23+4+46+2
6;02;0400;017;515+3+236+236+0+0+0+0+236;0+91+62+8+66+9
6;02;0400;018;450+0+186+186+0+0+0+0+186;1+84+42+6+46+7
6;02;0400;019;551+2+229+229+0+0+0+19+229;2+109+44+3+66+5
6;02;0400;020;492+0+194+194+1+0+1+0+193;1+82+42+8+52+8
6;02;0400;021;710+1+363+363+1+0+1+0+362;2+178+66+6+104+6
6;02;0400;022;518+0+230+230+0+0+0+17+230;1+113+36+8+57+15
6;02;0400;023;537+0+231+231+0+0+0+0+231;2+101+50+1+72+5
6;02;0400;024;280+1+139+139+0+0+0+12+139;0+67+26+1+38+7
6;02;0400;025;596+1+240+240+0+0+0+21+240;2+94+58+7+67+12
6;02;0400;026;566+0+259+259+0+0+0+19+259;1+101+63+10+77+7
6;02;0400;027;257+1+128+128+0+0+0+2+128;0+42+13+0+71+2
6;02;0400;028;615+0+286+286+0+0+0+0+286;1+116+46+8+102+13
6;02;0400;029;641+1+343+343+0+0+0+0+343;0+123+82+4+130+4
6;02;0400;030;445+2+220+220+0+0+0+0+220;1+91+52+4+71+1
6;02;0400;031;545+0+268+268+0+0+0+20+268;0+117+49+10+84+8
6;02;0400;032;476+0+218+218+0+0+0+9+218;1+97+43+5+69+3
6;02;0400;033;473+0+205+205+0+0+0+11+205;0+93+40+4+62+6
6;02;0400;034;687+1+340+340+0+0+0+0+340;2+125+69+0+131+13
6;02;0400;035;486+1+237+237+0+0+0+14+237;0+80+50+5+96+6
6;02;0400;036;472+0+246+246+0+0+0+0+246;0+62+50+7+120+7
6;02;0400;037;293+0+146+146+0+0+0+11+146;0+67+38+5+34+2
6;02;0400;038;361+1+163+163+0+0+0+0+163;0+67+24+1+66+5
6;02;0400;039;510+0+222+222+1+0+1+0+221;2+87+42+3+79+8
6;02;0400;040;328+1+147+147+0+2+2+8+145;1+66+20+1+55+2
6;02;0400;041;707+0+320+320+3+0+3+19+317;3+140+59+6+98+11
6;02;0400;042;829+0+391+391+0+0+0+0+391;0+166+94+8+117+6
6;02;0400;043;950+0+362+362+0+0+0+12+362;2+167+84+11+92+6
6;02;0400;044;602+0+251+251+0+0+0+0+251;1+103+62+4+78+3
6;02;0400;045;551+0+247+247+0+0+0+11+247;1+104+67+7+61+7
6;02;0400;046;544+0+222+222+0+0+0+0+222;0+74+47+5+86+10
6;02;0400;047;642+0+263+263+0+0+0+10+263;4+96+72+5+64+22
6;02;0400;048;731+0+315+315+0+0+0+5+315;1+131+78+5+89+11
6;02;0400;049;1059+4+369+369+1+0+1+0+368;3+149+102+13+93+8
6;02;0400;050;797+0+282+282+0+0+0+0+282;0+114+95+7+55+11
6;02;0400;051;631+0+227+227+0+0+0+0+227;0+86+56+13+67+5
6;02;0400;052;1082+0+379+379+0+0+0+9+379;2+157+99+15+96+10
6;02;0400;053;927+0+368+368+3+0+3+0+365;2+163+100+6+85+9
6;02;0400;054;935+1+317+317+3+0+3+0+314;2+134+89+12+65+12
6;02;0400;055;1067+0+394+394+0+0+0+0+394;4+153+106+16+100+15
6;02;0400;056;406+2+153+153+0+0+0+0+153;1+48+26+4+72+2
6;02;0400;057;718+1+241+241+0+0+0+0+241;1+105+66+3+58+8
6;02;0400;058;609+0+275+275+0+0+0+0+275;1+107+57+14+84+12
6;02;0400;059;480+2+191+191+0+0+0+8+191;0+94+46+4+41+6
6;02;0400;060;397+0+167+167+0+0+0+0+167;0+87+35+3+37+5
6;02;0400;061;674+1+316+316+1+1+2+0+314;2+128+53+17+106+8
6;02;0400;062;549+2+230+230+0+0+0+12+230;1+78+55+4+87+5
6;02;0400;063;509+0+200+200+0+0+0+0+200;0+91+46+4+54+5
6;02;0400;064;721+0+330+330+0+0+0+17+330;1+108+119+22+79+1
6;02;0400;065;36+0+27+27+0+0+0+0+27;0+10+7+1+7+2
6;02;0400;067;29+0+27+27+0+0+0+0+27;0+11+2+0+12+2
6;02;0400;068;36+9+45+45+0+1+1+0+44;0+23+7+1+11+2
6;02;0400;069;42+3+42+42+0+0+0+0+42;0+10+17+5+9+1
6;02;0400;071;416+0+139+139+0+3+3+0+136;0+48+40+8+38+2
6;02;0400;072;402+0+135+135+0+0+0+7+135;3+46+27+9+46+4
6;02;0400;073;397+0+118+118+0+0+0+6+118;2+26+26+4+60+0
6;02;0400;074;650+0+178+178+0+0+0+12+178;2+46+48+12+62+8
6;02;0400;075;446+2+144+144+0+0+0+0+144;2+28+42+6+62+4
6;02;0400;076;555+3+99+99+0+1+1+0+98;2+33+37+6+20+0
6;02;0400;077;379+0+69+69+0+1+1+0+68;2+6+42+3+11+4
6;02;0400;078;526+0+65+65+0+0+0+0+65;1+12+19+6+20+7
6;02;0400;079;413+0+42+42+0+0+0+0+42;1+8+21+0+7+5
6;02;0400;080;645+0+120+120+0+0+0+0+120;0+29+42+8+38+3
6;02;0400;081;657+0+192+192+0+0+0+6+192;0+63+60+17+48+4
6;02;0400;082;841+0+85+85+0+0+0+0+85;5+27+25+5+19+4
6;02;0400;083;622+0+232+232+0+0+0+0+232;1+79+56+9+74+13
6;02;0400;084;594+0+211+211+0+1+1+0+210;1+65+62+11+70+1
6;02;0400;085;877+0+262+262+1+2+3+0+259;1+67+78+17+87+9
6;02;0400;086;790+0+254+254+2+0+2+0+252;0+119+69+10+47+7
6;02;0400;087;740+0+292+292+0+0+0+0+292;0+82+89+15+102+4
6;02;0400;088;805+0+301+301+1+0+1+0+300;0+86+106+16+88+4
6;02;0400;089;939+0+285+285+0+0+0+3+285;1+101+89+9+82+3
6;02;0400;090;667+0+209+209+0+0+0+0+209;1+64+61+4+79+0
6;02;0400;091;162+3+82+82+0+0+0+3+82;0+38+13+3+26+2
6;02;0400;092;495+0+195+195+0+0+0+0+195;0+90+49+7+48+1
6;02;0400;093;499+0+185+185+0+1+1+0+184;1+86+52+5+34+6
6;02;0400;094;522+1+194+194+1+0+1+0+193;0+70+52+3+65+3
6;02;0400;095;448+3+142+142+0+0+0+3+142;1+42+48+11+35+5
6;02;0400;096;476+3+157+157+0+0+0+7+157;1+59+34+6+49+8
6;02;0400;097;459+0+140+140+0+0+0+0+140;0+42+64+5+25+4
6;02;0400;098;702+0+283+283+0+0+0+0+283;0+87+66+12+113+5
6;02;0400;099;597+4+188+188+0+1+1+9+187;0+72+67+2+40+6
6;02;0400;100;524+0+150+150+0+0+0+3+150;0+49+51+7+36+7
6;02;0400;101;533+0+153+153+0+0+0+0+153;1+48+50+4+43+7
6;02;0400;102;534+0+194+194+0+0+0+0+194;2+59+59+11+45+18
6;02;0400;103;675+0+242+242+2+0+2+8+240;0+51+80+14+85+10
6;02;0400;104;827+0+298+298+0+0+0+14+298;2+88+108+6+78+16
6;02;0400;105;605+0+223+223+2+0+2+0+221;0+99+65+8+44+5
6;02;0400;106;751+0+306+306+0+0+0+0+306;0+110+69+15+101+11
6;02;0400;107;655+0+228+228+0+1+1+0+227;1+87+56+18+49+16
6;02;0400;108;375+0+134+134+0+0+0+5+134;1+50+33+9+39+2
6;02;0400;109;688+0+210+210+0+0+0+0+210;1+81+62+25+38+3
6;02;0400;110;770+0+230+230+0+0+0+0+230;0+76+66+10+74+4
6;02;0400;111;615+0+195+195+0+0+0+0+195;1+61+52+9+67+5
6;02;0400;112;622+1+214+214+0+0+0+0+214;4+92+56+12+42+8
6;02;0400;113;664+0+236+236+0+0+0+0+236;0+86+63+13+65+9
6;02;0400;114;525+0+186+186+0+0+0+0+186;1+56+58+10+55+6
6;02;0400;115;806+0+280+280+0+1+1+11+279;1+101+71+14+90+2
6;02;0400;116;813+0+238+238+0+0+0+7+238;0+89+67+19+51+12
6;02;0400;117;872+0+265+265+0+2+2+0+263;0+74+103+20+57+9
6;02;0400;118;683+0+199+199+0+1+1+3+198;2+82+59+8+40+7
6;02;0400;119;765+0+205+205+0+0+0+5+205;0+77+64+10+44+10
6;02;0400;120;627+1+163+163+0+0+0+2+163;0+49+47+10+56+1
6;02;0400;121;565+2+152+152+2+0+2+0+150;1+56+49+10+29+5
6;02;0400;122;715+0+188+188+0+0+0+0+188;0+74+55+7+43+9
6;02;0400;123;733+0+203+203+0+0+0+3+203;2+62+64+7+60+8
6;02;0400;124;773+0+211+211+0+0+0+0+211;2+78+61+10+53+7
6;02;0400;125;878+3+240+240+0+0+0+0+240;2+70+78+10+72+8
6;02;0400;126;872+0+274+274+0+0+0+0+274;0+95+83+13+73+10
6;02;0400;127;926+0+250+250+0+1+1+11+249;0+98+72+20+52+7
6;02;0400;128;708+0+173+173+0+0+0+0+173;1+66+41+11+45+9
6;02;0400;129;578+3+161+161+0+1+1+0+160;3+62+34+12+38+11
6;02;0400;130;596+0+187+187+0+0+0+5+187;2+66+46+13+53+7
6;02;0400;131;568+1+153+153+0+0+0+9+153;2+73+40+4+28+6
6;02;0400;132;824+2+275+275+1+0+1+0+274;2+82+83+18+72+17
6;02;0400;133;607+0+202+202+0+1+1+0+201;0+57+77+11+48+8
6;02;0400;134;594+5+179+179+0+0+0+0+179;7+44+43+22+58+5
6;02;0400;135;680+0+217+217+0+2+2+25+215;15+46+35+9+78+32
6;02;0400;136;669+1+318+318+0+1+1+24+317;0+117+67+10+117+6
6;02;0400;137;419+5+222+222+0+0+0+0+222;0+68+39+6+106+3
6;02;0400;138;868+0+366+366+2+0+2+0+364;4+146+84+6+109+15
6;02;0400;139;841+1+338+338+0+0+0+16+338;1+93+131+14+89+10
6;02;0400;140;472+0+224+224+0+0+0+11+224;0+58+59+1+102+4
6;02;0400;141;512+0+204+204+0+0+0+0+204;0+67+45+6+74+12
6;02;0400;142;481+0+182+182+0+0+0+0+182;2+67+52+6+50+5
6;02;0400;143;426+1+159+159+0+0+0+11+159;1+59+41+4+49+5
6;02;0400;144;501+0+203+203+0+0+0+7+203;0+67+50+5+74+7
6;02;0400;145;539+0+204+204+0+0+0+5+204;2+72+52+15+62+1
6;02;0400;146;746+0+272+272+0+0+0+3+272;1+98+84+5+77+7
6;02;0400;147;520+0+188+188+1+0+1+3+187;0+64+56+2+64+1
6;02;0400;148;467+2+182+182+4+0+4+6+178;0+46+48+3+76+5
6;02;0400;149;721+0+286+286+0+0+0+0+286;0+95+94+10+82+5
6;02;0400;150;823+1+311+311+0+0+0+0+311;2+114+90+7+90+8
6;02;0400;151;552+2+214+214+1+0+1+14+213;1+73+59+9+68+3
6;02;0400;152;543+0+230+230+0+0+0+7+230;0+64+47+6+105+8
6;02;0400;153;564+0+231+231+0+0+0+0+231;1+90+50+4+83+3
6;02;0400;154;496+0+229+229+0+0+0+17+229;1+60+67+2+95+4
6;02;0400;155;799+0+358+358+1+2+3+0+355;1+136+104+4+97+13
6;02;0400;156;822+0+333+333+1+0+1+0+332;1+121+100+7+96+7
6;02;0400;157;637+0+263+263+0+0+0+18+263;1+115+61+5+76+5
6;02;0400;158;631+0+283+283+0+0+0+0+283;2+112+59+9+93+8
6;02;0400;159;553+0+205+205+0+0+0+4+205;1+81+52+6+58+7
6;02;0400;160;737+0+277+277+0+2+2+0+275;0+95+68+11+94+7
6;02;0400;161;697+1+250+250+0+0+0+0+250;0+91+63+10+79+7
6;02;0400;162;728+0+254+254+0+0+0+5+254;0+66+64+10+109+5
6;02;0400;163;451+1+142+142+0+0+0+4+142;1+43+40+5+48+5
6;02;0400;164;443+0+178+178+0+0+0+0+178;1+54+42+1+77+3
6;02;0400;165;475+18+190+190+0+0+0+9+190;0+58+61+6+60+5
6;02;0400;166;654+0+255+255+0+0+0+0+255;1+84+62+8+87+13
6;02;0400;167;180+0+26+26+0+0+0+0+26;0+20+0+1+2+3
6;02;0400;168;842+0+310+310+0+0+0+0+310;2+100+69+19+112+8
6;02;0400;169;464+0+188+188+0+0+0+0+188;0+65+42+7+69+5
6;02;0400;170;452+0+172+172+0+0+0+0+172;2+49+45+10+64+2
6;02;0400;171;470+0+215+215+0+1+1+11+214;1+89+46+5+69+4
6;02;0400;172;440+1+181+181+0+0+0+0+181;1+60+47+16+51+6
6;02;0400;173;503+0+223+223+0+0+0+0+223;2+97+50+7+63+4
6;02;0400;174;621+1+195+195+0+0+0+0+195;1+62+59+7+58+8
6;02;0400;175;645+0+205+205+1+0+1+0+204;0+55+66+9+65+9
6;02;0400;176;525+0+177+177+0+0+0+0+177;0+57+58+5+53+4
6;02;0400;177;475+0+178+178+1+0+1+0+177;2+51+32+7+83+2
6;02;0400;178;444+0+77+77+0+0+0+0+77;0+24+25+2+25+1
6;02;0400;179;670+0+236+236+0+0+0+16+236;0+79+58+10+84+5
6;02;0400;180;745+0+277+277+0+1+1+0+276;2+92+69+11+93+9
6;02;0400;181;764+0+334+334+1+0+1+15+333;3+44+104+16+159+7
6;02;0400;182;458+0+134+134+0+0+0+5+134;1+32+44+5+46+6
6;02;0400;183;455+0+188+188+0+0+0+9+188;0+22+52+5+104+5
6;02;0400;184;479+0+195+195+0+0+0+5+195;3+69+46+11+63+3
6;02;0400;185;428+0+139+139+0+0+0+0+139;1+40+30+4+57+7
6;02;0400;186;437+0+152+152+0+0+0+0+152;1+55+33+5+57+1
6;02;0400;187;109+0+11+11+0+0+0+0+11;0+5+4+0+2+0
6;02;0400;188;957+8+400+400+0+0+0+0+400;1+112+98+28+157+4
6;02;0400;189;549+2+260+260+0+0+0+0+260;0+39+55+2+158+6
6;02;0400;190;598+0+269+269+0+0+0+0+269;1+75+53+4+132+4
6;02;0400;191;588+0+261+261+1+0+1+9+260;3+78+70+1+103+5
6;02;0400;192;542+0+219+219+0+0+0+7+219;1+79+44+5+88+2
6;02;0400;193;536+0+207+207+0+0+0+16+207;0+79+35+6+77+10
6;02;0400;194;590+0+235+235+0+1+1+5+234;0+50+58+6+114+6
6;02;0400;195;501+0+224+224+0+0+0+0+224;1+86+51+3+79+4
6;02;0400;196;565+0+254+254+0+1+1+17+253;1+63+53+10+121+5
6;02;0400;197;544+2+267+267+0+0+0+12+267;1+96+57+9+101+3
6;02;0400;198;404+1+134+134+0+0+0+2+134;1+52+33+2+43+3
6;02;0400;199;454+0+162+162+1+0+1+8+161;2+72+35+5+44+3
6;02;0400;200;575+0+243+243+0+0+0+16+243;1+65+72+10+90+5
6;02;0400;201;554+0+227+227+0+0+0+10+227;0+92+54+4+74+3
6;02;0400;202;685+0+283+283+0+0+0+0+283;1+51+85+5+126+15
6;02;0400;203;767+0+369+369+1+0+1+0+368;1+127+102+6+129+3
6;02;0400;204;706+0+314+314+0+0+0+4+314;2+116+76+5+104+11
6;02;0400;205;545+0+225+225+0+0+0+0+225;0+87+80+1+45+12
6;02;0400;206;316+0+97+97+0+1+1+0+96;0+31+32+8+22+3
6;02;0400;207;841+0+346+346+4+0+4+0+342;1+126+101+5+99+10
6;02;0400;208;566+2+260+260+0+0+0+0+260;3+91+77+7+76+6
6;02;0400;209;729+0+273+273+0+0+0+0+273;0+104+70+7+84+8
6;02;0400;210;792+0+335+335+0+0+0+11+335;2+116+87+4+115+11
6;02;0400;211;540+0+248+248+0+1+1+13+247;1+99+67+3+71+6
6;02;0400;212;763+0+326+326+1+1+2+8+324;1+110+92+21+91+9
6;02;0400;213;829+0+353+353+0+0+0+0+353;1+102+98+9+129+14
6;02;0400;214;900+0+417+417+0+0+0+0+417;2+107+111+20+165+12
6;02;0400;215;797+0+323+323+0+0+0+0+323;1+120+100+6+86+10
6;02;0400;216;733+0+245+245+0+0+0+0+245;0+61+67+8+103+6
6;02;0400;217;534+0+171+171+1+1+2+11+169;0+61+41+6+58+3
6;02;0400;218;727+0+303+303+1+0+1+0+302;2+74+62+4+155+5
6;02;0400;219;442+0+176+176+0+0+0+0+176;1+61+51+4+44+15
6;02;0400;220;374+0+132+132+0+1+1+3+131;2+38+34+5+47+5
6;02;0400;221;668+2+265+265+0+0+0+0+265;0+96+84+3+77+5
6;02;0400;222;541+0+191+191+1+0+1+11+190;1+79+56+5+41+8
6;02;0400;223;672+0+258+258+1+0+1+0+257;1+86+64+20+80+6
6;02;0400;224;705+1+293+293+0+0+0+7+293;0+96+82+9+99+7
6;02;0400;225;651+0+233+233+1+0+1+12+232;1+63+71+11+84+2
6;02;0400;226;876+1+335+335+0+0+0+0+335;0+135+93+10+91+6
6;02;0400;227;745+0+282+282+1+0+1+0+281;2+107+75+9+80+8
6;02;0400;228;673+10+216+216+0+0+0+0+216;1+68+62+10+63+12
6;02;0400;229;674+0+267+267+1+0+1+8+266;0+97+76+6+80+7
6;02;0400;230;860+0+297+297+0+0+0+0+297;1+110+60+9+106+11
6;02;0400;231;755+1+286+286+0+0+0+10+286;0+89+96+7+86+8
6;02;0400;232;1004+0+366+366+0+0+0+37+366;1+126+111+12+106+10
6;02;0400;233;694+5+256+256+0+0+0+16+256;3+83+61+7+100+2
6;02;0400;234;783+2+306+306+2+0+2+0+304;1+83+89+15+104+12
6;02;0400;235;195+0+73+73+0+0+0+0+73;0+13+28+8+24+0
6;02;0400;236;732+0+325+325+0+0+0+21+325;3+132+88+9+87+6
6;02;0400;237;766+0+313+313+0+0+0+5+313;2+118+83+7+98+5
6;02;0400;238;847+0+332+332+1+0+1+0+331;2+136+86+18+78+11
6;02;0400;239;75+2+40+40+0+0+0+0+40;0+18+11+0+11+0
6;02;0400;240;502+0+176+176+0+0+0+12+176;1+61+45+15+50+4
6;02;0400;241;586+0+215+215+1+1+2+0+213;2+69+61+8+64+9
6;02;0400;242;477+0+182+182+0+0+0+0+182;3+76+43+10+47+3
6;02;0400;243;596+0+224+224+1+0+1+9+223;1+82+64+10+58+8
6;02;0400;244;737+0+292+292+0+0+0+3+292;1+106+73+5+103+4
6;02;0400;245;579+0+231+231+0+0+0+15+231;0+89+51+3+82+6
6;02;0400;246;793+4+289+289+0+0+0+0+289;1+143+62+6+66+11
6;02;0400;247;739+1+305+305+0+0+0+5+305;1+107+61+5+120+11
6;02;0400;248;891+0+377+377+1+1+2+17+375;1+149+98+11+95+21
6;02;0400;249;697+0+276+276+0+0+0+0+276;2+96+78+12+82+6
6;02;0400;250;747+4+300+300+0+0+0+23+300;1+85+100+12+96+6
6;02;0400;251;707+0+268+268+2+0+2+12+266;1+94+61+10+89+11
6;02;0400;252;704+0+275+275+0+1+1+0+274;1+106+48+10+100+9
6;02;0400;253;529+0+218+218+0+0+0+0+218;0+92+51+5+63+7
6;02;0400;254;650+0+329+329+0+0+0+4+329;0+123+75+2+124+5
6;02;0400;255;678+0+245+245+0+0+0+0+245;1+85+65+5+85+4
6;02;0400;256;488+0+173+173+1+1+2+0+171;3+56+53+4+50+5
6;02;0400;257;462+1+180+180+0+0+0+0+180;0+62+30+4+82+2
6;02;0400;258;479+0+241+241+0+0+0+12+241;1+84+55+1+95+5
6;02;0400;259;182+0+180+180+0+0+0+6+180;1+47+36+0+93+3
6;02;0400;260;465+0+174+174+0+0+0+0+174;1+71+24+9+68+1
6;02;0400;261;562+2+199+199+0+0+0+14+199;2+65+55+3+69+5
6;02;0400;262;643+2+199+199+2+1+3+14+196;2+91+50+4+45+4
6;02;0400;263;427+0+198+198+0+0+0+19+198;0+76+52+0+65+5
6;02;0400;264;484+0+198+198+0+0+0+0+198;1+64+42+6+81+4
6;02;0400;265;408+0+187+187+0+0+0+12+187;0+75+53+3+53+3
6;02;0400;266;431+0+195+195+0+0+0+10+195;2+63+36+6+83+5
6;02;0400;267;138+16+154+154+0+0+0+12+154;2+38+43+3+68+0
6;02;0400;268;436+5+195+195+0+0+0+6+195;0+59+43+2+81+10
6;02;0400;269;780+0+328+328+0+0+0+0+328;2+113+83+8+107+15
6;02;0400;270;909+1+362+362+0+0+0+32+362;1+124+109+7+115+6
6;02;0400;271;477+0+222+222+1+0+1+0+221;4+79+56+5+76+1
6;02;0400;272;470+0+224+224+0+0+0+0+224;3+79+37+4+96+5
6;02;0400;273;497+2+213+213+0+0+0+0+213;0+91+57+1+58+6
6;02;0400;274;546+0+189+189+0+0+0+0+189;1+65+60+3+58+2
6;02;0400;275;492+0+230+230+0+0+0+10+230;3+84+54+7+77+5
6;02;0400;276;463+0+198+198+0+1+1+7+197;0+80+48+2+64+3
6;02;0400;277;462+0+219+219+0+0+0+11+219;0+86+52+4+71+6
6;02;0400;278;753+0+353+353+0+0+0+16+353;0+116+80+7+134+16
6;02;0400;279;743+0+354+354+0+0+0+0+354;1+121+91+6+129+6
6;02;0400;280;490+0+205+205+1+0+1+14+204;1+70+41+2+81+9
6;02;0400;281;1044+11+406+406+0+0+0+0+406;1+163+94+5+130+13
6;02;0400;282;497+0+224+224+2+0+2+0+222;1+80+61+5+67+8
6;02;0400;283;461+2+260+260+0+1+1+7+259;0+74+53+4+117+11
6;02;0400;284;505+1+225+225+0+0+0+0+225;0+74+71+9+68+3
6;02;0400;285;613+6+258+258+0+0+0+0+258;4+86+70+8+90+0
6;02;0400;286;601+0+251+251+0+0+0+0+251;1+51+82+17+88+12
6;02;0400;287;265+2+128+128+0+1+1+4+127;1+39+14+13+50+10
6;02;0400;288;195+1+93+93+2+0+2+3+91;2+25+23+4+30+7
6;02;0400;289;865+3+385+385+0+0+0+0+385;8+71+83+8+203+12
6;02;0400;290;917+2+310+310+1+0+1+0+309;1+42+54+11+197+4
6;02;0400;291;920+0+326+326+0+2+2+17+324;6+74+85+22+132+5
6;02;0400;292;751+0+288+288+4+0+4+0+284;2+133+51+11+86+1
6;02;0400;293;772+3+289+289+0+0+0+5+289;2+90+72+11+106+8
6;02;0400;294;648+0+195+195+0+1+1+0+194;1+63+51+15+60+4
6;02;0400;295;585+0+181+181+0+0+0+0+181;1+38+48+16+74+4
6;02;0400;296;709+0+180+180+0+2+2+2+178;2+65+41+20+48+2
6;02;0400;297;335+3+130+130+3+0+3+0+127;5+50+15+2+46+9
6;02;0400;298;230+5+67+67+1+2+3+2+64;5+5+21+1+17+15
6;02;0400;299;838+0+321+321+0+1+1+0+320;0+115+85+15+99+6
6;02;0400;300;906+0+331+331+0+0+0+0+331;2+114+66+11+131+7
6;02;0400;301;72+2+39+39+0+0+0+0+39;0+9+5+1+23+1
6;02;0400;302;144+0+82+82+0+0+0+3+82;0+17+10+7+47+1
6;02;0400;303;606+2+232+232+1+2+3+0+229;3+81+42+23+77+3
6;02;0400;304;631+0+228+228+0+3+3+0+225;3+66+49+26+73+8
6;02;0400;305;619+0+292+292+1+2+3+0+289;1+99+64+24+100+1
6;02;0400;306;475+0+212+212+0+1+1+13+211;0+65+29+10+100+7
6;02;0400;307;788+0+140+140+0+0+0+4+140;8+25+13+7+72+15
6;02;0400;308;640+0+140+140+0+1+1+0+139;0+25+12+12+81+9
6;02;0400;309;528+2+176+176+0+0+0+0+176;1+62+24+16+68+5
6;02;0400;310;511+0+197+197+0+0+0+13+197;1+47+42+15+84+8
6;02;0400;311;764+0+245+245+0+0+0+0+245;6+76+60+19+79+5
6;02;0400;312;497+3+263+263+0+3+3+0+260;4+53+62+18+122+1
6;02;0400;313;464+0+149+149+0+0+0+7+149;1+14+45+4+80+5
6;02;0400;314;357+2+201+201+1+0+1+12+200;3+42+61+14+77+3
6;02;0400;315;85+0+74+74+8+0+8+3+66;1+23+3+7+32+0
6;02;0400;316;136+29+103+103+1+1+2+0+101;0+22+19+10+49+1
6;02;0600;001;540+0+269+269+1+0+1+5+268;2+66+58+12+129+1
6;02;0600;002;639+2+242+242+0+0+0+14+242;2+44+56+9+123+8
6;02;0600;003;1053+1+369+369+0+1+1+0+368;5+71+93+35+150+14
6;02;0600;004;662+1+324+324+0+0+0+14+324;1+68+65+14+172+4
6;02;0600;005;852+0+382+382+0+0+0+40+382;3+64+93+17+198+7
6;02;0600;006;823+0+360+360+0+1+1+27+359;5+56+63+63+167+5
6;02;0600;007;692+0+263+263+0+3+3+9+260;1+46+41+49+122+1
6;02;0600;008;598+1+306+306+0+0+0+0+306;3+68+87+20+121+7
6;02;0600;009;47+5+42+42+0+0+0+1+42;0+13+6+2+19+2
6;02;0600;010;34+2+29+29+0+0+0+0+29;0+10+10+0+9+0
6;02;0600;011;168+2+105+105+0+2+2+0+103;0+14+22+7+57+3
6;02;0600;012;131+2+82+82+0+0+0+0+82;1+16+16+6+42+1
6;02;0600;013;28+1+24+24+0+0+0+0+24;1+5+6+0+11+1
6;02;0600;014;124+7+98+98+0+0+0+2+98;1+17+15+1+59+5
6;02;0600;015;94+8+72+72+0+0+0+0+72;1+5+14+3+45+4
6;02;0600;016;69+6+55+55+2+0+2+2+53;2+14+5+4+23+5
6;02;0600;017;713+5+255+255+0+0+0+10+255;4+96+53+14+85+3
6;02;0600;018;650+3+225+225+2+3+5+9+220;9+58+32+20+97+4
6;02;0600;019;49+5+40+40+0+0+0+0+40;0+6+3+0+31+0
6;02;0600;020;139+4+99+99+0+1+1+0+98;0+28+24+6+34+6
6;02;0600;021;417+6+245+245+0+1+1+0+244;6+83+53+19+76+7
6;02;0600;022;491+8+335+335+1+1+2+28+333;10+79+33+15+181+15
6;02;0600;023;456+2+293+293+1+3+4+8+289;7+53+34+20+172+3
6;02;0600;024;275+3+174+174+1+1+2+0+172;4+52+23+18+72+3
6;02;0600;025;49+8+34+34+0+0+0+0+34;2+11+5+2+13+1
6;02;0600;026;33+4+31+31+0+0+0+0+31;0+11+3+1+14+2
6;02;0600;027;40+5+38+38+0+0+0+1+38;0+11+14+0+13+0
6;02;0600;028;113+7+90+90+0+0+0+0+90;2+26+11+1+47+3
6;02;0600;029;103+4+77+81+0+1+1+2+80;0+30+19+2+29+0
6;02;0600;030;129+9+138+138+1+1+2+3+136;2+21+8+3+100+2
6;02;0600;031;156+3+121+121+1+1+2+7+119;3+40+12+8+50+6
6;02;0600;032;46+2+31+31+0+0+0+0+31;2+3+3+2+21+0
6;02;0600;033;132+3+83+83+0+0+0+2+83;4+24+5+0+49+1
6;02;0600;034;244+5+149+149+0+0+0+0+149;3+48+14+7+76+1
6;02;0600;035;117+4+79+79+1+0+1+0+78;2+32+7+3+33+1
6;02;0600;036;20+5+21+21+0+0+0+0+21;0+9+4+0+8+0
6;02;0600;037;25+2+23+23+0+0+0+1+23;0+2+5+3+13+0
6;02;0600;038;190+4+100+100+0+0+0+1+100;4+22+15+4+49+6
6;02;0600;039;396+5+247+247+2+0+2+16+245;9+60+27+24+120+5
6;02;0600;040;878+1+349+349+0+2+2+26+347;2+33+38+80+179+15
6;02;0600;041;604+0+266+266+1+1+2+0+264;3+51+64+14+128+4
6;02;0600;042;822+0+356+356+0+0+0+0+356;2+101+98+19+125+11
6;02;0600;043;477+2+250+250+1+0+1+9+249;5+50+20+30+143+1
6;02;0800;001;719+0+252+252+0+0+0+12+252;2+76+68+18+77+11
6;02;0800;002;780+0+255+255+1+3+4+10+251;11+81+37+37+79+6
6;02;0800;003;783+0+219+219+1+10+11+6+208;12+70+41+6+68+11
6;02;0800;004;771+2+313+313+0+1+1+16+312;1+98+71+33+100+9
6;02;0800;005;797+1+355+355+1+0+1+17+354;3+119+63+20+137+12
6;02;0800;006;612+0+268+268+0+1+1+7+267;4+78+58+18+104+5
6;02;0800;007;768+3+368+368+0+0+0+0+368;7+116+27+15+198+5
6;02;0800;008;181+1+115+115+0+0+0+0+115;1+28+5+4+74+3
6;02;0800;009;165+1+74+74+0+0+0+0+74;0+16+9+4+22+23
6;02;0800;010;530+2+233+233+0+3+3+10+230;9+52+26+15+120+8
6;02;0800;011;288+5+213+213+0+0+0+0+213;2+60+25+4+120+2
6;02;0800;012;255+3+159+159+0+0+0+6+159;3+50+30+10+66+0
6;02;0800;013;358+1+205+205+1+0+1+2+204;3+61+34+6+97+3
6;02;0800;014;454+3+236+236+0+0+0+0+236;5+46+32+28+119+6
6;02;0800;015;482+0+237+237+0+0+0+0+237;3+32+30+12+153+7
6;02;0800;016;404+0+147+147+0+2+2+0+145;11+42+26+23+38+5
6;02;0800;017;351+1+207+207+0+0+0+9+207;0+62+20+4+116+5
6;02;0800;018;477+0+244+244+0+1+1+13+243;2+52+8+14+161+6
6;02;0800;019;622+1+297+297+1+1+2+11+295;6+62+13+9+203+2
6;02;0800;020;483+2+258+258+0+2+2+10+256;3+76+32+8+129+8
6;02;0900;001;723+1+319+319+0+0+0+6+319;2+80+80+14+132+11
6;02;0900;002;840+0+303+303+1+0+1+11+302;1+90+73+13+119+6
6;02;0900;003;743+2+292+292+1+1+2+0+290;2+78+56+9+131+14
6;02;0900;004;725+0+293+293+2+0+2+6+291;2+76+55+11+139+8
6;02;0900;005;788+0+271+271+0+0+0+6+271;4+93+28+10+125+11
6;02;0900;006;671+0+227+227+0+1+1+3+226;4+47+24+18+125+8
6;02;0900;007;778+2+346+346+0+1+1+14+345;1+96+59+8+178+3
6;02;0900;008;587+1+279+279+1+0+1+9+278;2+62+51+8+141+14
6;02;0900;009;738+0+303+303+1+0+1+18+302;0+88+63+9+135+7
6;02;0900;010;577+0+265+265+0+0+0+0+265;2+85+56+9+110+3
6;02;0900;011;504+1+253+253+0+0+0+4+253;0+69+58+4+113+9
6;02;0900;012;669+0+279+279+1+0+1+12+278;2+80+62+18+109+7
6;02;0900;013;867+2+366+366+2+1+3+0+363;3+82+81+19+169+9
6;02;0900;014;748+4+375+375+0+2+2+21+373;0+85+72+13+189+14
6;02;0900;015;626+1+235+235+0+0+0+12+235;3+58+50+12+103+9
6;02;0900;016;495+1+225+225+0+0+0+6+225;0+80+47+8+83+7
6;02;0900;017;533+2+227+227+0+0+0+11+227;0+62+40+5+111+9
6;02;0900;018;659+0+210+210+1+2+3+17+207;4+32+32+13+119+7
6;02;0900;019;765+0+262+262+2+3+5+19+257;3+54+40+6+144+10
6;02;0900;020;577+1+253+253+0+5+5+0+248;17+89+12+15+99+16
6;02;0900;021;631+0+246+246+0+1+1+24+245;4+77+48+5+106+5
6;02;0900;022;700+0+289+289+2+0+2+6+287;1+50+29+9+193+5
6;02;0900;023;274+3+146+146+0+0+0+3+146;1+30+45+8+52+10
6;02;0900;024;805+0+172+172+0+0+0+5+172;4+34+48+8+72+6
6;02;0900;025;539+0+219+219+1+4+5+16+214;5+104+14+9+65+17
6;02;0900;026;632+0+249+249+0+0+0+0+249;1+79+64+8+95+2
6;02;0900;027;37+2+15+15+0+1+1+1+14;0+2+2+0+10+0
6;02;0900;028;449+3+251+251+1+1+2+4+249;6+92+21+6+116+8
6;02;0900;029;439+0+221+221+1+0+1+0+220;6+21+21+15+154+3
6;02;0900;030;388+1+230+230+1+0+1+0+229;4+54+17+4+143+7
6;02;0900;031;169+7+118+118+0+0+0+0+118;1+30+18+5+62+2
6;02;0900;032;216+8+140+140+1+0+1+0+139;0+53+17+3+59+7
6;02;0900;033;225+2+152+152+0+0+0+0+152;7+51+9+4+80+1
6;02;0900;034;220+1+120+120+1+0+1+5+119;0+26+5+2+84+2
6;02;0900;035;252+2+129+129+1+0+1+9+128;2+31+22+4+63+6
6;02;0900;036;204+2+142+142+0+0+0+4+142;6+33+22+4+76+1
6;02;0900;037;131+4+84+84+0+0+0+6+84;0+18+6+4+54+2
6;02;0900;038;420+5+219+219+0+0+0+0+219;3+33+21+7+150+5
6;02;0900;039;118+8+88+88+1+0+1+0+87;0+25+10+3+49+0
6;02;0900;040;241+4+125+125+0+0+0+9+125;1+33+15+2+74+0
6;02;0900;041;128+4+89+89+0+1+1+3+88;4+31+9+3+40+1
6;02;0900;042;293+2+135+135+2+1+3+5+132;1+25+12+5+88+1
6;02;0900;043;204+4+62+62+0+1+1+0+61;0+18+24+0+13+6
6;02;0900;044;107+8+64+64+0+0+0+0+64;0+11+14+5+31+3
6;02;0900;045;177+5+94+94+0+0+0+9+94;0+19+12+4+56+3
6;02;0900;046;598+0+188+188+0+0+0+0+188;3+66+28+8+12+71
6;02;0900;047;276+2+126+126+0+0+0+4+126;4+32+8+5+53+24
6;02;0900;048;63+5+51+51+0+0+0+0+51;1+10+9+2+28+1
6;02;0900;049;201+6+135+135+0+0+0+0+135;2+18+15+6+91+3
6;02;0900;050;227+0+124+124+1+1+2+5+122;3+49+8+3+57+2
6;02;0900;051;198+5+158+158+0+2+2+6+156;0+43+10+5+94+4
6;02;0900;052;232+2+121+121+0+1+1+2+120;3+22+25+4+64+2
6;02;0900;053;252+2+168+168+0+0+0+4+168;3+40+14+9+101+1
6;02;0900;054;241+2+143+143+0+1+1+2+142;4+46+16+3+73+0
6;02;0900;055;316+1+178+178+0+1+1+0+177;4+45+17+11+97+3
6;02;0900;056;555+7+286+286+0+2+2+19+284;5+57+27+23+170+2
6;02;0900;057;95+8+83+83+0+0+0+0+83;4+11+21+4+43+0
6;02;1200;001;541+0+300+300+1+2+3+11+297;4+88+33+15+149+8
6;02;1200;002;687+3+321+321+2+2+4+16+317;1+65+81+14+146+10
6;02;1200;003;702+1+305+305+0+0+0+17+305;1+56+88+13+134+13
6;02;1200;004;638+1+308+308+1+1+2+17+306;3+59+67+11+156+10
6;02;1200;005;46+12+37+37+0+0+0+0+37;0+11+0+1+25+0
6;02;1200;007;512+3+320+320+0+0+0+6+320;1+32+56+11+216+4
6;02;1200;008;51+6+40+40+0+0+0+2+40;0+10+5+2+23+0
6;02;1200;009;122+4+55+55+0+0+0+0+55;0+10+8+0+36+1
6;02;1200;010;34+2+32+32+0+0+0+0+32;1+13+3+1+14+0
6;02;1200;011;144+4+120+120+0+0+0+6+120;3+19+21+7+67+3
6;02;1200;012;48+5+47+47+0+0+0+0+47;2+19+3+2+21+0
6;02;1200;013;303+2+126+126+0+0+0+4+126;1+10+22+2+86+5
6;02;1200;014;59+4+47+47+0+0+0+2+47;3+8+3+1+31+1
6;02;1200;016;62+1+49+49+1+0+1+0+48;1+16+1+0+30+0
6;02;1300;001;683+2+352+352+0+1+1+10+351;1+74+95+34+139+8
6;02;1300;002;747+2+327+327+0+0+0+0+327;2+95+89+2+138+1
6;02;1300;003;817+0+315+315+0+0+0+9+315;2+63+115+33+96+6
6;02;1300;004;823+0+356+356+0+0+0+8+356;2+93+112+7+134+8
6;02;1300;005;286+0+120+120+0+0+0+0+120;1+36+38+13+30+2
6;02;1300;006;738+0+246+246+0+0+0+8+246;1+52+72+10+107+4
6;02;1300;007;787+1+250+250+0+0+0+7+250;1+78+64+14+90+3
6;02;1300;008;32+4+31+31+0+0+0+0+31;1+6+9+3+12+0
6;02;1300;009;399+1+171+171+0+0+0+11+171;2+64+41+2+59+3
6;02;1300;010;76+5+48+48+0+0+0+2+48;0+9+12+0+25+2
6;02;1300;011;43+2+21+21+0+0+0+0+21;0+8+3+0+9+1
6;02;1300;012;518+2+229+229+0+0+0+9+229;4+65+48+7+102+3
6;02;1300;013;531+1+237+237+0+0+0+8+237;1+97+62+6+69+2
6;02;1300;014;84+5+63+63+0+0+0+2+63;1+10+12+4+35+1
6;02;1300;015;212+3+127+127+0+0+0+5+127;5+44+27+1+48+2
6;02;1300;016;402+3+270+270+0+1+1+4+269;0+28+39+7+193+2
6;02;1300;017;362+0+230+230+1+0+1+10+229;4+37+43+13+131+1
6;02;1300;018;191+2+121+121+0+1+1+0+120;3+72+11+4+28+2
6;02;1300;019;48+4+33+33+0+0+0+0+33;0+2+2+1+28+0
6;02;1300;020;158+3+87+87+1+0+1+0+86;1+16+8+5+55+1
6;02;1500;001;500+1+204+204+0+0+0+0+204;3+117+45+3+34+2
6;02;1500;002;486+0+230+230+0+0+0+0+230;2+117+50+7+52+2
6;02;1500;003;470+0+166+166+0+0+0+7+166;2+79+36+2+45+2
6;02;1500;004;1074+1+405+405+1+0+1+18+404;4+186+96+11+101+6
6;02;1500;005;997+1+369+369+1+0+1+10+368;5+139+97+17+100+10
6;02;1500;006;995+0+356+356+0+0+0+0+356;3+134+85+13+115+6
6;02;1500;007;1232+1+469+469+2+0+2+14+467;3+223+105+14+107+15
6;02;1500;008;929+1+323+323+0+0+0+9+323;5+122+78+15+99+4
6;02;1500;009;710+3+223+223+1+1+2+9+221;2+80+67+26+39+7
6;02;1500;010;701+0+249+249+0+0+0+0+249;2+108+83+22+16+18
6;02;1500;011;304+4+166+166+1+0+1+9+165;1+45+18+14+80+7
6;02;1500;012;743+0+259+259+0+0+0+7+259;2+127+52+6+70+2
6;02;1500;013;887+2+307+307+0+1+1+0+306;3+136+74+6+82+5
6;02;1500;014;793+0+302+302+0+2+2+12+300;8+50+55+13+163+11
6;02;1500;015;817+1+348+348+0+0+0+11+348;4+89+95+28+123+9
6;02;1500;016;318+1+128+128+1+0+1+3+127;4+41+29+4+45+4
6;02;1500;017;566+0+245+245+0+0+0+8+245;2+83+46+3+103+8
6;02;1500;018;704+0+281+281+0+0+0+4+281;4+101+64+10+96+6
6;02;1500;019;85+2+55+55+0+0+0+0+55;1+22+19+1+12+0
6;02;1500;020;44+1+31+31+0+0+0+0+31;1+7+6+1+15+1
6;02;1500;021;1023+0+352+352+0+0+0+17+352;5+102+74+42+123+6
6;02;1500;022;94+2+60+60+0+0+0+0+60;0+18+7+4+31+0
6;02;1500;023;699+0+321+321+2+0+2+3+319;0+161+77+14+64+3
6;02;1500;024;656+0+275+275+0+1+1+0+274;3+139+41+12+76+3
6;02;1500;025;710+2+292+292+0+0+0+8+292;4+61+60+23+142+2
6;02;1700;001;84+3+66+66+0+0+0+5+66;3+21+12+1+28+1
6;02;1700;002;926+2+263+263+1+0+1+13+262;2+75+62+16+103+4
6;02;1700;003;886+3+235+235+0+1+1+0+234;0+88+48+20+76+2
6;02;1700;004;795+7+299+299+0+3+3+15+296;2+63+48+24+148+11
6;02;1700;005;380+4+72+72+0+0+0+4+72;1+19+7+2+10+33
6;02;1700;006;642+5+266+266+0+0+0+14+266;2+65+28+8+161+2
6;02;1700;007;853+3+242+242+1+4+5+3+237;6+63+33+16+113+6
6;02;1700;008;566+4+153+153+0+0+0+0+153;9+8+7+1+8+120
6;02;1700;009;365+5+210+210+0+1+1+24+209;3+32+13+5+12+144
6;02;1700;010;296+5+130+130+1+1+2+4+128;0+43+43+9+31+2
6;02;1700;011;861+2+270+270+0+2+2+0+268;9+62+37+18+139+3
6;02;1700;012;639+3+258+258+0+2+2+0+256;4+79+31+15+119+8
6;02;1700;013;611+7+217+217+0+0+0+0+217;3+73+51+8+80+2
6;02;1700;014;171+3+98+98+1+1+2+0+96;2+19+7+6+10+52
6;02;1700;015;279+2+120+120+0+0+0+0+120;4+14+19+4+77+2
6;02;1700;016;126+3+66+66+1+0+1+1+65;1+23+8+1+32+0
6;02;1700;017;290+5+143+143+0+1+1+3+142;5+23+24+6+82+2
6;02;1700;018;682+0+316+316+0+0+0+14+316;1+130+74+13+94+4
6;02;1700;019;430+0+203+203+0+0+0+11+203;2+77+37+2+77+8
6;02;1700;020;552+0+215+215+0+0+0+11+215;0+94+55+8+56+2
6;02;1700;021;483+0+197+197+1+0+1+9+196;0+103+33+3+56+1
6;02;1700;022;524+2+283+283+0+0+0+12+283;1+145+56+5+62+14
6;02;1700;023;532+0+259+259+0+0+0+13+259;1+109+58+4+81+6
6;02;1700;024;582+1+262+262+2+1+3+9+259;3+120+56+6+71+3
6;02;1700;025;756+1+371+371+2+0+2+7+369;1+160+75+4+119+10
6;02;1700;026;609+1+242+242+1+0+1+14+241;2+101+56+9+65+8
6;02;1700;027;240+0+129+129+0+0+0+11+129;0+70+30+2+26+1
6;02;1700;028;515+0+235+235+1+0+1+0+234;1+86+62+5+76+4
6;02;1700;029;728+1+289+289+1+0+1+7+288;1+80+69+19+113+6
6;02;1700;030;480+1+204+204+0+0+0+9+204;6+58+44+9+77+10
6;02;1700;031;575+1+255+255+0+0+0+13+255;0+74+57+7+114+3
6;02;1700;032;596+2+137+137+0+0+0+13+137;6+18+32+14+61+6
6;02;1700;033;436+0+205+205+0+0+0+8+205;1+56+49+7+79+13
6;02;1700;034;646+2+244+244+0+3+3+8+241;13+52+50+16+80+30
6;02;1700;035;869+7+273+273+0+0+0+0+273;4+54+15+7+90+103
6;02;1700;036;430+0+172+172+0+0+0+0+172;2+68+41+5+48+8
6;02;1700;037;549+2+222+222+0+0+0+0+222;4+79+57+13+63+6
6;02;1700;038;511+0+155+155+0+0+0+6+155;0+66+33+6+42+8
6;02;1700;039;587+3+206+206+1+1+2+9+204;0+56+65+10+67+6
6;02;1700;040;691+0+168+168+0+1+1+0+167;3+27+27+4+82+24
6;02;1700;041;130+7+63+63+0+0+0+0+63;0+22+17+3+20+1
6;02;1700;042;63+5+45+45+0+0+0+0+45;1+8+6+0+27+3
6;02;1800;001;535+0+173+173+0+2+2+13+171;9+28+44+35+24+31
6;02;1800;002;446+0+103+103+0+1+1+5+102;1+11+18+3+18+51
6;02;1800;003;532+0+199+199+2+1+3+13+196;3+24+45+34+47+43
6;02;1800;004;561+0+233+233+0+5+5+2+228;11+69+12+4+37+95
6;02;1800;005;224+0+112+112+0+0+0+0+112;1+15+28+1+5+62
6;02;1800;006;611+0+310+310+0+2+2+5+308;9+31+28+9+142+89
6;02;1800;007;612+0+302+302+0+1+1+0+301;2+30+16+6+5+242
6;02;1800;008;470+1+260+260+0+1+1+0+259;5+42+13+7+9+183
6;02;1800;009;310+0+146+146+0+0+0+0+146;5+18+8+0+4+111
6;02;1800;010;238+0+123+123+0+1+1+0+122;3+18+3+1+5+92
6;02;1800;011;579+1+226+226+1+1+2+17+224;4+23+16+10+83+88
6;02;1800;012;419+3+283+283+4+0+4+0+279;3+26+14+4+16+216
6;02;1800;013;844+0+517+517+0+0+0+0+517;5+27+37+7+10+431
6;02;1800;015;197+0+100+100+3+3+6+8+94;3+10+11+2+5+63
6;02;1800;016;469+0+232+232+0+2+2+8+230;6+62+10+9+8+135
6;02;1800;017;368+1+184+184+2+1+3+4+181;4+28+12+2+5+130
6;02;1800;018;602+0+307+307+1+0+1+19+306;5+40+32+7+172+50
6;02;1800;019;555+0+196+196+0+2+2+10+194;9+35+14+4+55+77
6;02;1800;020;371+1+178+178+2+1+3+10+175;5+27+7+4+61+71
6;02;1800;021;383+0+206+206+1+0+1+0+205;9+9+10+5+55+117
6;02;1800;022;619+0+228+228+0+2+2+10+226;11+49+16+8+16+126
6;02;1800;023;671+0+243+243+4+1+5+4+238;3+42+18+5+27+143
6;02;1800;024;271+0+138+138+0+0+0+0+138;1+20+8+1+4+104
6;02;1800;025;335+0+122+122+0+0+0+0+122;0+9+11+8+29+65
6;02;1800;026;326+0+200+200+0+0+0+0+200;2+11+3+2+16+166
6;02;1800;027;543+1+245+245+0+1+1+12+244;6+46+33+8+111+40
6;02;1800;028;609+0+233+233+0+1+1+6+232;9+41+30+5+124+23
6;02;1800;029;641+0+200+200+0+2+2+0+198;2+40+9+7+36+104
6;02;1800;030;643+0+289+289+3+0+3+16+286;17+37+20+4+5+203
6;02;1800;031;305+1+220+220+0+0+0+0+220;3+19+4+1+7+186
6;02;1800;032;188+0+115+115+0+0+0+0+115;0+3+2+1+2+107
6;02;1800;033;388+1+183+183+2+1+3+0+180;8+28+26+9+16+93
6;02;1800;034;507+0+172+172+0+1+1+10+171;1+28+18+16+56+52
6;02;1800;035;320+0+110+110+3+2+5+4+105;2+40+15+6+20+22
6;02;1800;036;296+0+152+152+0+1+1+7+151;7+9+7+3+14+111
6;02;1800;037;517+0+155+155+2+1+3+0+152;1+37+19+5+38+52
6;02;1800;038;334+0+190+190+2+0+2+0+188;6+21+14+11+21+115
6;02;1800;039;807+1+440+440+1+2+3+0+437;9+32+48+10+13+325
6;02;1800;041;571+0+190+190+0+0+0+12+190;3+38+39+6+24+80
6;02;1800;042;292+0+182+182+0+0+0+0+182;4+6+0+0+1+171
6;02;1800;043;545+1+292+292+0+0+0+0+292;2+7+5+2+1+275
6;02;1800;044;318+0+97+97+0+0+0+0+97;3+12+6+2+21+53
6;02;1800;045;398+0+136+136+0+1+1+2+135;2+17+13+4+21+78
6;02;1800;046;655+2+231+231+1+1+2+0+229;4+68+33+4+26+94
6;02;1800;047;448+0+141+141+0+0+0+0+141;2+49+6+3+17+64
6;02;1800;048;615+1+212+212+0+2+2+0+210;5+90+54+7+17+37
6;02;1800;049;263+0+101+101+2+0+2+0+99;4+33+11+5+24+22
6;02;1800;051;832+0+310+310+2+2+4+0+306;20+72+22+17+53+122
6;02;1800;052;386+0+269+269+0+0+0+0+269;5+17+8+0+1+238
6;02;2100;001;609+0+304+304+1+0+1+15+303;0+114+72+13+92+12
6;02;2100;002;659+0+332+332+0+0+0+8+332;7+122+51+20+129+3
6;02;2100;003;718+1+306+306+0+0+0+0+306;2+123+93+9+76+3
6;02;2100;004;1034+2+411+411+0+0+0+11+411;5+151+97+6+146+6
6;02;2100;005;912+4+373+373+0+1+1+0+372;2+111+113+14+125+7
6;02;2100;006;202+0+97+97+0+0+0+1+97;1+34+22+8+30+2
6;02;2100;007;881+0+348+348+2+2+4+12+344;3+151+77+40+63+10
6;02;2100;009;492+0+288+288+0+0+0+6+288;4+57+72+25+125+5
6;02;2100;010;170+3+125+125+0+0+0+0+125;0+21+15+1+84+4
6;02;2100;011;200+0+115+115+1+0+1+6+114;2+14+7+6+85+0
6;02;2100;012;926+4+492+492+1+0+1+23+491;3+50+46+37+345+10
6;02;2100;014;517+2+265+265+1+0+1+12+264;2+53+68+16+124+1
6;02;2100;015;263+2+156+156+0+0+0+14+156;6+51+8+7+83+1
6;02;2100;016;634+3+264+264+0+2+2+0+262;6+92+30+20+108+6
6;02;2100;017;139+1+82+82+0+0+0+0+82;0+14+11+7+50+0
6;02;2100;018;395+3+182+182+0+0+0+10+182;3+53+24+9+88+5
6;02;2100;019;615+3+156+156+0+0+0+0+156;6+80+15+13+39+3
6;02;2100;020;631+0+256+256+0+0+0+0+256;3+79+51+33+87+3
6;02;2100;021;374+1+170+170+0+0+0+8+170;4+72+31+10+51+2
6;02;2100;022;893+4+368+368+0+0+0+12+368;2+145+110+12+88+11
6;02;2100;023;824+4+419+419+0+0+0+17+419;4+211+71+16+98+19
6;02;2300;001;636+1+241+241+0+0+0+10+241;1+42+62+5+129+2
6;02;2300;002;724+0+316+316+2+1+3+20+313;2+39+110+8+140+14
6;02;2300;003;676+0+263+263+0+0+0+9+263;3+57+74+10+108+11
6;02;2300;004;801+2+157+157+1+1+2+4+155;9+29+37+9+63+8
6;02;2300;005;129+1+73+73+0+0+0+0+73;0+19+7+1+44+2
6;02;2300;006;118+0+73+73+0+0+0+0+73;1+31+8+2+25+6
6;02;2300;007;131+1+94+94+0+2+2+1+92;0+29+4+5+54+0
6;02;2300;008;369+0+203+203+0+0+0+0+203;2+31+31+12+117+10
6;02;2300;009;177+0+127+127+0+0+0+7+127;1+14+17+1+94+0
6;02;2300;010;77+0+48+48+0+0+0+0+48;0+7+3+0+2+36
6;02;2300;011;280+0+171+171+0+0+0+0+171;1+35+31+18+79+7
6;02;2300;012;591+1+308+308+1+4+5+0+303;4+82+65+6+135+11
6;02;2300;013;55+0+43+43+0+0+0+0+43;1+7+1+1+31+2
6;02;2300;014;140+1+95+95+0+1+1+0+94;2+28+15+4+45+0
6;02;2300;015;154+0+98+98+0+2+2+0+96;1+18+16+5+55+1
6;02;2300;016;112+0+27+27+0+1+1+1+26;4+16+0+0+5+1
6;02;2300;017;280+3+152+152+1+2+3+0+149;4+66+9+5+62+3
6;02;2300;018;264+2+80+80+0+0+0+0+80;5+31+8+13+12+11
6;02;2300;019;406+1+196+196+0+0+0+0+196;2+51+26+7+107+3
6;02;2300;020;445+0+205+205+0+2+2+0+203;4+34+34+17+104+10
6;02;2300;021;524+0+205+205+1+0+1+0+204;1+53+18+7+39+86
6;02;2300;022;556+0+191+191+0+0+0+1+191;5+46+31+4+34+71
6;02;2300;023;234+2+125+125+0+0+0+0+125;0+33+13+11+68+0
6;02;2300;024;352+1+255+255+1+1+2+8+253;5+32+33+12+163+8
6;02;2300;025;334+1+193+193+1+0+1+9+192;0+31+19+7+132+3
6;02;2300;026;360+0+195+195+2+3+5+9+190;4+61+20+5+89+11
6;02;2300;027;263+1+139+139+0+0+0+3+139;2+41+16+5+64+11
6;02;2300;028;218+4+125+125+0+0+0+0+125;4+21+17+8+67+8
6;02;2300;029;664+1+390+390+1+2+3+14+387;7+113+70+28+151+18
6;02;2300;030;199+4+124+124+0+2+2+0+122;3+32+19+3+62+3
6;02;2300;031;688+0+160+160+0+1+1+2+159;8+49+22+8+47+25
6;02;2300;032;211+0+149+149+0+0+0+0+149;5+24+16+1+99+4
6;02;2300;033;404+3+244+244+0+1+1+0+243;3+51+30+7+146+6
6;02;2300;034;45+2+24+24+0+0+0+0+24;1+5+6+0+12+0
6;02;2300;035;407+0+194+194+1+0+1+0+193;7+59+11+15+97+4
6;02;2300;036;37+0+26+26+0+0+0+0+26;0+1+3+4+18+0
6;02;2700;001;791+0+348+348+0+1+1+9+347;5+106+117+10+103+6
6;02;2700;002;927+0+315+315+1+2+3+2+312;0+85+142+13+62+10
6;02;2700;003;502+0+195+195+0+1+1+9+194;1+58+84+9+38+4
6;02;2700;004;611+5+360+360+1+1+2+6+358;6+105+25+19+200+3
6;02;2700;005;97+0+61+61+0+0+0+4+61;2+17+17+6+18+1
6;02;2700;006;508+1+291+291+0+0+0+8+291;5+43+68+10+160+5
6;02;2700;007;37+0+20+20+0+0+0+1+20;3+3+0+2+11+1
6;02;2700;008;697+0+358+358+0+2+2+9+356;5+166+124+7+49+5
[END]

[AGGR]
02;6;   ;6+695+695+361653+937+147980+147984+247+308+555+3480+147429;1569+44730+31321+6033+52815+10961
[END]

