[INFO]
03;Ва░на;201
[END]

[IZB]
03;6;   ;;11.11.2001;1;6;625
[END]

[NM]
0301;011;▒. Ав░ен;00084;00
0301;012;▒. Бенков▒ки;03811;00
0301;013;▒. Близна╢и;04426;00
0301;014;▒. Бол┐░╢и;05311;00
0301;015;▒. Д║б░авино;24400;00
0301;016;▒. Доб░и дол;21419;00
0301;017;▒. Зд░аве╢;30627;00
0301;018;▒. Каза╕ка ░ека;35208;00
0301;019;▒. Ки▓ка;37068;00
0301;020;▒. К░│╕а;40066;00
0301;022;▒. П░и▒ел╢и;58445;00
0301;023;▒. Равна го░а;61128;00
0301;024;▒. Садово;65125;00
0301;025;▒. Синдел;66490;00
0301;026;▒. Т░║▒▓иково;73393;00
0301;027;▒. Ца░ев╢и;70220;00
0301;028;▒. Юнак;86057;00
0302;029;▒. Ак▒аково;00182;00
0302;030;▒. Бо▓ево;05829;00
0302;031;▒. Води╢а;11702;00
0302;032;▒. В║глен;12406;00
0302;033;▒. Гене░ал Кан▓а░джиево;14653;00
0302;034;▒. Доб░оглед;21587;00
0302;035;▒. Доли╣е;21988;00
0302;036;▒. За▒м┐но;30363;00
0302;037;▒. Зо░ни╢а;31334;00
0302;038;▒. Игна▓иево;32278;00
0302;039;▒. Изво░▒ко;32490;00
0302;040;▒. Ки╖ево;37099;00
0302;041;▒. Климен▓ово;37246;00
0302;042;▒. К░│мово;39983;00
0302;043;▒. К│маново;40590;00
0302;044;▒. Л╛бен Ка░авелово;44519;00
0302;045;▒. Новаково;51826;00
0302;046;▒. О░е╕ак;53691;00
0302;047;▒. О▒еново;54145;00
0302;048;▒. П░ипек;58373;00
0302;049;▒. Радево;61306;00
0302;050;▒. Сл║н╖ево;67489;00
0302;051;▒. Я░еби╖на;87518;00
0304;052;г░. Бело▒лав;03719;00
0304;053;▒. Езе░ово;27125;00
0304;054;▒. Разделна;61741;00
0304;055;▒. С▓░а╕ими░ово;69763;00
0305;057;г░. Б┐ла;07598;00
0305;058;▒. Го░и╢а;16078;00
0305;059;▒. Го▒подиново;17323;00
0305;060;▒. Д╛лино;24739;00
0305;061;▒. Попови╖;57635;00
0306;001;г░. Ва░на;10135;01
0306;001;г░. Ва░на;10135;02
0306;001;г░. Ва░на;10135;03
0306;001;г░. Ва░на;10135;04
0306;001;г░. Ва░на;10135;05
0306;006;▒. Звезди╢а;30497;00
0306;007;▒. Каза╕ко;35211;00
0306;008;▒. Камена░;35701;00
0306;009;▒. Кон▒▓ан▓иново;38354;00
0306;011;▒. Тополи;72709;00
0308;062;▒. Белог░аде╢;03602;00
0308;063;▒. Ве▓░ино;10865;00
0308;064;▒. Габ║░ни╢а;14252;00
0308;065;▒. Доб░оплодно;21645;00
0308;066;▒. Млада гва░ди┐;48653;00
0308;067;▒. Мом╖илово;49000;00
0308;068;▒. Нев╕а;51233;00
0308;069;▒. Нео┤и▓ Рил▒ки;51487;00
0308;070;▒. С░едно ▒ело;68480;00
0308;071;▒. Ягнило;87206;00
0309;072;▒. Бо┐на;05978;00
0309;073;▒. Б░е▒▓ак;06416;00
0309;074;г░. В║л╖идол;12574;00
0309;075;▒. Войводино;11836;00
0309;076;▒. Гене░ал Ки▒елово;14667;00
0309;077;▒. Гене░ал Колево;14670;00
0309;078;▒. Доб░о▓и╖;21717;00
0309;079;▒. Е▒ени╢а;27629;00
0309;080;▒. Зв║не╢;30555;00
0309;081;▒. Изво░ник;32442;00
0309;082;▒. И▒к║░;32860;00
0309;083;▒. Кало┐н;35506;00
0309;084;▒. Ка░амани▓е;36302;00
0309;085;▒. К░ак░а;39373;00
0309;086;▒. Ме▓ли╖ина;47874;00
0309;087;▒. Ми╡али╖;48524;00
0309;088;▒. Обо░и╣е;53093;00
0309;089;▒. Радан войвода;61265;00
0309;090;▒. С▓е┤ан Ка░аджа;69170;00
0309;091;▒. С▓░а╡ил;69701;00
0309;092;▒. Че░вен╢и;80529;00
0309;093;▒. Щип▒ко;84022;00
0313;096;▒. Б│лаи░;07034;00
0313;097;▒. Б║░да░ево;07394;00
0313;098;▒. Венелин;10611;00
0313;099;▒. Голи╢а;15597;00
0313;100;▒. Го░ен ╖и┤лик;16050;00
0313;101;▒. Г░озд╝ово;17912;00
0313;102;▒. Де▓елина;20701;00
0313;103;г░. Долни ╖и┤лик;21912;00
0313;104;▒. К░ивини;39801;00
0313;105;▒. Нова Шипка;51963;00
0313;106;▒. Ново О░┐╡ово;52115;00
0313;107;▒. П╖елник;58921;00
0313;108;▒. Р│дник;63197;00
0313;109;▒. Солник;68028;00
0313;110;▒. С▓а░о О░┐╡ово;68998;00
0313;111;▒. Шко░пилов╢и;83404;00
0313;112;▒. Юне╢;86088;00
0314;094;г░. Девн┐;20482;00
0314;095;▒. Кип░а;36868;00
0314;096;▒. Падина;55110;00
0316;113;▒. А░ковна;00624;00
0316;114;▒. А▒па░│╡ово;00789;00
0316;115;▒. Бо░┐на;05699;00
0316;116;▒. Вели╖ково;10495;00
0316;117;г░. Д║лгопол;24565;00
0316;118;▒. Камен д┐л;35777;00
0316;119;▒. Ком│на░и;38162;00
0316;120;▒. К░а▒ими░;39551;00
0316;121;▒. Лоп│╕на;44294;00
0316;122;▒. Медове╢;47620;00
0316;123;▒. Па░▓изани;55470;00
0316;124;▒. Пол┐╢и▓е;57457;00
0316;125;▒. Ро┐к;63135;00
0316;126;▒. Сава;65019;00
0316;127;▒. Сладка вода;67129;00
0316;128;▒. Цонево;78519;00
0324;129;▒. Бл║▒ково;04457;00
0324;130;▒. Бозвелий▒ко;05102;00
0324;131;▒. Б║░зи╢а;07507;00
0324;132;▒. Вен╖ан;10663;00
0324;133;▒. Г░адина░ово;17508;00
0324;134;▒. Доб░ина;21484;00
0324;135;▒. Жи▓ни╢а;29458;00
0324;136;▒. Зла▓ина;31005;00
0324;137;▒. Ки▓ен;37037;00
0324;138;▒. Кома░ево;38114;00
0324;139;▒. К░ивн┐;39829;00
0324;140;▒. Мана▒▓и░;46975;00
0324;141;▒. Неново;51456;00
0324;142;▒. Ов╖ага;53182;00
0324;143;▒. Пе▓░ов дол;56143;00
0324;144;г░. П░овади┐;58503;00
0324;145;▒. Равна;61073;00
0324;146;▒. Славейково;66963;00
0324;147;▒. Снежина;67739;00
0324;148;▒. С▓а░о▒еле╢;69020;00
0324;149;▒. Т│▓░акан╢и;73506;00
0324;150;▒. Х░аб░ово;77387;00
0324;151;▒. Чайка;80073;00
0324;152;▒. Че░ковна;80710;00
0324;153;▒. Че░ноок;81195;00
0326;154;▒. Баново;02662;00
0326;155;▒. Д░║нда░;23858;00
0326;156;▒. Изг░ев;32528;00
0326;157;▒. Калиман╢и;35376;00
0326;158;▒. Лев▒ки;43222;00
0326;159;▒. Николаевка;51584;00
0326;160;▒. П░о▒е╖ен;58654;00
0326;161;г░. С│во░ово;70175;00
0326;162;▒. Че░нево;80861;00
[END]

[SEC]
03;0100;001;6;011
03;0100;002;6;011
03;0100;003;6;012
03;0100;004;6;013
03;0100;005;6;014
03;0100;006;6;015
03;0100;007;6;015
03;0100;008;6;016
03;0100;009;6;017
03;0100;010;6;018
03;0100;011;6;019
03;0100;012;6;020
03;0100;013;6;022
03;0100;014;6;023
03;0100;015;6;024
03;0100;016;6;025
03;0100;017;6;025
03;0100;018;6;026
03;0100;019;6;027
03;0100;020;6;028
03;0200;001;6;029
03;0200;002;6;029
03;0200;003;6;029
03;0200;004;6;029
03;0200;005;6;029
03;0200;006;6;029
03;0200;007;6;029
03;0200;008;6;039
03;0200;009;6;032
03;0200;010;6;051
03;0200;011;6;037
03;0200;012;6;038
03;0200;013;6;038
03;0200;014;6;038
03;0200;015;6;038
03;0200;016;6;038
03;0200;017;6;050
03;0200;018;6;030
03;0200;019;6;040
03;0200;020;6;043
03;0200;021;6;046
03;0200;022;6;035
03;0200;023;6;045
03;0200;024;6;041
03;0200;025;6;033
03;0200;026;6;047
03;0200;027;6;031
03;0200;028;6;036
03;0200;029;6;042
03;0200;030;6;049
03;0200;031;6;044
03;0200;032;6;034
03;0200;033;6;048
03;0400;001;6;052
03;0400;002;6;052
03;0400;003;6;052
03;0400;004;6;052
03;0400;005;6;052
03;0400;006;6;052
03;0400;007;6;052
03;0400;008;6;052
03;0400;009;6;052
03;0400;010;6;052
03;0400;011;6;054
03;0400;012;6;055
03;0400;013;6;053
03;0400;014;6;053
03;0500;001;6;057
03;0500;002;6;057
03;0500;003;6;058
03;0500;004;6;059
03;0500;005;6;060
03;0500;006;6;061
03;0600;364;6;011
03;0600;365;6;011
03;0600;366;6;011
03;0600;367;6;011
03;0600;368;6;007
03;0600;369;6;008
03;0600;370;6;008
03;0600;371;6;006
03;0600;372;6;009
03;0601;001;6;001
03;0601;002;6;001
03;0601;003;6;001
03;0601;004;6;001
03;0601;005;6;001
03;0601;006;6;001
03;0601;007;6;001
03;0601;008;6;001
03;0601;009;6;001
03;0601;010;6;001
03;0601;011;6;001
03;0601;012;6;001
03;0601;013;6;001
03;0601;014;6;001
03;0601;015;6;001
03;0601;016;6;001
03;0601;017;6;001
03;0601;018;6;001
03;0601;019;6;001
03;0601;020;6;001
03;0601;021;6;001
03;0601;022;6;001
03;0601;023;6;001
03;0601;024;6;001
03;0601;025;6;001
03;0601;026;6;001
03;0601;027;6;001
03;0601;028;6;001
03;0601;029;6;001
03;0601;030;6;001
03;0601;031;6;001
03;0601;032;6;001
03;0601;033;6;001
03;0601;034;6;001
03;0601;035;6;001
03;0601;036;6;001
03;0601;037;6;001
03;0601;038;6;001
03;0601;039;6;001
03;0601;040;6;001
03;0601;041;6;001
03;0601;042;6;001
03;0601;043;6;001
03;0601;044;6;001
03;0601;045;6;001
03;0601;046;6;001
03;0601;047;6;001
03;0601;048;6;001
03;0601;049;6;001
03;0601;050;6;001
03;0601;051;6;001
03;0601;052;6;001
03;0601;053;6;001
03;0601;054;6;001
03;0601;055;6;001
03;0601;056;6;001
03;0601;057;6;001
03;0601;058;6;001
03;0601;059;6;001
03;0601;060;6;001
03;0601;061;6;001
03;0601;062;6;001
03;0601;063;6;001
03;0601;064;6;001
03;0601;065;6;001
03;0601;066;6;001
03;0601;067;6;001
03;0601;068;6;001
03;0601;069;6;001
03;0601;070;6;001
03;0601;071;6;001
03;0601;072;6;001
03;0601;073;6;001
03;0601;074;6;001
03;0601;075;6;001
03;0601;076;6;001
03;0601;077;6;001
03;0601;078;6;001
03;0601;079;6;001
03;0601;080;6;001
03;0601;081;6;001
03;0601;082;6;001
03;0601;083;6;001
03;0602;084;6;001
03;0602;085;6;001
03;0602;086;6;001
03;0602;087;6;001
03;0602;088;6;001
03;0602;089;6;001
03;0602;090;6;001
03;0602;091;6;001
03;0602;092;6;001
03;0602;093;6;001
03;0602;094;6;001
03;0602;095;6;001
03;0602;096;6;001
03;0602;097;6;001
03;0602;098;6;001
03;0602;099;6;001
03;0602;100;6;001
03;0602;101;6;001
03;0602;102;6;001
03;0602;103;6;001
03;0602;104;6;001
03;0602;105;6;001
03;0602;106;6;001
03;0602;107;6;001
03;0602;108;6;001
03;0602;109;6;001
03;0602;110;6;001
03;0602;111;6;001
03;0602;112;6;001
03;0602;113;6;001
03;0602;114;6;001
03;0602;115;6;001
03;0602;116;6;001
03;0602;117;6;001
03;0602;118;6;001
03;0602;119;6;001
03;0602;120;6;001
03;0602;121;6;001
03;0602;122;6;001
03;0602;123;6;001
03;0602;124;6;001
03;0602;125;6;001
03;0602;126;6;001
03;0602;127;6;001
03;0602;128;6;001
03;0602;129;6;001
03;0602;130;6;001
03;0602;131;6;001
03;0602;132;6;001
03;0602;133;6;001
03;0602;134;6;001
03;0602;135;6;001
03;0602;136;6;001
03;0602;137;6;001
03;0602;138;6;001
03;0602;139;6;001
03;0602;140;6;001
03;0602;141;6;001
03;0602;142;6;001
03;0602;143;6;001
03;0602;144;6;001
03;0602;145;6;001
03;0602;146;6;001
03;0602;147;6;001
03;0602;148;6;001
03;0602;149;6;001
03;0602;150;6;001
03;0602;151;6;001
03;0602;152;6;001
03;0602;153;6;001
03;0602;154;6;001
03;0602;155;6;001
03;0602;156;6;001
03;0602;157;6;001
03;0602;158;6;001
03;0602;159;6;001
03;0602;160;6;001
03;0602;161;6;001
03;0602;162;6;001
03;0602;163;6;001
03;0602;164;6;001
03;0602;165;6;001
03;0602;166;6;001
03;0602;167;6;001
03;0602;168;6;001
03;0602;169;6;001
03;0602;170;6;001
03;0602;171;6;001
03;0602;172;6;001
03;0602;173;6;001
03;0602;174;6;001
03;0602;175;6;001
03;0602;176;6;001
03;0602;177;6;001
03;0602;178;6;001
03;0602;373;6;001
03;0602;374;6;001
03;0602;375;6;001
03;0602;376;6;001
03;0602;379;6;001
03;0602;400;6;001
03;0602;401;6;001
03;0602;402;6;001
03;0602;403;6;001
03;0603;179;6;001
03;0603;180;6;001
03;0603;181;6;001
03;0603;182;6;001
03;0603;183;6;001
03;0603;184;6;001
03;0603;185;6;001
03;0603;186;6;001
03;0603;187;6;001
03;0603;188;6;001
03;0603;189;6;001
03;0603;190;6;001
03;0603;191;6;001
03;0603;192;6;001
03;0603;193;6;001
03;0603;194;6;001
03;0603;195;6;001
03;0603;196;6;001
03;0603;197;6;001
03;0603;198;6;001
03;0603;199;6;001
03;0603;200;6;001
03;0603;201;6;001
03;0603;202;6;001
03;0603;203;6;001
03;0603;204;6;001
03;0603;205;6;001
03;0603;206;6;001
03;0603;207;6;001
03;0603;208;6;001
03;0603;209;6;001
03;0603;210;6;001
03;0603;211;6;001
03;0603;212;6;001
03;0603;213;6;001
03;0603;214;6;001
03;0603;215;6;001
03;0603;216;6;001
03;0603;217;6;001
03;0603;218;6;001
03;0603;219;6;001
03;0603;220;6;001
03;0603;221;6;001
03;0603;222;6;001
03;0603;223;6;001
03;0603;224;6;001
03;0603;225;6;001
03;0603;226;6;001
03;0603;227;6;001
03;0603;228;6;001
03;0603;229;6;001
03;0603;230;6;001
03;0603;231;6;001
03;0603;232;6;001
03;0603;233;6;001
03;0603;234;6;001
03;0603;235;6;001
03;0603;236;6;001
03;0603;237;6;001
03;0603;238;6;001
03;0603;239;6;001
03;0603;240;6;001
03;0603;241;6;001
03;0603;242;6;001
03;0603;243;6;001
03;0603;244;6;001
03;0603;245;6;001
03;0603;246;6;001
03;0603;247;6;001
03;0603;248;6;001
03;0603;249;6;001
03;0603;250;6;001
03;0603;251;6;001
03;0603;252;6;001
03;0603;253;6;001
03;0603;254;6;001
03;0603;255;6;001
03;0603;256;6;001
03;0603;257;6;001
03;0603;258;6;001
03;0603;259;6;001
03;0603;260;6;001
03;0603;261;6;001
03;0603;262;6;001
03;0603;263;6;001
03;0603;264;6;001
03;0603;265;6;001
03;0603;266;6;001
03;0603;267;6;001
03;0603;268;6;001
03;0603;269;6;001
03;0603;270;6;001
03;0603;271;6;001
03;0603;272;6;001
03;0603;273;6;001
03;0603;274;6;001
03;0603;275;6;001
03;0603;276;6;001
03;0603;277;6;001
03;0603;380;6;001
03;0603;381;6;001
03;0604;278;6;001
03;0604;279;6;001
03;0604;280;6;001
03;0604;281;6;001
03;0604;282;6;001
03;0604;283;6;001
03;0604;284;6;001
03;0604;285;6;001
03;0604;286;6;001
03;0604;287;6;001
03;0604;288;6;001
03;0604;289;6;001
03;0604;290;6;001
03;0604;291;6;001
03;0604;292;6;001
03;0604;293;6;001
03;0604;294;6;001
03;0604;295;6;001
03;0604;296;6;001
03;0604;297;6;001
03;0604;298;6;001
03;0604;299;6;001
03;0604;300;6;001
03;0604;301;6;001
03;0604;302;6;001
03;0604;303;6;001
03;0604;304;6;001
03;0604;305;6;001
03;0604;306;6;001
03;0604;307;6;001
03;0604;308;6;001
03;0604;309;6;001
03;0604;310;6;001
03;0604;311;6;001
03;0604;312;6;001
03;0604;313;6;001
03;0604;314;6;001
03;0604;315;6;001
03;0604;316;6;001
03;0604;317;6;001
03;0604;318;6;001
03;0604;319;6;001
03;0604;320;6;001
03;0604;321;6;001
03;0604;322;6;001
03;0604;323;6;001
03;0604;324;6;001
03;0604;325;6;001
03;0604;326;6;001
03;0604;327;6;001
03;0604;328;6;001
03;0604;329;6;001
03;0604;330;6;001
03;0604;331;6;001
03;0604;332;6;001
03;0604;333;6;001
03;0604;334;6;001
03;0604;335;6;001
03;0604;336;6;001
03;0604;337;6;001
03;0604;338;6;001
03;0605;339;6;001
03;0605;340;6;001
03;0605;341;6;001
03;0605;342;6;001
03;0605;343;6;001
03;0605;344;6;001
03;0605;345;6;001
03;0605;346;6;001
03;0605;347;6;001
03;0605;348;6;001
03;0605;349;6;001
03;0605;350;6;001
03;0605;351;6;001
03;0605;352;6;001
03;0605;353;6;001
03;0605;354;6;001
03;0605;355;6;001
03;0605;356;6;001
03;0605;357;6;001
03;0605;358;6;001
03;0605;359;6;001
03;0605;360;6;001
03;0605;361;6;001
03;0605;362;6;001
03;0605;363;6;001
03;0800;001;6;069
03;0800;002;6;064
03;0800;003;6;066
03;0800;004;6;068
03;0800;005;6;062
03;0800;006;6;062
03;0800;007;6;071
03;0800;008;6;065
03;0800;009;6;065
03;0800;010;6;067
03;0800;011;6;070
03;0800;012;6;063
03;0800;013;6;063
03;0900;001;6;074
03;0900;002;6;074
03;0900;003;6;074
03;0900;004;6;074
03;0900;005;6;075
03;0900;006;6;093
03;0900;007;6;073
03;0900;008;6;073
03;0900;009;6;086
03;0900;010;6;083
03;0900;011;6;079
03;0900;012;6;087
03;0900;013;6;085
03;0900;014;6;078
03;0900;015;6;082
03;0900;016;6;088
03;0900;017;6;072
03;0900;018;6;076
03;0900;019;6;080
03;0900;020;6;091
03;0900;021;6;090
03;0900;022;6;077
03;0900;023;6;081
03;0900;024;6;089
03;0900;025;6;092
03;0900;026;6;084
03;1300;001;6;103
03;1300;002;6;103
03;1300;003;6;103
03;1300;004;6;103
03;1300;005;6;103
03;1300;006;6;103
03;1300;007;6;103
03;1300;008;6;107
03;1300;009;6;107
03;1300;010;6;098
03;1300;011;6;100
03;1300;012;6;100
03;1300;013;6;101
03;1300;014;6;101
03;1300;015;6;101
03;1300;016;6;105
03;1300;017;6;104
03;1300;018;6;109
03;1300;019;6;097
03;1300;020;6;099
03;1300;021;6;096
03;1300;022;6;102
03;1300;023;6;110
03;1300;024;6;110
03;1300;025;6;110
03;1300;026;6;106
03;1300;027;6;111
03;1300;028;6;108
03;1300;029;6;112
03;1400;001;6;094
03;1400;002;6;094
03;1400;003;6;094
03;1400;004;6;094
03;1400;005;6;094
03;1400;006;6;094
03;1400;007;6;094
03;1400;008;6;094
03;1400;009;6;094
03;1400;010;6;094
03;1400;011;6;095
03;1400;012;6;096
03;1600;001;6;117
03;1600;002;6;117
03;1600;003;6;117
03;1600;004;6;117
03;1600;005;6;117
03;1600;006;6;117
03;1600;007;6;117
03;1600;008;6;114
03;1600;009;6;115
03;1600;010;6;126
03;1600;011;6;125
03;1600;012;6;118
03;1600;013;6;120
03;1600;014;6;127
03;1600;015;6;119
03;1600;016;6;123
03;1600;017;6;123
03;1600;018;6;113
03;1600;019;6;121
03;1600;020;6;121
03;1600;021;6;122
03;1600;022;6;122
03;1600;023;6;124
03;1600;024;6;128
03;1600;025;6;128
03;1600;026;6;128
03;1600;027;6;128
03;1600;028;6;116
03;2400;001;6;144
03;2400;002;6;144
03;2400;003;6;144
03;2400;004;6;144
03;2400;005;6;144
03;2400;006;6;144
03;2400;007;6;144
03;2400;008;6;144
03;2400;009;6;144
03;2400;010;6;144
03;2400;011;6;144
03;2400;012;6;144
03;2400;013;6;144
03;2400;014;6;144
03;2400;015;6;144
03;2400;016;6;144
03;2400;017;6;144
03;2400;018;6;144
03;2400;019;6;144
03;2400;020;6;144
03;2400;021;6;144
03;2400;024;6;130
03;2400;025;6;130
03;2400;026;6;131
03;2400;027;6;149
03;2400;028;6;151
03;2400;029;6;152
03;2400;030;6;142
03;2400;031;6;145
03;2400;032;6;139
03;2400;033;6;141
03;2400;034;6;133
03;2400;035;6;146
03;2400;036;6;147
03;2400;037;6;153
03;2400;038;6;129
03;2400;039;6;129
03;2400;040;6;137
03;2400;041;6;150
03;2400;042;6;138
03;2400;043;6;135
03;2400;044;6;140
03;2400;045;6;134
03;2400;046;6;136
03;2400;047;6;132
03;2400;048;6;143
03;2400;049;6;148
03;2600;001;6;161
03;2600;002;6;161
03;2600;003;6;161
03;2600;004;6;161
03;2600;005;6;161
03;2600;006;6;162
03;2600;007;6;162
03;2600;008;6;160
03;2600;009;6;158
03;2600;010;6;154
03;2600;011;6;157
03;2600;012;6;156
03;2600;013;6;159
03;2600;014;6;155
[END]

[MAJ]
03;6;   ;01;;;Пе▓║░ Ки░илов Бе░он и С▓о┐н В║л╖ев Анд░еев;, ;ПКБ+СВА;1687;0;1
03;6;   ;02;;;Пе▓║░ С▓е┤анов С▓о┐нов и Нели Пе▓░ова К│╢кова;, ;ПСС+НПК;64733;2;2
03;6;   ;03;;;Богомил Ангелов Бонев и А▓ана▒ Иванов Желез╖ев;, ;БАБ+АИЖ;36226;0;3
03;6;   ;04;;;Жо░ж Ган╖ев Ган╖ев и Ве▒елин С▓о┐нов Бон╖ев;, ;ЖГГ+ВСБ;6510;0;4
03;6;   ;05;;;Гео░ги Седе┤╖ов П║░ванов и Ангел Иванов Ма░ин;, ;ГСП+АИМ;50560;2;5
03;6;   ;06;;;Рене▓а Иванова Инджова и К░║▒▓╛ Николов Илов;, ;РИИ+КНИ;7065;0;6
[END]

[PROP]
[END]

[LISTI]
[END]

[PROT]
6;03;0100;001;290+3+146+146+1+1+2+2+144;0+51+23+8+61+1
6;03;0100;002;406+2+221+221+0+0+0+9+221;3+84+26+3+100+5
6;03;0100;003;370+2+188+188+0+0+0+4+188;4+73+24+5+75+7
6;03;0100;004;548+0+302+302+1+0+1+18+301;5+136+50+14+83+13
6;03;0100;005;119+0+86+86+0+3+3+4+83;0+25+26+6+24+2
6;03;0100;006;398+4+219+219+1+1+2+8+217;3+30+61+7+113+3
6;03;0100;007;565+0+157+157+0+0+0+0+157;8+43+10+11+71+14
6;03;0100;008;24+2+22+22+0+0+0+0+22;0+13+3+0+6+0
6;03;0100;009;207+5+135+135+0+0+0+6+135;3+31+26+10+63+2
6;03;0100;010;230+3+117+117+2+0+2+1+115;2+21+26+5+60+1
6;03;0100;011;189+1+131+131+1+1+2+3+129;1+41+12+4+71+0
6;03;0100;012;63+1+48+48+0+0+0+1+48;0+15+4+1+26+2
6;03;0100;013;744+1+362+362+5+1+6+14+356;7+189+51+8+92+9
6;03;0100;014;113+4+75+75+0+0+0+3+75;1+29+13+3+24+5
6;03;0100;015;259+4+153+153+0+1+1+10+152;4+59+14+8+58+9
6;03;0100;016;416+0+262+262+1+1+2+10+260;3+55+53+20+120+9
6;03;0100;017;377+0+112+112+1+2+3+2+109;7+38+17+12+35+0
6;03;0100;018;475+1+227+227+0+1+1+8+226;4+49+64+18+83+8
6;03;0100;019;644+2+317+317+0+1+1+29+316;1+89+72+18+118+18
6;03;0100;020;105+0+55+55+0+1+1+3+54;0+28+4+2+19+1
6;03;0200;001;691+0+342+342+13+0+13+7+329;2+137+72+17+90+11
6;03;0200;002;862+0+366+366+0+0+0+2+366;3+145+70+10+128+10
6;03;0200;003;877+0+430+430+0+0+0+12+430;6+169+101+19+124+11
6;03;0200;004;880+0+376+376+1+1+2+14+374;1+151+122+4+91+5
6;03;0200;005;811+0+303+303+0+0+0+0+303;2+113+60+13+104+11
6;03;0200;006;668+0+299+299+1+0+1+2+298;5+96+83+13+98+3
6;03;0200;007;895+0+337+337+0+0+0+13+337;0+124+102+22+77+12
6;03;0200;008;491+3+225+225+0+1+1+7+224;0+118+28+14+60+4
6;03;0200;009;631+5+264+264+0+7+7+0+257;10+91+40+26+77+13
6;03;0200;010;72+4+47+47+0+0+0+0+47;1+17+10+1+17+1
6;03;0200;011;91+2+64+64+0+0+0+1+64;2+30+8+3+20+1
6;03;0200;012;549+3+222+222+0+0+0+0+222;1+69+34+16+100+2
6;03;0200;013;548+3+167+167+0+0+0+0+167;2+47+26+8+82+2
6;03;0200;014;558+2+197+197+1+0+1+0+196;0+84+31+7+66+8
6;03;0200;015;634+4+179+179+0+1+1+4+178;2+57+26+7+81+5
6;03;0200;016;524+3+105+105+0+2+2+0+103;0+26+8+9+56+4
6;03;0200;017;528+2+242+242+0+2+2+8+240;1+91+62+16+66+4
6;03;0200;018;210+4+127+127+0+0+0+0+127;2+42+21+6+55+1
6;03;0200;019;702+0+364+364+0+2+2+17+362;3+118+101+28+103+9
6;03;0200;020;155+5+112+112+0+0+0+0+112;2+39+18+4+47+2
6;03;0200;021;161+5+107+107+1+0+1+5+106;2+44+19+1+36+4
6;03;0200;022;229+2+169+169+0+0+0+2+169;3+37+54+7+67+1
6;03;0200;023;40+3+43+43+1+0+1+2+42;1+9+13+2+17+0
6;03;0200;024;176+2+114+114+0+0+0+0+114;3+55+17+4+32+3
6;03;0200;025;436+2+221+221+0+2+2+0+219;3+92+37+11+74+2
6;03;0200;026;234+1+142+142+0+2+2+2+140;3+51+35+4+40+7
6;03;0200;027;181+2+107+107+0+0+0+2+107;1+34+7+0+62+3
6;03;0200;028;119+4+62+62+0+1+1+0+61;1+24+8+3+24+1
6;03;0200;029;172+4+114+114+1+0+1+0+113;0+42+19+4+46+2
6;03;0200;030;56+2+32+32+0+0+0+0+32;1+15+5+0+11+0
6;03;0200;031;869+6+404+404+1+3+4+24+400;7+142+46+43+153+9
6;03;0200;032;28+4+32+32+0+1+1+2+31;0+8+6+1+15+1
6;03;0200;033;46+2+37+37+0+0+0+0+37;0+12+8+3+14+0
6;03;0400;001;735+2+271+271+1+2+3+5+268;9+98+18+35+99+9
6;03;0400;002;766+1+302+302+0+1+1+28+301;1+92+56+27+113+12
6;03;0400;003;858+1+351+351+1+0+1+27+350;7+136+50+12+135+10
6;03;0400;004;834+1+323+323+1+0+1+10+322;2+123+65+15+113+4
6;03;0400;005;651+1+306+306+0+0+0+21+306;2+133+56+14+91+10
6;03;0400;006;570+1+248+248+0+0+0+0+248;2+112+35+13+84+2
6;03;0400;007;666+1+314+314+0+1+1+0+313;2+130+54+16+100+11
6;03;0400;008;578+1+195+195+0+0+0+0+195;1+67+53+19+42+13
6;03;0400;009;469+0+139+139+0+0+0+0+139;3+60+15+14+42+5
6;03;0400;010;504+0+234+234+0+0+0+0+234;5+84+33+14+91+7
6;03;0400;011;411+2+244+244+0+0+0+10+244;10+75+49+13+91+6
6;03;0400;012;690+1+346+346+0+1+1+19+345;4+104+72+32+118+15
6;03;0400;013;578+2+224+224+0+1+1+1+223;2+112+38+9+48+14
6;03;0400;014;683+4+278+278+1+1+2+5+276;3+72+65+16+66+54
6;03;0500;001;952+0+408+408+0+2+2+18+406;2+117+93+20+167+7
6;03;0500;002;869+1+317+317+0+0+0+0+317;2+91+103+8+105+8
6;03;0500;003;97+4+60+60+0+0+0+0+60;0+20+20+1+14+5
6;03;0500;004;347+2+174+174+0+1+1+19+173;5+23+60+10+46+29
6;03;0500;005;226+4+136+136+0+1+1+0+135;3+42+22+5+59+4
6;03;0500;006;283+4+69+69+0+1+1+0+68;2+26+9+2+28+1
6;03;0600;364;608+0+324+324+0+1+1+13+323;0+139+44+28+104+8
6;03;0600;365;503+0+255+255+2+0+2+10+253;1+96+47+14+93+2
6;03;0600;366;615+0+302+302+1+1+2+0+300;1+91+69+20+111+8
6;03;0600;367;644+0+292+292+0+2+2+8+290;1+113+55+23+88+10
6;03;0600;368;306+2+157+157+0+3+3+6+154;3+58+57+15+15+6
6;03;0600;369;446+1+213+213+1+2+3+16+210;1+75+36+30+65+3
6;03;0600;370;851+0+218+218+0+5+5+12+213;12+146+14+5+26+10
6;03;0600;371;666+3+363+363+0+0+0+6+363;6+171+67+15+95+9
6;03;0600;372;892+0+332+332+0+0+0+12+332;2+122+56+32+108+12
6;03;0601;001;701+1+321+321+0+0+0+5+321;2+172+48+9+81+9
6;03;0601;002;862+0+444+444+4+0+4+43+440;2+233+69+10+111+15
6;03;0601;003;761+0+384+384+1+0+1+13+383;3+212+48+7+96+17
6;03;0601;004;936+1+430+430+0+0+0+12+430;1+228+74+9+108+10
6;03;0601;005;345+2+347+347+0+0+0+17+347;0+177+53+6+100+11
6;03;0601;006;664+1+331+331+3+1+4+28+327;5+194+52+6+65+5
6;03;0601;007;749+1+332+332+0+0+0+18+332;0+224+36+4+57+11
6;03;0601;008;671+3+288+288+1+0+1+19+287;0+149+48+8+76+6
6;03;0601;009;860+1+338+338+2+0+2+18+336;3+196+51+6+74+6
6;03;0601;010;712+0+312+312+0+0+0+16+312;3+190+46+2+66+5
6;03;0601;011;781+4+372+372+0+0+0+13+372;0+208+56+4+98+6
6;03;0601;012;364+3+367+367+2+0+2+15+365;3+196+65+9+84+8
6;03;0601;013;877+0+403+403+0+0+0+15+403;7+200+70+7+103+16
6;03;0601;014;819+0+360+360+0+0+0+10+360;0+203+50+13+87+7
6;03;0601;015;841+0+389+389+0+0+0+35+389;0+183+74+9+102+21
6;03;0601;016;339+2+325+325+0+0+0+0+325;3+150+73+7+73+19
6;03;0601;017;979+1+455+455+0+0+0+15+455;3+252+86+7+97+10
6;03;0601;018;946+1+389+389+0+1+1+9+388;1+211+74+13+77+12
6;03;0601;019;883+0+347+347+0+0+0+22+347;2+99+127+11+101+7
6;03;0601;020;599+1+291+291+0+0+0+0+291;2+106+83+4+84+12
6;03;0601;021;967+2+380+380+1+0+1+19+379;3+169+95+7+89+16
6;03;0601;022;770+1+343+343+1+0+1+0+342;4+137+69+6+113+13
6;03;0601;023;876+0+424+424+0+0+0+0+424;1+251+67+5+77+23
6;03;0601;024;948+0+447+447+1+0+1+24+446;4+201+91+10+132+8
6;03;0601;025;765+1+331+331+0+0+0+36+331;2+186+66+6+68+3
6;03;0601;026;613+0+267+267+0+0+0+17+267;0+108+59+7+83+10
6;03;0601;027;870+0+408+408+1+0+1+19+407;3+211+84+9+92+8
6;03;0601;028;919+3+360+360+2+0+2+10+358;4+180+84+2+79+9
6;03;0601;029;770+1+350+350+0+1+1+12+349;1+157+66+7+99+19
6;03;0601;030;937+3+447+447+0+0+0+23+447;3+201+87+6+142+8
6;03;0601;031;640+3+325+325+0+1+1+18+324;0+161+42+6+103+12
6;03;0601;032;423+0+197+197+1+0+1+9+196;1+100+34+2+58+1
6;03;0601;033;645+2+318+318+1+0+1+10+317;1+174+49+4+81+8
6;03;0601;034;848+0+423+423+0+1+1+20+422;2+227+75+6+99+13
6;03;0601;035;888+1+400+400+0+0+0+21+400;5+225+69+6+85+10
6;03;0601;036;669+3+345+345+2+0+2+27+343;4+178+51+3+100+7
6;03;0601;037;639+1+304+304+1+0+1+21+303;3+162+48+5+81+4
6;03;0601;038;384+0+384+384+1+1+2+22+382;1+200+74+8+88+11
6;03;0601;039;912+0+492+492+1+0+1+36+491;3+242+100+6+126+14
6;03;0601;040;660+1+343+343+0+1+1+10+342;1+169+63+5+96+8
6;03;0601;041;518+0+230+230+0+0+0+15+230;2+143+40+3+34+8
6;03;0601;042;525+0+272+272+0+0+0+0+272;3+136+38+9+82+4
6;03;0601;043;421+1+209+209+0+0+0+15+209;1+113+41+3+50+1
6;03;0601;044;769+0+396+396+1+1+2+7+394;0+182+61+8+136+7
6;03;0601;045;597+0+276+276+0+0+0+16+276;2+132+54+4+74+10
6;03;0601;046;1158+0+522+522+0+1+1+14+521;5+236+135+22+109+14
6;03;0601;047;1026+1+481+481+0+1+1+25+480;7+233+117+12+101+10
6;03;0601;048;943+1+475+475+0+0+0+10+475;7+229+105+8+111+15
6;03;0601;049;682+2+311+311+4+0+4+23+307;2+168+55+7+66+9
6;03;0601;050;888+0+420+420+1+0+1+22+419;7+192+83+13+122+2
6;03;0601;051;660+0+305+305+0+0+0+8+305;1+167+48+6+77+6
6;03;0601;052;852+1+335+335+0+1+1+13+334;1+164+80+9+73+7
6;03;0601;053;974+0+426+426+0+0+0+0+426;2+225+101+12+75+11
6;03;0601;054;1087+0+524+524+1+0+1+24+523;1+240+119+16+134+13
6;03;0601;055;1339+2+579+579+0+1+1+0+578;3+270+156+13+121+15
6;03;0601;056;1307+1+522+522+0+0+0+34+522;4+257+113+18+112+18
6;03;0601;057;884+0+341+341+0+0+0+24+341;1+170+73+12+66+19
6;03;0601;058;994+0+399+399+0+0+0+0+399;5+180+91+14+90+19
6;03;0601;059;1266+1+470+470+0+0+0+18+470;1+237+92+13+119+8
6;03;0601;060;725+0+332+332+0+0+0+9+332;2+177+80+7+59+7
6;03;0601;061;400+0+199+199+1+0+1+7+198;1+102+43+7+41+4
6;03;0601;062;1102+0+473+473+0+0+0+0+473;1+224+106+10+123+9
6;03;0601;063;605+0+244+244+1+0+1+0+243;0+144+47+6+45+1
6;03;0601;064;718+0+284+284+0+1+1+6+283;3+144+46+11+73+6
6;03;0601;065;712+0+331+331+1+1+2+11+329;2+162+68+8+73+16
6;03;0601;066;677+0+305+305+0+0+0+0+305;5+160+61+12+58+9
6;03;0601;067;740+0+250+250+0+0+0+20+250;0+117+52+11+66+4
6;03;0601;068;988+0+389+389+0+2+2+0+387;0+206+71+10+90+10
6;03;0601;069;745+0+255+255+0+0+0+0+255;1+127+74+3+46+4
6;03;0601;070;1034+0+449+449+2+0+2+15+447;7+200+87+17+122+14
6;03;0601;071;657+0+250+250+0+0+0+0+250;0+110+63+11+58+8
6;03;0601;072;836+1+258+258+0+0+0+0+258;2+108+58+5+73+12
6;03;0601;073;590+0+153+153+0+1+1+9+152;1+58+43+4+35+11
6;03;0601;074;417+2+102+102+0+0+0+10+102;3+37+33+2+26+1
6;03;0601;075;746+0+95+95+0+6+6+18+89;5+40+15+8+18+3
6;03;0601;076;890+0+97+97+0+0+0+0+97;14+38+19+7+14+5
6;03;0601;077;850+0+246+246+0+0+0+13+246;1+112+40+19+69+5
6;03;0601;078;1052+0+329+329+1+2+3+0+326;3+163+63+11+79+10
6;03;0601;079;825+0+345+345+1+1+2+23+343;1+143+75+13+101+10
6;03;0601;080;1007+0+364+364+1+0+1+19+363;0+171+93+10+79+10
6;03;0601;081;974+0+360+360+0+0+0+0+360;1+162+85+9+85+18
6;03;0601;082;860+1+242+242+0+1+1+0+241;2+96+54+3+74+12
6;03;0601;083;720+0+266+266+0+0+0+9+266;0+128+55+9+68+6
6;03;0602;084;307+0+307+307+0+1+1+0+306;3+180+58+14+43+8
6;03;0602;085;775+0+419+419+0+0+0+0+419;3+154+62+12+181+7
6;03;0602;086;709+0+388+388+0+1+1+0+387;3+154+77+8+141+4
6;03;0602;087;880+1+366+366+0+0+0+0+366;3+125+90+6+134+8
6;03;0602;088;974+4+432+432+0+1+1+0+431;1+202+82+16+115+15
6;03;0602;089;849+1+432+432+0+0+0+0+432;2+215+102+9+95+9
6;03;0602;090;962+1+436+436+0+0+0+12+436;4+198+103+6+116+9
6;03;0602;091;651+0+281+281+1+0+1+0+280;1+138+60+5+59+17
6;03;0602;092;1005+0+455+455+2+1+3+0+452;5+193+104+19+119+12
6;03;0602;093;970+2+402+402+0+0+0+0+402;2+171+83+8+132+6
6;03;0602;094;368+1+369+369+0+0+0+14+369;0+166+107+17+71+8
6;03;0602;095;873+8+343+343+0+0+0+13+343;0+142+93+16+76+16
6;03;0602;096;891+1+327+327+1+0+1+4+326;1+136+84+17+73+15
6;03;0602;097;811+1+391+391+0+0+0+0+391;2+117+83+15+164+10
6;03;0602;098;667+0+307+307+0+0+0+0+307;2+91+64+3+141+6
6;03;0602;099;560+2+187+187+0+0+0+0+187;1+110+41+5+27+3
6;03;0602;100;419+0+419+419+2+0+2+0+417;2+166+98+9+130+12
6;03;0602;101;832+4+309+309+0+0+0+0+309;1+125+67+15+90+11
6;03;0602;102;899+0+357+357+0+0+0+21+357;6+153+110+6+74+8
6;03;0602;103;294+6+34+34+0+0+0+0+34;1+21+7+2+3+0
6;03;0602;104;999+1+370+370+0+0+0+0+370;2+169+91+8+88+12
6;03;0602;105;860+0+348+348+0+0+0+0+348;0+119+68+12+139+10
6;03;0602;106;626+0+295+295+0+0+0+12+295;0+141+55+9+81+9
6;03;0602;107;931+0+385+385+0+0+0+23+385;2+170+82+19+103+9
6;03;0602;108;565+0+195+195+0+0+0+4+195;1+86+49+1+42+16
6;03;0602;109;879+0+316+316+0+0+0+0+316;0+125+73+12+96+10
6;03;0602;110;1040+0+356+356+0+0+0+15+356;0+182+86+8+66+14
6;03;0602;111;941+0+332+332+1+0+1+0+331;1+149+96+9+72+4
6;03;0602;112;383+1+383+383+0+0+0+0+383;2+185+94+7+78+17
6;03;0602;113;920+0+400+400+0+0+0+0+400;4+147+89+9+141+10
6;03;0602;114;1050+0+401+401+2+0+2+0+399;1+162+108+9+106+13
6;03;0602;115;849+1+373+373+0+0+0+0+373;2+159+71+14+120+7
6;03;0602;116;898+0+411+411+0+0+0+0+411;3+147+90+11+144+16
6;03;0602;117;786+0+310+310+1+1+2+19+308;2+130+70+12+87+7
6;03;0602;118;655+0+292+292+0+0+0+9+292;1+116+70+10+84+11
6;03;0602;119;874+0+362+362+2+0+2+3+360;0+138+71+9+133+9
6;03;0602;120;879+0+367+367+0+0+0+6+367;2+179+85+6+90+5
6;03;0602;121;893+0+343+343+1+2+3+0+340;1+149+82+10+85+13
6;03;0602;122;980+0+412+412+0+0+0+0+412;4+192+67+16+126+7
6;03;0602;123;637+1+268+268+0+0+0+0+268;6+127+64+13+49+9
6;03;0602;124;694+0+283+283+0+0+0+22+283;0+120+77+10+71+5
6;03;0602;125;735+0+264+264+0+1+1+15+263;2+106+49+13+83+10
6;03;0602;126;1031+0+351+351+0+1+1+25+350;8+142+102+24+61+13
6;03;0602;127;979+0+524+524+0+0+0+3+524;3+260+99+13+138+11
6;03;0602;128;846+1+404+404+0+0+0+0+404;1+213+80+7+90+13
6;03;0602;129;826+0+383+383+2+0+2+18+381;0+194+78+8+92+9
6;03;0602;130;799+3+376+376+1+0+1+17+375;2+145+83+4+131+10
6;03;0602;131;743+0+383+383+1+0+1+30+382;4+156+79+11+128+4
6;03;0602;132;815+1+365+365+0+0+0+28+365;2+200+69+4+82+8
6;03;0602;133;788+0+377+377+1+0+1+16+376;1+181+76+10+89+19
6;03;0602;134;955+0+511+511+1+0+1+21+510;2+272+97+10+116+13
6;03;0602;135;771+2+372+372+0+0+0+0+372;1+180+82+2+105+2
6;03;0602;136;865+1+402+402+0+0+0+15+402;1+170+82+5+130+14
6;03;0602;137;884+1+421+421+0+1+1+30+420;6+211+110+8+74+11
6;03;0602;138;717+2+358+358+0+2+2+0+356;1+190+78+17+62+8
6;03;0602;139;827+0+346+346+2+0+2+18+344;1+188+84+11+55+5
6;03;0602;140;767+0+415+415+1+1+2+0+413;2+122+59+9+213+8
6;03;0602;141;1061+0+451+451+0+0+0+16+451;5+117+61+3+258+7
6;03;0602;142;783+2+342+342+0+1+1+17+341;4+166+82+4+75+10
6;03;0602;143;825+0+357+357+1+0+1+20+356;0+160+82+8+93+13
6;03;0602;144;763+1+316+316+0+0+0+15+316;1+137+78+12+74+14
6;03;0602;145;758+2+343+343+0+0+0+0+343;1+176+62+11+82+11
6;03;0602;146;776+0+364+364+0+0+0+5+364;2+167+80+11+86+18
6;03;0602;147;933+1+372+372+1+0+1+21+371;1+177+87+4+89+13
6;03;0602;148;745+1+338+338+0+0+0+0+338;2+170+57+14+86+9
6;03;0602;149;980+1+442+442+1+0+1+27+441;4+194+108+12+113+10
6;03;0602;150;441+5+153+153+0+0+0+0+153;1+66+34+5+40+7
6;03;0602;151;655+0+272+272+1+0+1+12+271;0+147+47+4+63+10
6;03;0602;152;698+0+290+290+0+0+0+8+290;2+140+70+12+63+3
6;03;0602;153;669+0+350+350+0+0+0+0+350;2+150+57+13+120+8
6;03;0602;154;818+1+407+407+0+0+0+14+407;3+160+69+12+152+11
6;03;0602;155;784+0+370+370+0+0+0+0+370;2+134+76+6+139+13
6;03;0602;156;751+0+375+375+0+0+0+12+375;4+127+45+8+178+13
6;03;0602;157;680+0+323+323+1+0+1+0+322;5+145+55+10+88+19
6;03;0602;158;850+0+401+401+0+0+0+21+401;1+164+72+10+144+10
6;03;0602;159;836+0+376+376+0+0+0+10+376;1+131+85+7+139+13
6;03;0602;160;844+1+377+377+1+0+1+17+376;3+158+76+2+132+5
6;03;0602;161;725+0+383+383+1+1+2+7+381;0+160+67+13+135+6
6;03;0602;162;843+0+422+422+2+0+2+0+420;3+169+78+12+145+13
6;03;0602;163;749+0+383+383+0+1+1+4+382;5+169+92+4+102+10
6;03;0602;164;761+0+335+335+1+0+1+11+334;3+157+77+7+81+9
6;03;0602;165;706+0+353+353+0+0+0+0+353;2+146+58+5+135+7
6;03;0602;166;640+0+301+301+0+0+0+0+301;1+133+51+10+101+5
6;03;0602;167;1209+0+504+504+3+0+3+0+501;2+235+117+8+135+4
6;03;0602;168;761+1+444+444+1+0+1+0+443;2+193+97+8+136+7
6;03;0602;169;872+2+363+363+0+0+0+8+363;4+219+61+15+59+5
6;03;0602;170;664+0+281+281+1+0+1+4+280;2+148+47+1+81+1
6;03;0602;171;741+2+270+270+0+0+0+9+270;0+114+57+6+78+15
6;03;0602;172;243+0+96+96+0+0+0+5+96;0+43+19+8+17+9
6;03;0602;173;677+0+270+270+0+0+0+8+270;0+134+48+16+69+3
6;03;0602;174;297+0+297+297+1+0+1+12+296;3+139+71+11+59+13
6;03;0602;175;783+0+292+292+0+0+0+5+292;4+149+82+8+45+4
6;03;0602;176;674+0+248+248+0+0+0+7+248;5+128+53+7+48+7
6;03;0602;177;916+1+386+386+0+0+0+16+386;3+193+107+12+52+19
6;03;0602;178;926+2+415+415+1+0+1+0+414;6+234+83+9+67+15
6;03;0602;373;150+24+93+93+1+0+1+4+92;5+37+25+4+17+4
6;03;0602;374;73+13+48+48+0+0+0+0+48;2+21+8+4+13+0
6;03;0602;375;84+21+45+45+0+0+0+4+45;2+20+4+1+16+2
6;03;0602;376;55+0+22+22+0+0+0+0+22;1+13+3+0+2+3
6;03;0602;379;147+6+123+123+1+0+1+6+122;9+52+9+3+45+4
6;03;0602;400;775+0+385+385+0+0+0+14+385;2+183+65+13+111+11
6;03;0602;401;906+1+397+397+1+0+1+4+396;0+190+66+12+111+17
6;03;0602;402;1096+0+94+94+0+2+2+0+92;1+59+12+10+9+1
6;03;0602;403;185+2+62+62+0+0+0+2+62;1+28+13+0+20+0
6;03;0603;179;873+0+311+311+0+0+0+4+311;0+71+99+19+111+11
6;03;0603;180;633+4+172+172+0+0+0+0+172;1+65+45+10+41+10
6;03;0603;181;816+5+253+253+0+0+0+0+253;2+95+57+20+72+7
6;03;0603;182;868+0+328+328+1+0+1+0+327;2+96+92+18+107+12
6;03;0603;183;708+1+215+215+1+1+2+3+213;1+77+44+13+69+9
6;03;0603;184;836+0+257+257+0+1+1+12+256;2+120+55+8+63+8
6;03;0603;185;884+0+292+292+1+1+2+18+290;1+125+74+5+81+4
6;03;0603;186;697+0+262+262+0+0+0+0+262;1+104+75+9+62+11
6;03;0603;187;980+1+300+300+0+1+1+5+299;3+117+85+11+62+21
6;03;0603;188;958+3+342+342+0+0+0+0+342;2+173+66+9+68+24
6;03;0603;189;998+2+398+398+1+1+2+0+396;4+165+87+20+103+17
6;03;0603;190;982+3+384+384+0+0+0+0+384;3+180+106+14+74+7
6;03;0603;191;962+1+408+408+3+1+4+5+404;2+160+136+20+73+13
6;03;0603;192;912+0+338+338+0+0+0+0+338;5+143+96+16+66+12
6;03;0603;193;885+0+330+330+1+0+1+4+329;4+157+86+6+69+7
6;03;0603;194;775+0+284+284+0+0+0+1+284;1+145+57+8+68+5
6;03;0603;195;787+0+305+305+0+0+0+6+305;2+129+60+9+93+12
6;03;0603;196;906+1+340+340+1+0+1+7+339;2+134+88+17+83+15
6;03;0603;197;834+1+308+308+2+1+3+9+305;1+132+84+11+64+13
6;03;0603;198;856+0+265+265+0+0+0+2+265;0+132+68+11+46+8
6;03;0603;199;564+0+202+202+1+0+1+0+201;1+87+50+6+52+5
6;03;0603;200;611+0+201+201+0+0+0+9+201;0+97+51+6+41+6
6;03;0603;201;598+1+274+274+0+0+0+6+274;0+117+69+6+72+10
6;03;0603;202;882+2+393+393+0+0+0+17+393;1+129+116+20+104+23
6;03;0603;203;528+1+266+266+0+0+0+0+266;1+101+61+3+88+12
6;03;0603;204;449+0+179+179+0+0+0+0+179;0+82+40+6+49+2
6;03;0603;205;882+8+347+347+0+0+0+21+347;3+127+85+30+89+13
6;03;0603;206;650+1+265+265+0+0+0+12+265;0+96+52+8+96+13
6;03;0603;207;637+0+240+240+2+0+2+8+238;4+98+48+8+74+6
6;03;0603;208;235+4+235+235+0+0+0+0+235;1+93+54+13+67+7
6;03;0603;209;479+0+191+191+3+0+3+6+188;2+68+39+10+59+10
6;03;0603;210;516+0+213+213+0+0+0+0+213;0+82+54+3+72+2
6;03;0603;211;386+0+180+180+0+0+0+0+180;0+56+51+6+61+6
6;03;0603;212;461+0+191+191+0+0+0+0+191;1+89+31+3+66+1
6;03;0603;213;815+0+311+311+0+1+1+6+310;0+117+70+17+98+8
6;03;0603;214;676+0+268+268+1+1+2+7+266;3+100+55+8+98+2
6;03;0603;215;836+2+315+315+0+0+0+0+315;2+110+69+13+115+6
6;03;0603;216;497+0+222+222+2+0+2+7+220;0+62+57+1+91+9
6;03;0603;217;747+0+321+321+0+0+0+0+321;1+130+84+7+89+10
6;03;0603;218;756+0+285+285+1+0+1+9+284;0+93+65+8+110+8
6;03;0603;219;770+0+238+238+0+0+0+4+238;3+112+43+21+48+11
6;03;0603;220;801+0+341+341+0+0+0+0+341;2+149+108+13+60+9
6;03;0603;221;866+0+349+349+0+0+0+0+349;2+143+83+8+103+10
6;03;0603;222;613+0+250+250+0+0+0+0+250;0+91+74+11+65+9
6;03;0603;223;681+0+257+257+0+0+0+0+257;0+95+67+5+71+19
6;03;0603;224;900+0+360+360+0+0+0+7+360;3+153+84+13+97+10
6;03;0603;225;648+0+281+281+0+0+0+0+281;1+117+74+13+69+7
6;03;0603;226;745+0+308+308+0+1+1+0+307;0+159+75+5+56+12
6;03;0603;227;865+1+363+363+1+0+1+16+362;2+134+73+17+129+7
6;03;0603;228;770+0+343+343+1+0+1+0+342;6+101+89+7+131+8
6;03;0603;229;796+0+346+346+1+0+1+14+345;1+118+98+8+113+7
6;03;0603;230;872+0+397+397+2+0+2+10+395;0+173+83+12+118+9
6;03;0603;231;844+0+381+381+0+0+0+0+381;1+128+120+16+107+9
6;03;0603;232;943+0+392+392+0+0+0+14+392;2+177+101+11+90+11
6;03;0603;233;593+1+254+254+0+0+0+0+254;0+102+59+8+75+10
6;03;0603;234;461+0+207+207+0+0+0+10+207;2+88+47+8+50+12
6;03;0603;235;714+0+307+307+1+0+1+10+306;2+83+105+12+90+14
6;03;0603;236;485+0+228+228+0+0+0+0+228;2+86+53+9+61+17
6;03;0603;237;775+0+327+327+0+0+0+16+327;0+133+86+6+93+9
6;03;0603;238;848+0+355+355+1+0+1+3+354;1+146+95+19+81+12
6;03;0603;239;524+1+238+238+0+0+0+9+238;4+74+51+8+99+2
6;03;0603;240;709+0+337+337+0+0+0+0+337;0+155+75+5+92+10
6;03;0603;241;452+0+208+208+0+2+2+2+206;3+74+41+3+71+14
6;03;0603;242;580+1+196+196+0+0+0+0+196;0+75+51+10+57+3
6;03;0603;243;546+1+242+242+0+0+0+0+242;2+83+49+11+83+14
6;03;0603;244;687+0+297+297+1+1+2+13+295;4+111+68+17+81+14
6;03;0603;245;912+0+374+374+0+0+0+0+374;3+137+74+11+127+22
6;03;0603;246;607+0+255+255+0+0+0+0+255;4+98+62+13+67+11
6;03;0603;247;744+0+286+286+0+0+0+0+286;0+124+62+2+83+15
6;03;0603;248;933+0+411+411+0+0+0+19+411;2+161+86+18+131+13
6;03;0603;249;960+0+380+380+1+0+1+28+379;2+122+126+17+100+12
6;03;0603;250;812+0+312+312+1+0+1+16+311;0+120+84+9+86+12
6;03;0603;251;893+1+343+343+1+0+1+11+342;2+139+85+19+86+11
6;03;0603;252;398+0+140+140+0+0+0+5+140;0+47+32+11+38+12
6;03;0603;253;904+1+325+325+1+0+1+11+324;2+144+76+10+83+9
6;03;0603;254;757+0+264+264+0+0+0+0+264;1+101+63+13+81+5
6;03;0603;255;825+0+342+342+1+0+1+0+341;1+147+95+9+79+10
6;03;0603;256;746+1+272+272+0+0+0+9+272;4+114+68+13+68+5
6;03;0603;257;690+0+222+222+0+2+2+0+220;1+75+46+18+79+1
6;03;0603;258;961+1+444+444+0+1+1+15+443;1+186+105+16+120+15
6;03;0603;259;694+2+245+245+0+1+1+8+244;0+116+50+14+54+10
6;03;0603;260;758+0+137+137+0+1+1+7+136;3+68+27+10+26+2
6;03;0603;261;868+0+241+241+1+0+1+0+240;0+97+82+9+37+15
6;03;0603;262;992+0+281+281+1+3+4+17+277;7+106+86+14+43+21
6;03;0603;263;676+0+192+192+0+1+1+0+191;1+81+39+10+52+8
6;03;0603;264;828+0+353+353+0+0+0+4+353;1+149+92+5+91+15
6;03;0603;265;730+0+256+256+1+0+1+0+255;1+119+68+6+49+12
6;03;0603;266;891+0+233+233+0+1+1+9+232;1+102+61+10+40+18
6;03;0603;267;761+0+145+145+0+0+0+0+145;1+63+33+12+32+4
6;03;0603;268;617+0+204+204+0+0+0+0+204;6+97+50+4+45+2
6;03;0603;269;720+1+299+299+0+0+0+13+299;0+135+81+7+73+3
6;03;0603;270;652+0+276+276+0+0+0+0+276;0+137+59+16+56+8
6;03;0603;271;772+0+362+362+0+0+0+15+362;1+166+96+12+72+15
6;03;0603;272;695+0+314+314+0+1+1+13+313;3+128+99+8+67+8
6;03;0603;273;349+0+128+128+0+0+0+0+128;1+56+29+11+26+5
6;03;0603;274;542+0+244+244+0+0+0+26+244;1+97+47+3+94+2
6;03;0603;275;652+0+273+273+1+0+1+19+272;0+126+60+7+70+9
6;03;0603;276;487+0+213+213+0+0+0+9+213;0+96+48+5+57+7
6;03;0603;277;444+0+184+184+0+1+1+3+183;0+63+41+13+58+8
6;03;0603;380;209+0+190+190+9+0+9+0+181;11+81+12+47+13+17
6;03;0603;381;74+0+61+61+2+0+2+2+59;2+44+4+2+5+2
6;03;0604;278;561+0+236+236+0+0+0+6+236;1+114+65+9+42+5
6;03;0604;279;618+0+235+235+0+0+0+0+235;1+99+50+15+61+9
6;03;0604;280;593+0+214+214+0+0+0+8+214;4+69+44+15+71+11
6;03;0604;281;736+0+317+317+1+1+2+6+315;0+154+67+10+74+10
6;03;0604;282;491+0+194+194+0+0+0+0+194;1+72+45+21+48+7
6;03;0604;283;435+0+115+115+2+0+2+3+113;1+50+28+4+24+6
6;03;0604;284;769+0+245+245+0+1+1+3+244;2+108+42+29+53+10
6;03;0604;285;432+0+181+181+0+5+5+0+176;5+62+40+11+50+8
6;03;0604;286;893+0+284+284+0+0+0+0+284;5+100+70+22+78+9
6;03;0604;287;656+0+220+220+0+8+8+0+212;11+100+36+18+37+10
6;03;0604;288;686+1+251+251+0+0+0+5+251;0+116+60+5+53+17
6;03;0604;289;652+0+218+218+0+0+0+5+218;3+98+61+6+46+4
6;03;0604;290;492+0+186+186+1+0+1+7+185;4+49+50+4+74+4
6;03;0604;291;688+0+293+293+0+0+0+0+293;1+120+87+17+57+11
6;03;0604;292;484+2+173+173+0+0+0+5+173;0+66+57+6+39+5
6;03;0604;293;471+0+176+176+0+1+1+4+175;3+59+55+6+41+11
6;03;0604;294;870+0+302+302+1+0+1+6+301;1+126+84+10+75+5
6;03;0604;295;465+0+176+176+0+2+2+0+174;8+88+22+13+35+8
6;03;0604;296;837+0+299+299+0+0+0+8+299;1+147+85+7+51+8
6;03;0604;297;875+0+309+309+1+1+2+0+307;3+125+88+9+69+13
6;03;0604;298;940+0+394+394+0+0+0+0+394;3+172+126+15+66+12
6;03;0604;299;484+1+144+144+0+0+0+2+144;0+59+43+8+25+9
6;03;0604;300;802+0+279+279+2+1+3+12+276;3+100+92+4+70+7
6;03;0604;301;1003+0+353+353+0+0+0+5+353;1+164+97+13+73+5
6;03;0604;302;662+0+226+226+0+0+0+6+226;1+108+64+11+31+11
6;03;0604;303;632+0+223+223+0+1+1+4+222;0+82+61+10+55+14
6;03;0604;304;707+1+263+263+0+0+0+9+263;0+109+75+8+56+15
6;03;0604;305;733+0+284+284+0+0+0+9+284;2+133+71+12+61+5
6;03;0604;306;636+0+247+247+1+0+1+0+246;2+108+64+9+57+6
6;03;0604;307;726+0+316+316+0+0+0+0+316;1+73+105+16+103+18
6;03;0604;308;599+0+217+217+0+0+0+3+217;3+100+64+5+35+10
6;03;0604;309;584+0+230+230+0+0+0+0+230;2+91+76+11+43+7
6;03;0604;310;570+0+196+196+1+0+1+3+195;1+76+59+8+44+7
6;03;0604;311;861+0+275+275+0+0+0+4+275;0+119+78+15+58+5
6;03;0604;312;746+0+244+244+0+0+0+0+244;3+103+62+15+48+13
6;03;0604;313;857+0+346+346+0+0+0+13+346;2+111+109+20+92+12
6;03;0604;314;660+7+237+237+1+0+1+0+236;3+94+64+8+50+17
6;03;0604;315;395+0+141+141+0+1+1+0+140;2+58+40+4+33+3
6;03;0604;316;499+0+220+220+0+0+0+3+220;1+90+58+10+50+11
6;03;0604;317;447+0+182+182+0+1+1+0+181;0+63+57+7+51+3
6;03;0604;318;576+5+192+192+0+0+0+3+192;1+83+55+3+45+5
6;03;0604;319;636+0+238+238+0+0+0+7+238;1+90+64+15+59+9
6;03;0604;320;778+0+276+276+0+0+0+0+276;0+91+95+13+59+18
6;03;0604;321;549+0+229+229+0+0+0+0+229;0+83+70+6+55+15
6;03;0604;322;498+0+188+188+0+0+0+3+188;0+82+42+9+39+16
6;03;0604;323;699+0+246+246+0+0+0+0+246;0+115+71+9+40+11
6;03;0604;324;524+0+178+178+0+0+0+0+178;0+64+60+13+28+13
6;03;0604;325;808+0+280+280+0+1+1+0+279;1+108+94+12+46+18
6;03;0604;326;453+0+146+146+0+0+0+4+146;2+51+49+3+27+14
6;03;0604;327;518+0+177+177+0+0+0+0+177;2+85+34+9+44+3
6;03;0604;328;835+0+259+259+0+1+1+0+258;2+112+71+10+50+13
6;03;0604;329;458+0+141+141+2+0+2+0+139;3+67+33+9+23+4
6;03;0604;330;470+0+119+119+1+2+3+0+116;1+59+28+2+19+7
6;03;0604;331;425+0+83+83+0+1+1+1+82;3+40+11+4+23+1
6;03;0604;332;735+0+182+182+0+1+1+0+181;0+77+46+22+26+10
6;03;0604;333;537+0+162+162+1+5+6+4+156;4+75+35+7+25+10
6;03;0604;334;727+0+196+196+0+1+1+0+195;1+71+61+8+38+16
6;03;0604;335;500+0+169+169+0+0+0+7+169;2+52+46+4+62+3
6;03;0604;336;524+0+162+162+0+0+0+0+162;1+82+36+11+25+7
6;03;0604;337;813+0+271+271+0+0+0+7+271;3+91+81+21+57+18
6;03;0604;338;606+0+222+222+0+2+2+9+220;3+77+64+12+52+12
6;03;0605;339;676+0+273+273+0+0+0+17+273;0+122+58+11+75+7
6;03;0605;340;842+0+322+322+0+0+0+0+322;4+150+66+22+70+10
6;03;0605;341;845+0+372+372+0+1+1+21+371;2+179+86+12+80+12
6;03;0605;342;1001+0+363+363+0+0+0+16+363;0+155+66+24+103+15
6;03;0605;343;870+0+390+390+1+0+1+0+389;1+142+113+10+116+7
6;03;0605;344;891+1+368+368+1+0+1+0+367;2+142+111+12+82+18
6;03;0605;345;726+1+326+326+2+0+2+7+324;5+146+67+10+87+9
6;03;0605;346;733+0+206+206+0+2+2+0+204;12+82+47+17+33+13
6;03;0605;347;749+0+268+268+1+2+3+8+265;2+139+49+13+50+12
6;03;0605;348;925+0+286+286+1+5+6+14+280;18+96+36+32+46+52
6;03;0605;349;760+0+230+230+0+8+8+7+222;5+103+37+12+53+12
6;03;0605;350;849+3+321+321+1+1+2+10+319;2+122+74+12+99+10
6;03;0605;351;881+0+346+346+0+0+0+0+346;3+123+85+16+104+15
6;03;0605;352;917+1+288+288+0+0+0+9+288;3+116+66+12+77+14
6;03;0605;353;879+1+337+337+0+0+0+15+337;3+157+62+8+96+11
6;03;0605;354;800+0+308+308+1+0+1+15+307;0+127+51+8+110+11
6;03;0605;355;876+0+334+334+0+1+1+0+333;4+134+75+18+96+6
6;03;0605;356;905+0+385+385+0+0+0+4+385;1+163+87+23+90+21
6;03;0605;357;691+0+268+268+1+1+2+5+266;0+95+54+5+107+5
6;03;0605;358;652+0+237+237+0+0+0+7+237;5+102+53+17+57+3
6;03;0605;359;523+0+172+172+0+2+2+170+170;8+87+17+11+17+30
6;03;0605;360;755+0+235+235+0+1+1+6+234;4+93+54+16+62+5
6;03;0605;361;878+0+374+374+1+0+1+15+373;2+163+95+11+90+12
6;03;0605;362;863+0+362+362+1+0+1+16+361;5+162+90+10+82+12
6;03;0605;363;903+0+393+393+1+0+1+19+392;2+144+105+15+114+12
6;03;0800;001;716+1+367+367+1+2+3+24+364;6+102+56+36+152+12
6;03;0800;002;97+2+80+80+0+0+0+0+80;2+42+11+3+20+2
6;03;0800;003;359+0+229+229+0+0+0+0+229;2+55+28+10+126+8
6;03;0800;004;596+4+367+367+0+1+1+21+366;4+78+96+21+158+9
6;03;0800;005;584+0+241+241+0+0+0+15+241;3+46+28+4+55+105
6;03;0800;006;659+1+308+308+0+1+1+0+307;6+56+37+5+89+114
6;03;0800;007;364+2+209+209+0+1+1+6+208;9+61+41+7+81+9
6;03;0800;008;444+1+223+223+1+0+1+14+222;4+69+23+6+100+20
6;03;0800;009;502+0+249+249+1+4+5+12+244;11+70+45+11+88+19
6;03;0800;010;247+3+165+165+0+1+1+0+164;3+37+25+16+81+2
6;03;0800;011;72+3+54+54+1+2+3+5+51;3+25+3+5+14+1
6;03;0800;012;529+2+290+290+1+0+1+14+289;4+71+74+12+123+5
6;03;0800;013;594+0+348+348+0+1+1+29+347;4+53+88+19+182+1
6;03;0900;001;699+1+407+407+0+1+1+10+406;1+110+103+14+170+8
6;03;0900;002;776+1+440+440+1+0+1+15+439;2+89+126+33+184+5
6;03;0900;003;712+1+379+379+1+1+2+19+377;4+76+87+21+183+6
6;03;0900;004;775+1+339+339+1+6+7+22+332;6+60+72+28+154+12
6;03;0900;005;297+1+154+154+2+1+3+8+151;3+39+15+3+59+32
6;03;0900;006;274+6+187+187+1+2+3+11+184;4+56+24+7+91+2
6;03;0900;007;561+1+340+340+0+1+1+17+339;3+60+56+22+188+10
6;03;0900;008;545+1+321+321+1+1+2+21+319;8+82+58+8+158+5
6;03;0900;009;189+1+127+127+0+0+0+0+127;3+22+23+1+77+1
6;03;0900;010;331+2+197+197+0+3+3+0+194;0+41+12+20+119+2
6;03;0900;011;284+0+147+147+0+1+1+11+146;8+22+20+8+86+2
6;03;0900;012;517+1+293+293+1+2+3+12+290;4+54+29+24+166+13
6;03;0900;013;33+1+27+27+0+0+0+0+27;0+11+0+3+12+1
6;03;0900;014;356+1+220+220+2+1+3+11+217;3+60+12+10+127+5
6;03;0900;015;142+0+97+97+1+0+1+4+96;2+13+16+4+61+0
6;03;0900;016;242+0+128+128+0+1+1+9+127;1+30+24+5+19+48
6;03;0900;017;247+0+169+169+0+0+0+13+169;1+22+37+10+92+7
6;03;0900;018;582+2+302+302+2+1+3+3+299;6+48+46+10+159+30
6;03;0900;019;80+0+60+60+0+0+0+0+60;1+5+5+0+21+28
6;03;0900;020;96+0+71+71+0+0+0+0+71;1+8+13+1+35+13
6;03;0900;021;726+3+414+414+1+4+5+14+409;15+147+57+12+143+35
6;03;0900;022;298+2+128+128+0+1+1+3+127;5+25+14+6+53+24
6;03;0900;023;221+4+125+125+0+1+1+0+124;6+21+28+9+54+6
6;03;0900;024;268+2+158+158+1+2+3+3+155;7+88+9+1+33+17
6;03;0900;025;709+1+377+377+2+0+2+0+375;4+104+84+23+154+6
6;03;0900;026;408+0+255+255+0+6+6+0+249;1+36+36+9+159+8
6;03;1300;001;720+1+296+296+0+0+0+4+296;1+99+67+17+111+1
6;03;1300;002;785+0+321+321+0+1+1+0+320;3+78+89+16+129+5
6;03;1300;003;803+0+371+371+0+0+0+23+371;5+73+73+18+196+6
6;03;1300;004;698+0+233+233+0+0+0+9+233;6+49+54+8+109+7
6;03;1300;005;885+0+169+169+0+1+1+14+168;3+25+14+17+92+17
6;03;1300;006;794+0+247+247+0+0+0+0+247;6+71+32+21+113+4
6;03;1300;007;759+0+294+294+0+0+0+0+294;2+79+53+16+140+4
6;03;1300;008;588+0+258+258+0+0+0+19+258;3+48+64+19+115+9
6;03;1300;009;698+0+160+160+0+2+2+9+158;3+27+34+6+78+10
6;03;1300;010;575+0+184+184+0+0+0+12+184;8+49+40+16+62+9
6;03;1300;011;472+1+223+223+0+0+0+14+223;1+56+41+5+118+2
6;03;1300;012;638+0+215+215+0+1+1+0+214;6+55+32+6+101+14
6;03;1300;013;853+1+382+382+0+0+0+27+382;6+95+68+18+185+10
6;03;1300;014;561+0+223+223+2+1+3+5+220;0+72+34+11+80+23
6;03;1300;015;464+0+98+98+0+4+4+5+94;9+11+11+3+51+9
6;03;1300;016;280+0+174+174+0+0+0+2+174;7+59+20+7+79+2
6;03;1300;017;124+2+104+104+0+0+0+0+104;1+28+7+4+63+1
6;03;1300;018;305+2+180+180+0+2+2+11+178;4+34+34+18+86+2
6;03;1300;019;114+0+86+86+1+0+1+7+85;1+17+3+6+58+0
6;03;1300;020;637+1+389+389+1+1+2+21+387;4+44+107+33+195+4
6;03;1300;021;144+0+64+64+0+1+1+0+63;0+4+1+3+7+48
6;03;1300;022;457+0+220+220+0+0+0+10+220;7+102+41+13+51+6
6;03;1300;023;588+2+263+263+0+0+0+10+263;1+71+55+12+120+4
6;03;1300;024;834+1+321+321+0+1+1+8+320;10+66+39+20+174+11
6;03;1300;025;580+0+311+311+0+1+1+15+310;2+77+74+25+128+4
6;03;1300;026;189+3+113+113+0+0+0+11+113;2+36+27+4+42+2
6;03;1300;027;558+0+253+253+0+0+0+6+253;5+98+64+15+62+9
6;03;1300;028;456+0+206+206+0+0+0+5+206;4+50+50+9+87+6
6;03;1300;029;32+2+21+21+0+0+0+0+21;0+13+2+0+6+0
6;03;1400;001;671+1+259+259+1+8+9+18+250;20+47+77+34+51+21
6;03;1400;002;176+0+72+72+0+0+0+0+72;9+32+7+7+16+1
6;03;1400;003;950+0+288+288+2+1+3+13+285;2+81+61+31+102+8
6;03;1400;004;858+1+366+366+0+0+0+27+366;8+106+77+23+145+7
6;03;1400;005;609+0+195+195+0+1+1+0+194;2+67+48+12+51+14
6;03;1400;006;798+0+312+312+1+0+1+22+311;7+100+57+18+107+22
6;03;1400;007;782+0+253+253+1+1+2+11+251;3+89+85+16+42+16
6;03;1400;008;775+0+328+328+1+1+2+5+326;9+117+88+17+93+2
6;03;1400;009;764+0+299+299+0+1+1+20+298;7+108+75+20+76+12
6;03;1400;010;715+0+288+288+0+0+0+21+288;2+94+94+17+68+13
6;03;1400;011;459+0+271+271+0+2+2+16+269;8+83+42+15+116+5
6;03;1400;012;308+2+208+208+0+1+1+4+207;7+67+62+15+51+5
6;03;1600;001;584+1+307+307+0+2+2+8+305;7+45+67+10+173+3
6;03;1600;002;466+1+250+250+2+1+3+10+247;7+66+45+7+113+9
6;03;1600;003;480+0+170+170+0+4+4+8+166;6+18+22+7+105+8
6;03;1600;004;854+1+391+391+0+2+2+17+389;4+94+103+12+168+8
6;03;1600;005;564+1+288+288+1+2+3+8+285;9+66+54+4+143+9
6;03;1600;006;657+0+335+335+0+0+0+0+335;2+89+113+9+117+5
6;03;1600;007;639+0+332+332+0+1+1+0+331;5+42+94+6+180+4
6;03;1600;008;671+2+357+357+2+3+5+11+352;3+61+59+23+203+3
6;03;1600;009;325+1+208+208+0+1+1+7+207;5+27+43+12+114+6
6;03;1600;010;277+1+180+180+0+0+0+8+180;5+48+33+13+78+3
6;03;1600;011;300+0+120+120+1+1+2+1+118;0+54+10+1+21+32
6;03;1600;012;161+4+87+87+0+1+1+2+86;1+28+10+3+43+1
6;03;1600;013;125+4+99+99+0+0+0+0+99;4+18+17+7+52+1
6;03;1600;014;30+2+20+20+0+0+0+0+20;0+3+1+0+16+0
6;03;1600;015;133+1+77+77+1+0+1+0+76;1+13+11+5+46+0
6;03;1600;016;391+0+131+131+1+1+2+3+129;3+31+6+3+37+49
6;03;1600;017;682+1+308+308+1+2+3+15+305;8+60+36+11+96+94
6;03;1600;018;102+2+72+72+1+0+1+2+71;0+15+18+1+37+0
6;03;1600;019;385+3+186+186+5+1+6+6+180;6+30+17+0+6+121
6;03;1600;020;420+4+156+156+0+1+1+4+155;7+18+28+0+3+99
6;03;1600;021;889+2+284+284+5+4+9+20+275;5+27+19+2+13+209
6;03;1600;022;550+4+199+199+0+0+0+0+199;3+23+17+1+7+148
6;03;1600;023;733+4+312+312+0+1+1+9+311;7+31+13+6+18+236
6;03;1600;024;517+2+177+177+0+1+1+0+176;9+28+38+17+80+4
6;03;1600;025;317+0+160+160+0+0+0+0+160;5+37+34+9+64+11
6;03;1600;026;616+0+232+232+0+0+0+0+232;0+39+27+7+71+88
6;03;1600;027;677+0+205+205+0+1+1+12+204;12+39+39+13+47+54
6;03;1600;028;356+3+140+140+0+1+1+1+139;4+19+35+9+62+10
6;03;2400;001;632+1+283+283+0+2+2+3+281;0+51+108+11+103+8
6;03;2400;002;660+1+257+257+0+0+0+0+257;0+56+94+11+88+8
6;03;2400;003;729+1+259+259+0+0+0+17+259;3+60+88+6+91+11
6;03;2400;004;648+2+295+295+0+0+0+0+295;1+72+73+2+137+10
6;03;2400;005;600+1+298+298+0+0+0+5+298;0+63+88+3+132+12
6;03;2400;006;506+0+232+232+0+1+1+11+231;1+62+70+3+85+10
6;03;2400;007;725+0+284+284+0+1+1+3+283;1+92+77+5+99+9
6;03;2400;008;434+2+203+203+0+1+1+7+202;2+38+62+4+91+5
6;03;2400;009;730+1+341+341+1+1+2+17+339;2+50+103+10+164+10
6;03;2400;010;563+5+322+322+0+0+0+17+322;4+51+111+15+130+11
6;03;2400;011;430+0+205+205+2+1+3+12+202;2+54+52+8+80+6
6;03;2400;012;475+1+225+225+0+1+1+5+224;2+63+59+3+83+14
6;03;2400;013;583+1+265+265+1+3+4+10+261;4+69+62+11+101+14
6;03;2400;014;575+1+148+148+2+1+3+4+145;5+43+35+8+39+15
6;03;2400;015;810+1+297+297+0+0+0+8+297;3+80+89+8+101+16
6;03;2400;016;792+0+367+367+1+0+1+0+366;8+105+100+10+125+18
6;03;2400;017;654+0+307+307+0+2+2+0+305;2+68+95+11+119+10
6;03;2400;018;657+0+289+289+0+0+0+15+289;3+68+72+9+129+8
6;03;2400;019;751+0+205+205+1+1+2+12+203;3+38+76+12+58+16
6;03;2400;020;698+0+231+231+1+0+1+10+230;2+42+74+13+77+22
6;03;2400;021;55+0+26+26+0+0+0+3+26;1+7+6+6+4+2
6;03;2400;024;437+1+224+224+0+2+2+0+222;3+47+56+6+106+4
6;03;2400;025;589+1+309+309+3+0+3+0+306;10+53+51+23+159+10
6;03;2400;026;173+5+97+97+1+0+1+5+96;1+22+25+0+40+8
6;03;2400;027;219+9+157+157+0+0+0+4+157;0+27+32+8+87+3
6;03;2400;028;118+3+87+87+0+0+0+3+87;0+28+13+2+42+2
6;03;2400;029;271+12+183+183+0+0+0+8+183;1+27+38+11+102+4
6;03;2400;030;222+5+138+138+0+1+1+0+137;3+26+15+1+90+2
6;03;2400;031;198+1+118+118+0+0+0+4+118;4+22+16+1+68+7
6;03;2400;032;374+4+187+187+0+0+0+0+187;5+37+50+16+76+3
6;03;2400;033;81+1+53+53+2+0+2+2+51;2+18+7+3+21+0
6;03;2400;034;601+2+347+347+0+6+6+4+341;6+52+52+25+190+16
6;03;2400;035;495+7+229+229+0+4+4+0+225;2+42+38+7+106+30
6;03;2400;036;421+4+235+235+0+2+2+13+233;6+30+39+5+150+3
6;03;2400;037;297+3+133+133+2+1+3+15+130;3+45+13+2+34+33
6;03;2400;038;592+1+292+292+0+0+0+11+292;7+27+39+23+195+1
6;03;2400;039;439+2+249+249+0+2+2+13+247;0+41+43+11+147+5
6;03;2400;040;68+1+39+39+0+0+0+2+39;2+10+9+1+13+4
6;03;2400;041;343+2+164+164+1+0+1+8+163;3+30+51+3+68+8
6;03;2400;042;476+3+213+213+0+2+2+0+211;5+34+31+9+131+1
6;03;2400;043;772+4+369+369+0+2+2+0+367;6+144+47+22+140+8
6;03;2400;044;467+6+252+252+0+3+3+12+249;10+44+36+15+131+13
6;03;2400;045;286+4+144+144+0+2+2+0+142;4+10+38+9+79+2
6;03;2400;046;214+2+125+125+0+0+0+4+125;3+20+20+2+77+3
6;03;2400;047;269+5+147+147+0+0+0+0+147;0+35+19+21+68+4
6;03;2400;048;396+4+231+231+1+0+1+25+230;3+91+37+8+90+1
6;03;2400;049;48+5+32+32+0+0+0+0+32;1+16+6+1+7+1
6;03;2600;001;588+0+291+291+1+1+2+16+289;3+66+77+16+116+11
6;03;2600;002;753+0+337+337+0+2+2+17+335;8+73+82+23+112+37
6;03;2600;003;850+0+376+376+0+2+2+0+374;12+76+69+22+175+20
6;03;2600;004;692+0+266+266+0+0+0+21+266;7+52+39+31+124+13
6;03;2600;005;842+0+382+382+1+1+2+16+380;6+107+77+20+146+24
6;03;2600;006;494+0+220+220+2+0+2+20+218;2+75+19+12+102+8
6;03;2600;007;560+0+306+306+0+1+1+19+305;3+85+44+9+156+8
6;03;2600;008;36+1+27+27+1+0+1+0+26;0+13+7+2+4+0
6;03;2600;009;185+0+112+112+0+0+0+0+112;1+33+25+2+47+4
6;03;2600;010;60+0+40+40+0+0+0+0+40;0+19+4+0+15+2
6;03;2600;011;97+1+67+67+0+0+0+6+67;0+33+10+3+21+0
6;03;2600;012;110+2+62+62+0+0+0+2+62;4+22+5+3+25+3
6;03;2600;013;443+0+257+257+0+0+0+8+257;3+102+36+4+110+2
6;03;2600;014;193+4+116+116+0+1+1+0+115;2+25+3+1+11+73
[END]

[AGGR]
03;6;   ;6+625+625+392913+664+167412+167412+276+358+634+4834+166778;1687+64733+36226+6510+50560+7065
[END]

