[INFO]
04;Велико Т║░ново;201
[END]

[IZB]
04;6;   ;;11.11.2001;1;6;419
[END]

[NM]
0404;001;▒. А░бана▒и;00583;00
0404;002;▒. Балван;02364;00
0404;004;▒. Бел┐кове╢;03798;00
0404;010;▒. Б│кове╢;06940;00
0404;011;г░. Велико Т║░ново;10447;00
0404;012;▒. Вел╖ево;10553;00
0404;013;▒. Ве▓░ин╢и;10879;00
0404;015;▒. Водолей;11795;00
0404;016;▒. Войнежа;11898;00
0404;017;▒. Воне╣а вода;12098;00
0404;018;▒. В║глев╢и;12396;00
0404;020;▒. Габ░ов╢и;14235;00
0404;022;▒. Големани▓е;15401;00
0404;024;г░. Дебеле╢;20242;00
0404;029;▒. Ди╖ин;21244;00
0404;034;▒. Емен;27423;00
0404;038;▒. К║пиново;36107;00
0404;039;г░. Кили┤а░ево;36837;00
0404;045;▒. Леденик;43253;00
0404;046;▒. Малки ╖и┤лик;46532;00
0404;048;▒. Минд┐;48278;00
0404;050;▒. Момин ▒бо░;48951;00
0404;051;▒. На╢ов╢и;51175;00
0404;052;▒. Ник╛п;51740;00
0404;053;▒. Ново ▒ело;52177;00
0404;056;▒. Плаково;56602;00
0404;059;▒. П░и▒ово;58459;00
0404;061;▒. П│╕ево;58791;00
0404;062;▒. П╖ели╣е;58918;00
0404;065;▒. Райков╢и;61861;00
0404;067;▒. Ре▒ен;62517;00
0404;068;▒. Р│▒ал┐;63416;00
0404;070;▒. Самоводене;65200;00
0404;079;▒. Хо▓ни╢а;77356;00
0404;081;▒. Це░ова ко░и┐;78428;00
0404;083;▒. Шем╕ево;83586;00
0404;085;▒. Ше░еме▓┐;83123;00
0404;086;▒. Ялово;87360;00
0406;001;▒. В║░би╢а;12735;00
0406;002;г░. Го░на О░┐╡ови╢а;16359;00
0406;003;▒. Го░▒ки го░ен Т░║мбе╕;17107;00
0406;004;▒. Го░▒ки долен Т░║мбе╕;17124;00
0406;005;г░. Долна О░┐╡ови╢а;22232;00
0406;006;▒. Д░аганово;23100;00
0406;007;▒. К░│╕е▓о;40172;00
0406;008;▒. Паи▒ий;55196;00
0406;009;▒. Пи▒а░ево;56472;00
0406;010;▒. Полик░ай╣е;57217;00
0406;011;▒. П░авда;57981;00
0406;012;▒. П║░вомай╢и;59094;00
0406;013;▒. С▓░еле╢;69780;00
0406;014;▒. Ян▓░а;87453;00
0413;007;▒. Беб░ово;03054;00
0413;010;▒. Бл║▒ков╢и;04460;00
0413;011;▒. Бойков╢и;05164;00
0413;015;▒. Б│йнов╢и;06896;00
0413;036;▒. Г║░дев╢и;18335;00
0413;045;▒. Дебели ░║▓;20268;00
0413;048;▒. Д░ен▓а;23710;00
0413;052;г░. Елена;27190;00
0413;054;▒. Илаков ░║▓;32593;00
0413;062;▒. Камена░и;35729;00
0413;064;▒. Кон▒▓ан▓ин;38337;00
0413;070;▒. Ко▒▓ел;38861;00
0413;073;▒. Май▒ко;46125;00
0413;075;▒. Ма░┐н;47425;00
0413;082;▒. Мийков╢и;48057;00
0413;093;▒. Пали╢и;55261;00
0413;095;▒. Р│╡ов╢и;63495;00
0413;101;▒. С░едни колиби;68429;00
0413;114;▒. Тод╛в╢и;72607;00
0413;118;▒. Чакали;80100;00
0413;121;▒. Яков╢и;87326;00
0414;002;▒. Го░▒ко ново ▒ело;17213;00
0414;004;▒. Дедин╢и;20514;00
0414;006;▒. Долно Шива╖ево;22890;00
0414;008;г░. Зла▓а░и╢а;30962;00
0414;009;▒. Калайджии;35273;00
0414;013;▒. Раз▒о╡а;61830;00
0414;014;▒. Реза╖;62431;00
0414;016;▒. Родина;62877;00
0414;017;▒. Ро▒но;63118;00
0414;018;▒. Сливови╢а;67395;00
0414;019;▒. С░едно ▒ело;68494;00
0420;001;▒. Дж│л╛ни╢а;20835;00
0420;002;▒. Доб░и д┐л;21453;00
0420;003;▒. Д░агижево;23217;00
0420;004;▒. Коза░еве╢;37664;00
0420;005;г░. Л┐▒кове╢;44793;00
0420;006;▒. Ме░дан┐;47826;00
0422;001;▒. Ба▓ак;02823;00
0422;002;▒. Б│▓ово;07123;00
0422;003;г░. Б┐ла Че░ква;07716;00
0422;004;▒. Ви╕овг░ад;11380;00
0422;005;▒. В║░бовка;12783;00
0422;006;▒. Го░на Липни╢а;16290;00
0422;008;▒. Долна Липни╢а;22160;00
0422;009;▒. Дим╖а;21138;00
0422;010;▒. Д║▒ко▓;24685;00
0422;011;▒. Ка░ай▒ен;36289;00
0422;012;▒. Ле▒и╖е░и;43356;00
0422;013;▒. Ми╡ал╢и;48550;00
0422;014;▒. М│▒ина;49429;00
0422;015;▒. Недан;51295;00
0422;016;г░. Павликени;55052;00
0422;017;▒. Па▒калеве╢;55508;00
0422;018;▒. Па▓░е╕;55573;00
0422;019;▒. Ро▒и╢а;63080;00
0422;020;▒. Сломе░;67475;00
0422;021;▒. С▓амболово;68708;00
0426;001;▒. В║░з│ли╢а;12869;00
0426;002;▒. Иван╖а;32175;00
0426;004;▒. Ка░ан╢и;36405;00
0426;005;▒. Климен▓ово;41246;00
0426;006;▒. К│╢ина;40782;00
0426;007;▒. Ма▒ла░ево;47439;00
0426;008;▒. Обединение;53014;00
0426;009;▒. О░лове╢;53905;00
0426;010;▒. Павел;55018;00
0426;011;▒. Пе▓ко Ка░авелово;65471;00
0426;012;▒. Пол▒ки Сенове╢;57340;00
0426;013;г░. Пол▒ки Т░║мбе╕;57354;00
0426;014;▒. Раданово;61279;00
0426;015;▒. С▓е┤ан С▓амболово;17467;00
0426;016;▒. С▓░а╡илово;69732;00
0428;001;▒. Алеково;00237;00
0428;002;▒. Алек▒анд░ово;00285;00
0428;003;▒. Б║лга░▒ко Сливово;07363;00
0428;004;▒. Ва░дим;10118;00
0428;005;▒. Го░на С▓│дена;16393;00
0428;006;▒. Дел┐нов╢и;20630;00
0428;007;▒. Д░агоми░ово;23431;00
0428;008;▒. Козлове╢;37784;00
0428;009;▒. Мо░ава;49028;00
0428;010;▒. Ов╖а могила;53196;00
0428;011;▒. О░е╕;53672;00
0428;012;г░. Сви╣ов;65766;00
0428;013;▒. Сова▓а;67787;00
0428;014;▒. Хаджидими▓░ово;77013;00
0428;015;▒. Ца░еве╢;78121;00
0428;016;▒. Че░вена;80457;00
0431;001;▒. А▒еново;00730;00
0431;002;▒. Балкан╢и;02470;00
0431;003;▒. Благоево;04282;00
0431;004;▒. Б░┐гови╢а;06731;00
0431;005;▒. Виног░ад;11140;00
0431;006;▒. Влади▒лав;11466;00
0431;007;▒. Водно;11750;00
0431;008;▒. Го░▒ки Сенове╢;17155;00
0431;009;▒. Железа░╢и;29091;00
0431;010;▒. Кавлак;35078;00
0431;011;▒. Камен;35657;00
0431;012;▒. Ке▒а░ево;36782;00
0431;013;▒. Лозен;44046;00
0431;014;▒. Л╛бен╢и;44567;00
0431;015;▒. Ми░ово;48341;00
0431;016;▒. Николаево;51593;00
0431;017;▒. Нова в║░бовка;51799;00
0431;018;▒. Ново г░ади╣е;52060;00
0431;020;г░. С▓░ажи╢а;69633;00
0431;021;▒. С│╕и╢а;70408;00
0431;022;▒. Темен│га;72237;00
0431;023;▒. Ца░▒ки изво░;80203;00
0432;001;▒. Б┐ла ░ека;07661;00
0432;002;▒. Го░▒ко Кал│ге░ово;17192;00
0432;003;▒. Го░▒ко Ко▒ово;17208;00
0432;004;▒. Коев╢и;37561;00
0432;005;▒. К░а▒но Г░ади╣е;39582;00
0432;006;г░. С│╡индол;70295;00
[END]

[SEC]
04;0400;001;6;011
04;0400;002;6;011
04;0400;003;6;011
04;0400;004;6;011
04;0400;005;6;011
04;0400;006;6;011
04;0400;007;6;011
04;0400;008;6;011
04;0400;009;6;011
04;0400;010;6;011
04;0400;011;6;011
04;0400;012;6;011
04;0400;013;6;011
04;0400;014;6;011
04;0400;015;6;011
04;0400;016;6;011
04;0400;017;6;011
04;0400;018;6;011
04;0400;019;6;011
04;0400;020;6;011
04;0400;021;6;011
04;0400;022;6;011
04;0400;023;6;011
04;0400;024;6;011
04;0400;025;6;011
04;0400;026;6;011
04;0400;027;6;011
04;0400;028;6;011
04;0400;029;6;011
04;0400;030;6;011
04;0400;031;6;011
04;0400;032;6;011
04;0400;033;6;011
04;0400;034;6;011
04;0400;035;6;011
04;0400;036;6;011
04;0400;037;6;011
04;0400;038;6;011
04;0400;039;6;011
04;0400;040;6;011
04;0400;041;6;011
04;0400;042;6;011
04;0400;043;6;011
04;0400;044;6;011
04;0400;045;6;011
04;0400;046;6;011
04;0400;047;6;011
04;0400;048;6;011
04;0400;049;6;011
04;0400;050;6;011
04;0400;051;6;011
04;0400;052;6;011
04;0400;053;6;011
04;0400;054;6;011
04;0400;055;6;011
04;0400;056;6;011
04;0400;057;6;011
04;0400;058;6;011
04;0400;059;6;011
04;0400;060;6;011
04;0400;061;6;011
04;0400;062;6;011
04;0400;063;6;011
04;0400;064;6;011
04;0400;065;6;011
04;0400;066;6;011
04;0400;067;6;011
04;0400;068;6;011
04;0400;069;6;011
04;0400;070;6;011
04;0400;071;6;011
04;0400;072;6;011
04;0400;073;6;011
04;0400;074;6;011
04;0400;075;6;011
04;0400;076;6;011
04;0400;077;6;011
04;0400;078;6;011
04;0400;079;6;011
04;0400;080;6;011
04;0400;081;6;011
04;0400;082;6;011
04;0400;083;6;011
04;0400;095;6;024
04;0400;096;6;015
04;0400;097;6;029
04;0400;098;6;085
04;0400;099;6;046
04;0400;100;6;052
04;0400;101;6;067
04;0400;102;6;067
04;0400;103;6;067
04;0400;104;6;067
04;0400;105;6;001
04;0400;106;6;070
04;0400;107;6;070
04;0400;108;6;070
04;0400;109;6;079
04;0400;110;6;068
04;0400;111;6;045
04;0400;112;6;083
04;0400;113;6;010
04;0400;114;6;050
04;0400;115;6;061
04;0400;116;6;002
04;0400;117;6;053
04;0400;118;6;013
04;0400;119;6;034
04;0400;120;6;004
04;0400;121;6;024
04;0400;122;6;024
04;0400;123;6;024
04;0400;124;6;024
04;0400;125;6;081
04;0400;126;6;062
04;0400;127;6;048
04;0400;128;6;059
04;0400;129;6;038
04;0400;130;6;039
04;0400;131;6;039
04;0400;132;6;039
04;0400;133;6;012
04;0400;134;6;056
04;0400;135;6;022
04;0400;136;6;051
04;0400;137;6;020
04;0400;138;6;086
04;0400;139;6;018
04;0400;140;6;016
04;0400;141;6;017
04;0400;142;6;065
04;0600;001;6;002
04;0600;002;6;002
04;0600;004;6;002
04;0600;005;6;002
04;0600;006;6;002
04;0600;007;6;002
04;0600;008;6;002
04;0600;009;6;002
04;0600;010;6;002
04;0600;011;6;002
04;0600;012;6;002
04;0600;013;6;002
04;0600;014;6;002
04;0600;015;6;002
04;0600;016;6;002
04;0600;018;6;002
04;0600;019;6;002
04;0600;020;6;002
04;0600;021;6;002
04;0600;022;6;002
04;0600;024;6;002
04;0600;025;6;002
04;0600;026;6;002
04;0600;028;6;002
04;0600;029;6;002
04;0600;030;6;002
04;0600;031;6;002
04;0600;032;6;002
04;0600;033;6;002
04;0600;035;6;002
04;0600;036;6;002
04;0600;037;6;002
04;0600;038;6;002
04;0600;039;6;002
04;0600;041;6;002
04;0600;042;6;002
04;0600;043;6;002
04;0600;044;6;002
04;0600;045;6;002
04;0600;046;6;002
04;0600;047;6;002
04;0600;049;6;002
04;0600;050;6;002
04;0600;051;6;002
04;0600;052;6;002
04;0600;053;6;002
04;0600;054;6;002
04;0600;058;6;011
04;0600;059;6;012
04;0600;060;6;012
04;0600;061;6;012
04;0600;062;6;012
04;0600;063;6;010
04;0600;064;6;010
04;0600;065;6;010
04;0600;066;6;007
04;0600;067;6;005
04;0600;068;6;005
04;0600;069;6;005
04;0600;070;6;005
04;0600;071;6;009
04;0600;072;6;001
04;0600;073;6;001
04;0600;074;6;006
04;0600;075;6;006
04;0600;076;6;006
04;0600;077;6;013
04;0600;078;6;008
04;0600;079;6;014
04;0600;080;6;003
04;0600;081;6;003
04;0600;082;6;004
04;1300;001;6;052
04;1300;002;6;052
04;1300;003;6;052
04;1300;004;6;052
04;1300;005;6;052
04;1300;006;6;052
04;1300;010;6;007
04;1300;011;6;010
04;1300;012;6;011
04;1300;013;6;015
04;1300;014;6;045
04;1300;015;6;048
04;1300;016;6;054
04;1300;017;6;062
04;1300;018;6;064
04;1300;019;6;070
04;1300;020;6;073
04;1300;021;6;075
04;1300;022;6;082
04;1300;023;6;093
04;1300;024;6;095
04;1300;025;6;101
04;1300;026;6;114
04;1300;027;6;118
04;1300;028;6;036
04;1300;029;6;121
04;1400;001;6;008
04;1400;002;6;008
04;1400;003;6;008
04;1400;004;6;016
04;1400;005;6;002
04;1400;006;6;018
04;1400;007;6;017
04;1400;008;6;006
04;1400;009;6;009
04;1400;010;6;014
04;1400;011;6;019
04;1400;012;6;013
04;1400;013;6;004
04;2000;001;6;005
04;2000;002;6;005
04;2000;003;6;005
04;2000;005;6;005
04;2000;006;6;005
04;2000;007;6;005
04;2000;009;6;005
04;2000;010;6;005
04;2000;011;6;005
04;2000;012;6;005
04;2000;014;6;003
04;2000;015;6;006
04;2000;016;6;004
04;2000;017;6;004
04;2000;018;6;002
04;2000;019;6;002
04;2000;020;6;001
04;2000;021;6;001
04;2000;022;6;001
04;2000;023;6;001
04;2200;001;6;016
04;2200;002;6;016
04;2200;003;6;016
04;2200;004;6;016
04;2200;005;6;016
04;2200;006;6;016
04;2200;007;6;016
04;2200;008;6;016
04;2200;009;6;016
04;2200;010;6;016
04;2200;011;6;016
04;2200;012;6;016
04;2200;013;6;016
04;2200;014;6;016
04;2200;016;6;016
04;2200;017;6;016
04;2200;021;6;001
04;2200;022;6;002
04;2200;023;6;003
04;2200;024;6;003
04;2200;025;6;003
04;2200;026;6;004
04;2200;027;6;005
04;2200;028;6;005
04;2200;029;6;006
04;2200;030;6;008
04;2200;031;6;009
04;2200;032;6;010
04;2200;033;6;011
04;2200;034;6;011
04;2200;035;6;012
04;2200;036;6;013
04;2200;037;6;014
04;2200;038;6;015
04;2200;039;6;015
04;2200;040;6;017
04;2200;041;6;018
04;2200;042;6;019
04;2200;043;6;020
04;2200;044;6;021
04;2600;001;6;013
04;2600;002;6;013
04;2600;003;6;013
04;2600;004;6;013
04;2600;005;6;013
04;2600;006;6;014
04;2600;007;6;014
04;2600;008;6;009
04;2600;009;6;004
04;2600;010;6;007
04;2600;011;6;001
04;2600;012;6;008
04;2600;013;6;002
04;2600;014;6;012
04;2600;015;6;015
04;2600;016;6;010
04;2600;017;6;016
04;2600;018;6;011
04;2600;019;6;011
04;2600;020;6;006
04;2600;021;6;005
04;2800;001;6;012
04;2800;002;6;012
04;2800;003;6;012
04;2800;004;6;012
04;2800;005;6;012
04;2800;006;6;012
04;2800;007;6;012
04;2800;008;6;012
04;2800;009;6;012
04;2800;010;6;012
04;2800;011;6;012
04;2800;012;6;012
04;2800;013;6;012
04;2800;014;6;012
04;2800;016;6;012
04;2800;017;6;012
04;2800;018;6;012
04;2800;019;6;012
04;2800;020;6;012
04;2800;021;6;012
04;2800;022;6;012
04;2800;023;6;012
04;2800;024;6;012
04;2800;025;6;012
04;2800;026;6;012
04;2800;027;6;012
04;2800;029;6;012
04;2800;030;6;012
04;2800;031;6;012
04;2800;032;6;012
04;2800;033;6;012
04;2800;034;6;012
04;2800;035;6;012
04;2800;041;6;001
04;2800;044;6;002
04;2800;047;6;003
04;2800;048;6;003
04;2800;050;6;004
04;2800;051;6;004
04;2800;053;6;005
04;2800;056;6;006
04;2800;058;6;007
04;2800;062;6;008
04;2800;063;6;008
04;2800;065;6;009
04;2800;066;6;009
04;2800;069;6;010
04;2800;070;6;010
04;2800;071;6;010
04;2800;073;6;011
04;2800;074;6;011
04;2800;075;6;011
04;2800;078;6;013
04;2800;080;6;014
04;2800;083;6;015
04;2800;084;6;015
04;2800;086;6;016
04;2800;087;6;012
04;2800;088;6;012
04;2800;089;6;012
04;2800;090;6;012
04;3100;001;6;020
04;3100;002;6;020
04;3100;003;6;020
04;3100;004;6;020
04;3100;005;6;020
04;3100;006;6;001
04;3100;007;6;004
04;3100;008;6;002
04;3100;009;6;003
04;3100;010;6;005
04;3100;011;6;006
04;3100;012;6;008
04;3100;013;6;011
04;3100;014;6;011
04;3100;015;6;012
04;3100;016;6;012
04;3100;017;6;009
04;3100;018;6;010
04;3100;019;6;013
04;3100;020;6;015
04;3100;021;6;016
04;3100;022;6;017
04;3100;023;6;018+014
04;3100;026;6;021
04;3100;028;6;022
04;3100;029;6;007
04;3100;030;6;023
04;3200;001;6;006
04;3200;002;6;006
04;3200;003;6;006
04;3200;004;6;005
04;3200;005;6;002
04;3200;006;6;001
04;3200;007;6;003
04;3200;008;6;004
[END]

[MAJ]
04;6;   ;01;;;Пе▓║░ Ки░илов Бе░он и С▓о┐н В║л╖ев Анд░еев;, ;ПКБ+СВА;1086;0;1
04;6;   ;02;;;Пе▓║░ С▓е┤анов С▓о┐нов и Нели Пе▓░ова К│╢кова;, ;ПСС+НПК;32361;2;2
04;6;   ;03;;;Богомил Ангелов Бонев и А▓ана▒ Иванов Желез╖ев;, ;БАБ+АИЖ;24765;0;3
04;6;   ;04;;;Жо░ж Ган╖ев Ган╖ев и Ве▒елин С▓о┐нов Бон╖ев;, ;ЖГГ+ВСБ;4008;0;4
04;6;   ;05;;;Гео░ги Седе┤╖ов П║░ванов и Ангел Иванов Ма░ин;, ;ГСП+АИМ;39789;2;5
04;6;   ;06;;;Рене▓а Иванова Инджова и К░║▒▓╛ Николов Илов;, ;РИИ+КНИ;3361;0;6
[END]

[PROP]
[END]

[LISTI]
[END]

[PROT]
6;04;0400;001;824+0+279+279+1+4+5+0+274;4+112+77+6+65+10
6;04;0400;002;834+0+223+223+0+1+1+0+222;7+69+61+10+61+14
6;04;0400;003;745+2+184+184+2+2+4+0+180;8+58+20+4+74+16
6;04;0400;004;607+1+234+234+1+0+1+12+233;8+97+48+10+58+12
6;04;0400;005;173+2+23+23+0+0+0+0+23;0+13+8+0+2+0
6;04;0400;006;508+0+192+192+1+0+1+0+191;0+95+36+8+46+6
6;04;0400;007;647+1+236+236+0+0+0+14+236;1+116+60+5+47+7
6;04;0400;008;652+1+285+285+0+0+0+2+285;1+136+70+7+64+7
6;04;0400;009;828+1+335+335+0+0+0+12+335;0+160+76+8+83+8
6;04;0400;010;586+0+174+174+0+0+0+8+174;3+86+49+4+30+2
6;04;0400;011;528+1+201+201+1+0+1+4+200;1+70+60+2+57+10
6;04;0400;012;743+0+242+242+1+0+1+0+241;1+116+58+4+61+1
6;04;0400;013;661+1+298+298+2+0+2+11+296;4+126+79+10+63+14
6;04;0400;014;551+0+256+256+0+0+0+0+256;0+109+55+1+87+4
6;04;0400;015;758+1+336+336+0+0+0+15+336;3+135+63+8+123+4
6;04;0400;016;624+0+291+291+0+0+0+11+291;1+93+64+3+119+11
6;04;0400;017;535+2+231+231+1+0+1+10+230;2+84+57+10+74+3
6;04;0400;018;520+1+247+247+0+0+0+9+247;3+86+55+11+88+4
6;04;0400;019;545+1+236+236+1+0+1+14+235;1+87+53+2+85+7
6;04;0400;020;507+0+226+226+3+0+3+0+223;0+91+60+1+69+2
6;04;0400;021;622+0+313+313+0+0+0+32+313;1+118+64+4+111+15
6;04;0400;022;622+0+247+247+0+0+0+12+247;1+81+63+8+87+7
6;04;0400;023;467+0+182+182+2+0+2+9+180;2+71+48+0+57+2
6;04;0400;024;662+0+250+250+0+1+1+0+249;1+78+73+4+84+9
6;04;0400;025;368+1+124+124+0+0+0+3+124;5+40+37+3+32+7
6;04;0400;026;546+2+210+210+0+0+0+5+210;1+80+64+5+54+6
6;04;0400;027;544+1+228+228+1+0+1+8+227;0+95+47+4+69+12
6;04;0400;028;557+0+262+262+0+0+0+0+262;0+84+52+3+112+11
6;04;0400;029;549+0+221+221+0+0+0+0+221;1+87+45+1+82+5
6;04;0400;030;683+0+221+221+0+0+0+0+221;0+81+66+12+45+17
6;04;0400;031;635+0+244+244+0+0+0+0+244;1+78+80+3+68+14
6;04;0400;032;706+1+261+261+1+0+1+17+260;1+103+54+2+95+5
6;04;0400;033;717+0+223+223+0+0+0+8+223;2+68+77+6+64+6
6;04;0400;034;1125+2+375+375+0+0+0+9+375;0+144+122+11+79+19
6;04;0400;035;1213+3+412+412+1+1+2+2+410;0+136+152+14+98+10
6;04;0400;036;842+1+333+333+0+2+2+0+331;1+128+76+4+112+10
6;04;0400;037;736+0+267+267+2+1+3+16+264;0+75+74+10+97+8
6;04;0400;038;919+0+336+336+0+0+0+0+336;2+93+112+6+113+10
6;04;0400;039;766+1+346+346+0+1+1+19+345;2+113+73+8+136+13
6;04;0400;040;696+0+338+338+2+0+2+19+336;1+90+74+1+161+9
6;04;0400;041;667+1+275+275+2+0+2+21+273;3+86+68+7+100+9
6;04;0400;042;838+0+366+366+2+0+2+21+364;3+122+80+7+143+9
6;04;0400;043;826+0+336+336+0+2+2+0+334;3+92+81+13+135+10
6;04;0400;044;658+0+257+257+1+0+1+6+256;0+124+47+6+77+2
6;04;0400;045;579+1+240+240+1+0+1+15+239;0+67+74+10+79+9
6;04;0400;046;634+3+238+238+0+0+0+10+238;2+71+64+4+91+6
6;04;0400;047;904+1+357+357+3+0+3+11+354;0+142+100+7+93+12
6;04;0400;048;952+3+379+379+1+0+1+19+378;3+139+102+7+117+10
6;04;0400;049;842+0+348+348+0+0+0+5+348;2+136+87+9+103+11
6;04;0400;050;739+0+287+287+3+0+3+8+284;0+94+77+4+99+10
6;04;0400;051;1194+0+386+386+2+0+2+11+384;0+110+125+13+122+14
6;04;0400;052;1249+0+393+393+0+0+0+0+393;2+127+100+17+129+18
6;04;0400;053;1000+1+446+446+0+0+0+19+446;1+122+139+8+163+13
6;04;0400;054;1007+0+358+358+1+0+1+30+357;2+130+108+10+94+13
6;04;0400;055;668+1+243+243+0+0+0+6+243;0+61+70+11+94+7
6;04;0400;056;762+0+297+297+0+0+0+10+297;3+89+90+11+92+12
6;04;0400;057;1083+0+286+286+2+0+2+6+284;1+93+89+16+79+6
6;04;0400;058;1087+2+333+333+0+0+0+16+333;2+120+87+12+105+7
6;04;0400;059;918+0+340+340+1+1+2+17+338;0+130+92+10+96+10
6;04;0400;060;753+0+273+273+1+0+1+6+272;1+103+83+7+68+10
6;04;0400;061;795+1+291+291+0+1+1+8+290;1+109+85+14+68+13
6;04;0400;062;888+0+299+299+3+0+3+3+296;0+127+76+3+82+8
6;04;0400;063;609+0+173+173+1+0+1+4+172;1+63+62+10+34+2
6;04;0400;064;865+0+269+269+0+0+0+9+269;3+115+75+9+56+11
6;04;0400;065;667+0+266+266+1+0+1+5+265;3+115+81+6+55+5
6;04;0400;066;712+0+228+228+0+0+0+12+228;1+66+72+8+71+10
6;04;0400;067;934+0+266+266+0+0+0+8+266;1+111+75+17+57+5
6;04;0400;068;531+0+180+180+0+0+0+0+180;2+90+49+5+29+5
6;04;0400;069;508+0+180+180+0+0+0+6+180;2+70+57+4+39+8
6;04;0400;070;797+0+277+277+0+1+1+4+276;1+119+82+8+53+13
6;04;0400;071;987+0+347+347+1+0+1+8+346;2+123+109+16+77+19
6;04;0400;072;732+0+282+282+1+0+1+7+281;1+90+86+13+73+18
6;04;0400;073;774+0+232+232+1+0+1+11+231;1+97+79+6+42+6
6;04;0400;074;795+0+235+235+0+0+0+16+235;0+81+80+7+56+11
6;04;0400;075;888+0+265+265+0+0+0+0+265;1+117+78+7+57+5
6;04;0400;076;1057+0+323+323+0+1+1+10+322;2+104+127+13+63+13
6;04;0400;077;787+0+217+217+0+0+0+6+217;1+87+69+10+43+7
6;04;0400;078;800+0+244+244+2+0+2+0+242;0+112+58+11+56+5
6;04;0400;079;733+0+264+264+1+1+2+5+262;3+86+91+6+57+19
6;04;0400;080;977+0+283+283+2+0+2+16+281;6+119+89+12+44+11
6;04;0400;081;811+0+247+247+0+1+1+10+246;4+113+68+10+44+7
6;04;0400;082;111+0+82+82+2+0+2+12+80;2+26+12+4+34+2
6;04;0400;083;35+1+28+28+0+0+0+0+28;1+13+5+1+7+1
6;04;0400;095;721+0+275+275+1+0+1+0+274;0+71+81+4+108+10
6;04;0400;096;599+4+315+315+1+0+1+0+314;3+96+38+8+161+8
6;04;0400;097;317+5+189+189+3+2+5+0+184;2+37+30+4+105+6
6;04;0400;098;197+3+107+107+0+0+0+2+107;2+31+33+5+35+1
6;04;0400;099;251+3+113+113+0+0+0+4+113;5+54+15+7+29+3
6;04;0400;100;451+9+289+289+0+1+1+17+288;2+81+25+10+167+3
6;04;0400;101;409+0+194+194+0+0+0+0+194;2+36+54+8+93+1
6;04;0400;102;679+3+322+322+0+0+0+9+322;1+117+65+3+130+6
6;04;0400;103;414+0+195+195+0+0+0+8+195;0+54+40+8+85+8
6;04;0400;104;545+3+164+164+1+0+1+0+163;1+45+38+11+63+5
6;04;0400;105;233+1+130+130+1+0+1+3+129;0+59+37+2+30+1
6;04;0400;106;626+0+242+242+0+0+0+9+242;0+71+63+8+97+3
6;04;0400;107;520+1+204+204+0+2+2+9+202;2+68+35+1+90+6
6;04;0400;108;493+1+186+186+1+0+1+0+185;1+75+45+2+55+7
6;04;0400;109;395+4+181+181+1+0+1+7+180;2+72+25+4+73+4
6;04;0400;110;292+3+178+178+0+1+1+9+177;3+42+22+10+98+2
6;04;0400;111;707+3+371+371+0+0+0+17+371;8+96+61+11+191+4
6;04;0400;112;418+4+212+212+0+0+0+8+212;3+56+56+10+78+9
6;04;0400;113;70+7+59+59+0+0+0+1+59;1+19+5+1+32+1
6;04;0400;114;161+5+128+128+0+1+1+9+127;2+50+12+3+59+1
6;04;0400;115;143+8+99+99+0+1+1+6+98;1+32+18+1+44+2
6;04;0400;116;431+7+229+229+0+1+1+0+228;2+52+38+12+119+5
6;04;0400;117;617+2+352+352+0+0+0+0+352;10+94+53+10+167+18
6;04;0400;118;140+5+97+97+0+0+0+0+97;1+25+12+0+58+1
6;04;0400;119;99+4+83+83+0+0+0+8+83;0+31+11+0+40+1
6;04;0400;120;722+2+279+279+2+0+2+0+277;1+103+72+9+88+4
6;04;0400;121;690+1+293+293+0+2+2+15+291;4+84+85+16+93+9
6;04;0400;122;732+0+330+330+0+0+0+0+330;2+105+81+13+117+12
6;04;0400;123;651+0+278+278+3+0+3+0+275;1+82+79+16+90+7
6;04;0400;124;709+3+330+330+1+1+2+0+328;8+107+66+13+125+9
6;04;0400;125;390+1+228+228+0+0+0+14+228;4+61+50+3+104+6
6;04;0400;126;452+3+266+266+1+0+1+0+265;4+101+60+9+75+16
6;04;0400;127;220+3+145+145+0+1+1+0+144;2+57+18+5+59+3
6;04;0400;128;721+2+387+387+1+2+3+15+384;3+130+91+21+129+10
6;04;0400;129;315+6+171+171+1+0+1+0+170;0+54+38+4+72+2
6;04;0400;130;805+1+361+361+0+1+1+0+360;6+102+112+8+124+8
6;04;0400;131;651+0+272+272+1+3+4+0+268;2+51+89+2+120+4
6;04;0400;132;637+0+210+210+1+0+1+0+209;8+58+61+10+64+8
6;04;0400;133;159+7+120+120+0+0+0+0+120;2+40+30+4+38+6
6;04;0400;134;276+1+139+139+0+0+0+6+139;1+38+27+4+58+11
6;04;0400;135;28+4+23+23+0+0+0+0+23;1+2+4+0+15+1
6;04;0400;136;42+1+34+34+0+0+0+0+34;0+7+4+2+19+2
6;04;0400;137;81+4+62+62+0+1+1+3+61;0+20+11+1+26+3
6;04;0400;138;59+3+47+47+0+1+1+0+46;1+10+9+0+22+4
6;04;0400;139;64+4+68+68+0+0+0+0+68;2+17+10+1+36+2
6;04;0400;140;136+3+85+85+0+0+0+0+85;1+13+24+2+36+9
6;04;0400;141;239+6+126+126+0+0+0+0+126;1+29+32+1+60+3
6;04;0400;142;74+3+43+43+3+0+3+0+40;0+13+2+0+25+0
6;04;0600;001;574+0+277+277+0+0+0+19+277;2+94+77+7+87+10
6;04;0600;002;789+0+353+353+0+0+0+0+353;0+133+76+8+124+12
6;04;0600;004;608+0+254+254+4+0+4+8+250;0+79+64+3+96+8
6;04;0600;005;779+0+327+327+0+0+0+18+327;1+82+98+3+134+9
6;04;0600;006;714+0+228+228+0+0+0+10+228;1+54+83+11+76+3
6;04;0600;007;690+1+334+334+0+1+1+12+333;3+118+70+3+129+10
6;04;0600;008;710+0+299+299+0+0+0+0+299;1+99+84+5+100+10
6;04;0600;009;1030+1+420+420+0+0+0+12+420;2+119+119+12+160+8
6;04;0600;010;785+1+344+344+0+1+1+30+343;2+116+82+13+116+14
6;04;0600;011;843+0+366+366+0+0+0+0+366;6+153+80+5+113+9
6;04;0600;012;671+1+245+245+1+0+1+13+244;2+62+84+3+87+6
6;04;0600;013;828+0+334+334+2+1+3+0+331;2+90+102+8+112+17
6;04;0600;014;706+0+315+315+0+0+0+15+315;2+108+102+13+81+9
6;04;0600;015;795+1+300+300+0+2+2+0+298;4+96+68+5+114+11
6;04;0600;016;757+0+286+286+0+1+1+11+285;2+69+78+8+115+13
6;04;0600;018;785+0+318+318+0+1+1+12+317;3+86+77+8+121+22
6;04;0600;019;639+0+268+268+0+0+0+8+268;3+81+85+9+83+7
6;04;0600;020;743+0+269+269+1+0+1+7+268;1+81+102+5+70+9
6;04;0600;021;686+0+239+239+0+1+1+0+238;0+57+59+8+112+2
6;04;0600;022;659+0+252+252+0+0+0+0+252;0+82+67+12+86+5
6;04;0600;024;955+0+285+285+1+0+1+10+284;5+117+74+30+47+11
6;04;0600;025;697+0+265+265+0+0+0+5+265;3+96+54+3+99+10
6;04;0600;026;759+1+346+346+0+0+0+10+346;1+110+88+8+131+8
6;04;0600;028;775+2+334+334+0+0+0+0+334;0+87+94+9+140+4
6;04;0600;029;704+0+275+275+0+0+0+0+275;2+75+75+12+101+10
6;04;0600;030;586+1+235+235+0+0+0+0+235;2+65+61+5+94+8
6;04;0600;031;793+0+262+262+0+0+0+6+262;2+72+95+10+68+15
6;04;0600;032;717+0+225+225+0+1+1+5+224;2+72+64+13+55+18
6;04;0600;033;698+0+269+269+0+0+0+10+269;1+81+83+9+84+11
6;04;0600;035;684+0+262+262+0+1+1+7+261;3+80+77+10+77+14
6;04;0600;036;794+0+267+267+4+0+4+4+263;1+91+87+9+65+10
6;04;0600;037;696+0+262+262+0+0+2+0+260;1+80+68+9+96+6
6;04;0600;038;792+0+227+227+3+0+3+13+224;0+66+72+11+64+11
6;04;0600;039;669+0+244+244+1+0+1+0+243;0+50+101+4+75+13
6;04;0600;041;665+0+174+174+0+0+0+7+174;1+55+62+8+45+3
6;04;0600;042;805+0+263+263+2+0+2+14+261;2+52+114+14+64+15
6;04;0600;043;755+0+245+245+0+0+0+6+245;2+48+83+8+92+12
6;04;0600;044;561+0+206+206+0+0+0+0+206;0+59+64+7+71+5
6;04;0600;045;653+0+185+185+1+0+1+6+184;0+62+42+12+62+6
6;04;0600;046;687+0+234+234+0+0+0+8+234;0+62+98+11+57+6
6;04;0600;047;54+0+43+43+0+0+0+0+43;0+13+10+4+14+2
6;04;0600;049;552+0+239+239+2+0+2+0+237;1+46+76+6+106+2
6;04;0600;050;702+2+288+288+0+0+0+9+288;2+79+81+7+113+6
6;04;0600;051;692+1+292+292+0+1+1+8+291;1+63+89+18+105+15
6;04;0600;052;713+0+249+249+0+0+0+0+249;2+51+83+7+101+5
6;04;0600;053;773+0+322+322+0+2+2+0+320;5+92+75+17+120+11
6;04;0600;054;698+1+259+259+0+0+0+14+259;3+78+51+15+96+16
6;04;0600;058;595+1+266+266+0+1+1+0+265;2+65+88+15+93+2
6;04;0600;059;805+0+361+361+1+0+1+0+360;1+86+101+17+138+17
6;04;0600;060;790+0+340+340+0+0+0+0+340;2+75+114+13+132+4
6;04;0600;061;607+1+262+262+1+0+1+0+261;3+79+73+10+91+5
6;04;0600;062;488+0+236+236+0+1+1+0+235;1+97+48+6+70+13
6;04;0600;063;710+0+338+338+3+0+3+0+335;1+87+120+9+112+6
6;04;0600;064;715+1+308+308+2+0+2+0+306;5+136+51+10+98+6
6;04;0600;065;504+0+192+192+0+0+0+0+192;2+68+45+13+64+0
6;04;0600;066;810+2+406+406+0+1+1+0+405;7+169+76+16+122+15
6;04;0600;067;680+0+287+287+0+2+2+7+285;2+80+80+9+105+9
6;04;0600;068;679+1+333+333+1+0+1+0+332;5+90+106+16+106+9
6;04;0600;069;812+3+366+366+3+0+3+0+363;3+98+98+25+129+10
6;04;0600;070;787+1+369+369+0+0+0+15+369;5+131+105+20+98+10
6;04;0600;071;809+1+335+335+0+4+4+24+331;4+52+101+16+144+14
6;04;0600;072;384+3+163+163+0+0+0+15+163;1+33+32+8+84+5
6;04;0600;073;520+0+193+193+2+2+4+11+189;2+25+20+12+98+32
6;04;0600;074;780+1+294+294+0+4+4+12+290;7+115+54+25+74+15
6;04;0600;075;761+1+317+317+1+4+5+0+312;2+104+75+6+109+16
6;04;0600;076;775+4+339+339+1+0+1+0+338;6+104+106+15+92+15
6;04;0600;077;367+0+225+225+1+0+1+0+224;6+48+45+20+98+7
6;04;0600;078;147+10+85+85+0+0+0+2+85;1+31+9+5+34+5
6;04;0600;079;525+0+236+236+0+0+0+11+236;2+86+35+6+103+4
6;04;0600;080;51+0+17+17+1+0+1+1+16;0+4+1+2+9+0
6;04;0600;081;132+3+83+83+1+0+1+3+82;0+28+18+1+24+11
6;04;0600;082;259+0+157+157+0+1+1+5+156;5+39+25+12+63+12
6;04;1300;001;958+2+443+443+0+3+3+16+440;5+100+128+14+183+10
6;04;1300;002;1078+0+492+492+0+4+4+25+488;3+135+136+21+176+17
6;04;1300;003;1036+1+474+474+2+1+3+34+471;3+123+141+16+170+18
6;04;1300;004;880+0+425+425+2+0+2+24+423;1+100+114+10+182+16
6;04;1300;005;777+0+335+335+1+1+2+13+333;4+107+88+13+110+11
6;04;1300;006;878+2+334+334+1+0+1+13+333;2+90+116+17+92+16
6;04;1300;010;381+3+192+192+0+3+3+0+189;3+50+29+26+76+5
6;04;1300;011;46+3+29+29+0+0+0+0+29;1+10+4+0+14+0
6;04;1300;012;78+5+47+47+0+0+0+0+47;1+13+18+4+6+5
6;04;1300;013;177+3+88+88+0+0+0+2+88;1+18+12+3+50+4
6;04;1300;014;20+5+15+15+0+0+0+0+15;0+6+5+0+3+1
6;04;1300;015;145+7+107+107+1+1+2+4+105;1+47+13+2+42+0
6;04;1300;016;137+3+66+66+0+1+1+0+65;2+13+13+3+32+2
6;04;1300;017;222+2+139+139+0+0+0+4+139;5+38+25+11+51+9
6;04;1300;018;934+5+377+377+0+0+0+17+377;10+129+69+15+151+3
6;04;1300;019;148+4+104+104+1+0+1+5+103;3+44+18+2+34+2
6;04;1300;020;749+5+316+316+0+2+2+9+314;16+86+29+23+150+10
6;04;1300;021;130+4+89+89+1+0+1+6+88;0+16+23+3+41+5
6;04;1300;022;97+4+49+49+0+1+1+3+48;0+16+6+1+23+2
6;04;1300;023;189+8+108+108+0+0+0+0+108;1+24+12+9+59+3
6;04;1300;024;168+6+125+125+0+0+0+5+125;0+25+46+8+44+2
6;04;1300;025;93+4+44+44+1+0+1+0+43;2+10+12+1+16+2
6;04;1300;026;101+5+65+65+0+0+0+2+65;2+29+15+2+14+3
6;04;1300;027;98+5+70+70+0+0+0+0+70;1+12+18+2+36+1
6;04;1300;028;48+8+47+47+0+0+0+2+47;2+18+14+0+13+0
6;04;1300;029;66+1+32+32+0+0+0+3+32;0+12+7+5+6+2
6;04;1400;001;713+0+297+297+0+0+0+19+297;7+62+77+14+132+5
6;04;1400;002;797+2+254+254+0+1+1+8+253;3+54+52+15+121+8
6;04;1400;003;617+0+260+260+0+1+1+1+259;1+56+82+12+97+11
6;04;1400;004;416+11+263+263+1+3+4+0+259;7+101+37+9+96+9
6;04;1400;005;502+10+317+317+1+0+1+13+316;11+93+52+21+132+7
6;04;1400;006;162+8+99+99+1+0+1+5+98;1+20+26+3+47+1
6;04;1400;007;127+2+90+90+0+0+0+0+90;1+24+12+7+45+1
6;04;1400;008;85+1+54+54+0+0+0+0+54;1+22+15+1+12+3
6;04;1400;009;182+2+118+118+0+0+0+0+118;4+49+29+7+23+6
6;04;1400;010;119+2+82+82+0+0+0+3+82;5+63+6+1+4+3
6;04;1400;011;134+1+91+91+1+0+1+2+90;3+57+22+2+5+1
6;04;1400;012;75+2+42+42+0+0+0+0+42;0+11+5+2+22+2
6;04;1400;013;95+2+64+64+0+0+0+0+64;1+7+19+4+32+1
6;04;2000;001;626+0+286+286+0+1+1+10+285;1+77+91+11+100+5
6;04;2000;002;723+0+313+313+1+0+1+0+312;3+90+91+12+101+15
6;04;2000;003;739+1+276+276+0+0+0+0+276;1+88+114+5+64+4
6;04;2000;005;884+0+330+330+0+0+0+22+330;3+96+85+7+125+14
6;04;2000;006;911+1+365+365+1+0+1+0+364;2+91+101+16+144+10
6;04;2000;007;1060+0+399+399+3+0+3+10+396;3+114+95+17+157+10
6;04;2000;009;800+0+258+258+0+0+0+13+258;3+62+90+10+86+7
6;04;2000;010;922+1+316+316+1+0+1+14+315;2+74+105+25+99+10
6;04;2000;011;700+0+329+329+0+1+1+18+328;2+102+84+14+121+5
6;04;2000;012;768+0+326+326+0+2+2+18+324;2+77+94+20+119+12
6;04;2000;014;658+1+335+335+0+0+0+0+335;2+85+94+15+127+12
6;04;2000;015;594+4+263+263+0+0+0+0+263;2+81+71+12+91+6
6;04;2000;016;397+1+193+193+0+0+0+7+193;1+41+68+11+63+9
6;04;2000;017;545+2+283+283+1+1+2+0+281;2+55+89+10+121+4
6;04;2000;018;436+3+232+232+0+1+1+11+231;3+55+75+10+85+3
6;04;2000;019;554+2+276+276+2+0+2+23+274;9+64+76+9+109+7
6;04;2000;020;519+3+281+281+0+3+3+14+278;1+47+83+15+131+1
6;04;2000;021;526+1+287+287+1+2+3+6+284;4+46+79+33+108+14
6;04;2000;022;455+2+249+249+4+0+4+0+245;4+62+66+18+89+6
6;04;2000;023;579+0+316+316+1+1+2+0+314;2+62+74+24+149+3
6;04;2200;001;723+0+281+281+0+0+0+0+281;0+67+84+5+120+5
6;04;2200;002;727+1+327+327+0+0+0+0+327;1+87+94+7+128+10
6;04;2200;003;538+1+173+173+0+0+0+1+173;0+51+54+9+51+8
6;04;2200;004;683+1+267+267+3+1+4+11+263;3+103+65+4+81+7
6;04;2200;005;595+2+232+232+1+0+1+9+231;1+66+49+14+96+5
6;04;2200;006;805+0+350+350+0+1+1+7+349;1+117+90+5+130+6
6;04;2200;007;930+1+381+381+0+0+0+0+381;2+100+82+17+169+11
6;04;2200;008;593+1+247+247+1+0+1+9+246;2+95+51+7+82+9
6;04;2200;009;686+1+245+245+2+0+2+5+243;1+71+56+6+102+7
6;04;2200;010;687+1+221+221+0+0+0+9+221;4+61+23+6+127+0
6;04;2200;011;965+0+383+383+0+4+4+0+379;5+75+74+8+204+13
6;04;2200;012;659+1+318+318+1+0+1+14+317;0+69+57+11+174+6
6;04;2200;013;714+1+324+324+1+2+3+9+321;4+94+67+6+138+12
6;04;2200;014;665+1+228+228+0+0+0+0+228;1+52+73+16+81+5
6;04;2200;016;730+0+342+342+0+0+0+0+342;0+93+83+10+137+19
6;04;2200;017;748+2+287+287+0+0+0+0+287;0+81+91+15+95+5
6;04;2200;021;737+0+381+381+0+3+3+0+378;13+83+35+16+221+10
6;04;2200;022;928+3+423+423+0+2+2+23+421;5+77+107+19+199+14
6;04;2200;023;838+1+375+375+2+2+4+11+371;4+142+78+8+132+7
6;04;2200;024;705+1+270+270+0+0+0+0+270;6+116+42+11+91+4
6;04;2200;025;876+3+308+308+0+1+1+0+307;5+101+37+8+149+7
6;04;2200;026;427+2+222+222+1+1+2+23+220;1+60+26+5+122+6
6;04;2200;027;580+4+215+215+0+1+1+0+214;6+64+21+4+110+9
6;04;2200;028;422+1+117+117+0+0+0+0+117;2+18+16+3+72+6
6;04;2200;029;684+2+380+380+2+4+6+33+374;6+85+39+15+225+4
6;04;2200;030;967+2+438+438+0+1+1+0+437;8+109+60+22+232+6
6;04;2200;031;380+6+244+244+1+2+3+10+241;1+46+22+8+159+5
6;04;2200;032;411+4+240+240+0+1+1+6+239;1+40+36+8+148+6
6;04;2200;033;696+0+379+379+0+0+0+29+379;1+107+50+10+202+9
6;04;2200;034;654+2+314+314+1+1+2+19+312;1+71+70+9+154+7
6;04;2200;035;552+0+263+263+0+0+0+0+263;1+62+27+14+158+1
6;04;2200;036;765+4+424+424+0+2+2+12+422;2+67+76+16+255+6
6;04;2200;037;206+2+142+142+1+0+1+2+141;5+40+19+8+66+3
6;04;2200;038;615+0+322+322+1+1+2+30+320;6+81+31+10+185+7
6;04;2200;039;740+2+343+343+1+4+5+14+338;4+79+61+14+147+33
6;04;2200;040;297+6+205+205+0+0+0+0+205;5+73+27+10+88+2
6;04;2200;041;635+4+377+377+1+3+4+15+373;6+82+46+23+209+7
6;04;2200;042;178+1+139+139+0+0+0+0+139;0+67+13+6+50+3
6;04;2200;043;607+3+356+356+2+2+4+0+352;9+130+47+10+149+7
6;04;2200;044;661+4+296+296+1+0+1+20+295;6+84+46+10+139+10
6;04;2600;001;873+0+355+355+1+2+3+8+352;3+98+109+23+112+7
6;04;2600;002;889+0+322+322+0+0+0+10+322;2+69+95+13+129+14
6;04;2600;003;831+0+328+328+0+2+2+13+326;4+77+72+19+141+13
6;04;2600;004;884+0+392+392+2+1+3+11+389;5+104+85+21+158+16
6;04;2600;005;967+0+452+452+1+0+1+0+451;3+131+139+3+163+12
6;04;2600;006;718+0+340+340+0+0+0+12+340;2+62+114+16+141+5
6;04;2600;007;729+1+340+340+2+2+4+17+336;4+97+71+15+142+7
6;04;2600;008;563+4+352+352+2+3+5+19+347;5+101+39+9+184+9
6;04;2600;009;385+0+208+208+0+0+0+8+208;4+52+28+10+111+3
6;04;2600;010;814+0+420+420+2+3+5+0+415;6+117+77+18+189+8
6;04;2600;011;245+2+177+177+0+2+2+9+175;6+46+36+5+82+0
6;04;2600;012;860+2+444+444+2+0+2+39+442;3+118+68+15+226+12
6;04;2600;013;552+2+350+350+2+1+3+31+347;1+62+60+8+206+10
6;04;2600;014;926+10+530+530+1+1+2+32+528;3+203+58+7+255+2
6;04;2600;015;237+10+142+142+0+0+0+9+142;2+42+21+3+70+4
6;04;2600;016;941+2+453+453+1+0+1+0+452;7+72+148+19+194+12
6;04;2600;017;1066+3+464+464+1+2+3+0+461;5+102+91+16+240+7
6;04;2600;018;686+1+254+254+1+2+3+3+251;4+58+66+6+111+6
6;04;2600;019;749+1+263+263+1+0+1+15+262;10+85+43+13+97+14
6;04;2600;020;619+5+284+284+1+1+2+14+282;4+64+60+19+125+10
6;04;2600;021;877+0+345+345+1+1+2+6+343;2+107+104+13+111+6
6;04;2800;001;622+0+190+190+0+1+1+5+189;8+69+36+14+54+8
6;04;2800;002;569+0+268+268+0+0+0+0+268;5+92+64+10+89+8
6;04;2800;003;588+1+213+213+1+1+2+7+211;1+50+48+20+81+11
6;04;2800;004;84+1+58+58+0+0+0+0+58;0+7+7+3+40+1
6;04;2800;005;701+0+226+226+0+1+1+0+225;3+84+57+7+64+10
6;04;2800;006;589+2+273+273+0+0+0+8+273;2+105+75+5+73+13
6;04;2800;007;478+1+231+231+0+0+0+0+231;1+92+33+5+88+12
6;04;2800;008;517+1+256+256+0+0+0+0+256;0+81+48+6+112+9
6;04;2800;009;639+1+215+215+1+1+2+14+213;7+67+47+16+48+28
6;04;2800;010;663+0+220+220+0+0+0+12+220;2+77+41+2+81+17
6;04;2800;011;792+1+312+312+0+0+0+21+312;1+122+86+7+87+9
6;04;2800;012;715+0+313+313+2+0+2+0+311;3+116+69+4+113+6
6;04;2800;013;677+2+324+324+0+0+0+0+324;0+120+48+11+128+17
6;04;2800;014;599+4+218+218+0+0+0+0+218;0+76+51+2+83+6
6;04;2800;016;726+0+344+344+0+1+1+6+343;2+113+75+4+141+8
6;04;2800;017;826+1+377+377+0+0+0+15+377;4+126+106+11+120+10
6;04;2800;018;752+0+289+289+0+0+0+18+289;3+102+73+7+94+10
6;04;2800;019;657+0+225+225+0+0+0+0+225;0+102+61+12+42+8
6;04;2800;020;810+1+237+237+0+1+1+0+236;2+95+59+10+66+4
6;04;2800;021;824+0+321+321+0+1+1+19+320;4+114+83+4+107+8
6;04;2800;022;745+1+301+301+0+0+0+0+301;0+140+49+7+91+14
6;04;2800;023;690+0+267+267+0+1+1+6+266;0+103+63+7+84+9
6;04;2800;024;755+0+324+324+0+3+3+30+321;1+120+86+4+102+8
6;04;2800;025;642+0+224+224+0+0+0+4+224;6+78+46+11+78+5
6;04;2800;026;753+0+274+274+1+1+2+9+272;3+101+49+12+91+16
6;04;2800;027;224+4+50+50+0+0+0+0+50;0+32+7+1+10+0
6;04;2800;029;38+0+12+12+0+0+0+0+12;1+5+2+1+2+1
6;04;2800;030;126+0+97+97+0+0+0+0+97;7+41+7+14+24+4
6;04;2800;031;891+4+330+330+0+1+1+0+329;1+122+73+6+123+4
6;04;2800;032;775+2+284+284+0+0+0+0+284;4+92+57+13+102+16
6;04;2800;033;603+0+268+268+0+0+0+7+268;3+105+66+4+79+11
6;04;2800;034;992+0+276+276+0+0+0+3+276;5+78+98+19+63+13
6;04;2800;035;775+0+233+233+0+1+1+6+232;5+95+65+17+36+14
6;04;2800;041;742+1+369+369+0+1+1+13+368;9+133+53+12+155+6
6;04;2800;044;259+3+180+180+1+2+3+10+177;2+43+26+6+99+1
6;04;2800;047;726+0+336+336+1+0+1+30+335;2+103+58+17+149+6
6;04;2800;048;723+0+360+360+0+5+5+0+355;2+87+73+24+163+6
6;04;2800;050;615+0+246+246+2+0+2+0+244;5+62+63+16+93+5
6;04;2800;051;463+2+147+147+0+2+2+0+145;5+42+27+2+66+3
6;04;2800;053;619+0+297+297+0+1+1+0+296;1+52+47+11+177+8
6;04;2800;056;205+2+119+119+0+0+0+0+119;1+24+22+10+62+0
6;04;2800;058;870+3+471+471+1+2+3+25+468;8+99+67+15+265+14
6;04;2800;062;655+0+335+335+0+1+1+0+334;7+102+44+10+164+7
6;04;2800;063;912+3+464+464+4+2+6+0+458;9+126+76+24+216+7
6;04;2800;065;544+0+209+209+0+0+0+8+209;4+57+19+10+104+15
6;04;2800;066;687+2+314+314+1+0+1+18+313;4+81+30+30+153+15
6;04;2800;069;550+3+287+287+1+1+2+0+285;3+42+36+11+185+8
6;04;2800;070;615+0+286+286+1+0+1+0+285;4+32+28+18+201+2
6;04;2800;071;483+2+207+207+0+0+0+23+207;0+55+18+4+127+3
6;04;2800;073;658+0+341+341+0+0+0+0+341;3+180+55+22+75+6
6;04;2800;074;558+1+259+259+0+2+2+12+257;4+119+34+11+80+9
6;04;2800;075;673+1+334+334+0+1+1+11+333;4+158+46+25+87+13
6;04;2800;078;230+2+143+143+0+0+0+8+143;1+36+5+14+82+5
6;04;2800;080;994+2+394+394+0+1+1+24+393;5+145+58+27+149+9
6;04;2800;083;681+0+324+324+0+0+0+0+324;4+90+50+11+164+5
6;04;2800;084;461+0+211+211+0+0+0+0+211;2+59+35+7+104+4
6;04;2800;086;360+4+202+202+0+1+1+10+201;3+49+25+11+111+2
6;04;2800;087;770+0+291+291+1+0+1+0+290;4+100+88+7+84+7
6;04;2800;088;618+0+242+242+0+0+0+6+242;1+85+49+5+93+9
6;04;2800;089;726+0+240+240+0+2+2+0+238;0+104+50+2+77+5
6;04;2800;090;715+4+206+206+0+0+0+0+206;3+89+51+14+38+11
6;04;3100;001;848+2+401+401+0+0+0+8+401;3+124+84+20+151+19
6;04;3100;002;973+4+462+462+0+2+2+13+460;10+134+157+22+119+18
6;04;3100;003;666+0+308+308+0+0+0+0+308;5+81+71+22+118+11
6;04;3100;004;964+1+402+402+4+2+6+28+396;3+83+87+19+187+17
6;04;3100;005;922+0+374+374+2+1+3+0+371;4+95+99+25+121+27
6;04;3100;006;582+3+353+353+4+2+6+29+347;10+161+35+10+126+5
6;04;3100;007;430+4+260+260+3+2+5+8+255;5+61+34+16+128+11
6;04;3100;008;192+1+140+140+1+1+2+3+138;4+32+26+6+60+10
6;04;3100;009;383+1+216+216+1+0+1+21+215;1+42+42+11+98+21
6;04;3100;010;624+10+329+329+4+3+7+0+322;5+79+56+42+133+7
6;04;3100;011;280+4+180+180+2+1+3+0+177;1+37+20+13+99+7
6;04;3100;012;260+7+168+168+0+1+1+4+167;2+56+18+10+75+6
6;04;3100;013;600+0+327+327+0+3+3+8+324;7+88+68+31+115+15
6;04;3100;014;591+5+318+318+2+1+3+22+315;6+81+56+18+148+6
6;04;3100;015;695+0+349+349+0+0+0+0+349;0+82+79+21+140+27
6;04;3100;016;625+0+295+295+0+1+1+5+294;3+76+64+19+110+22
6;04;3100;017;34+4+29+29+0+0+0+0+29;0+11+8+1+7+2
6;04;3100;018;95+1+75+75+0+0+0+0+75;2+19+8+5+37+4
6;04;3100;019;433+0+218+218+0+2+2+0+216;3+64+32+14+98+5
6;04;3100;020;209+4+138+138+1+2+3+2+135;5+42+24+8+50+6
6;04;3100;021;165+3+104+104+0+0+0+6+104;1+25+9+7+56+6
6;04;3100;022;332+5+185+185+0+0+0+7+185;3+56+29+14+82+1
6;04;3100;023;187+6+136+136+0+1+1+0+135;2+25+20+10+70+8
6;04;3100;026;955+11+431+431+0+4+4+16+427;8+108+74+19+205+13
6;04;3100;028;58+1+45+45+0+0+0+0+45;0+7+20+2+16+0
6;04;3100;029;25+7+23+23+0+0+0+0+23;0+7+0+0+15+1
6;04;3100;030;664+1+332+332+2+1+3+25+329;12+131+57+12+110+7
6;04;3200;001;592+0+209+209+4+0+4+18+205;2+69+35+11+76+12
6;04;3200;002;692+2+311+311+1+1+2+23+309;3+81+47+6+167+5
6;04;3200;003;683+1+248+248+0+0+0+12+248;1+68+50+4+116+9
6;04;3200;004;109+0+75+75+1+0+1+0+74;1+15+5+3+45+5
6;04;3200;005;181+2+107+107+0+2+2+0+105;3+25+11+6+57+3
6;04;3200;006;206+4+126+126+0+1+1+4+125;2+29+14+4+73+3
6;04;3200;007;141+3+86+86+0+0+0+1+86;4+38+9+2+32+1
6;04;3200;008;197+7+144+144+1+0+1+4+143;2+29+9+5+97+1
[END]

[AGGR]
04;6;   ;6+419+419+249213+671+105860+105860+245+243+490+2916+105370;1086+32361+24765+4008+39789+3361
[END]

