[INFO]
05;Видин;201
[END]

[IZB]
05;6;   ;;11.11.2001;1;6;258
[END]

[NM]
0501;001;г░. Белог░ад╖ик;03616;00
0501;002;▒. Бо░ови╢а;05582;00
0501;003;▒. Ве╣и╢а;10937;00
0501;004;▒. В║░ба;12632;00
0501;005;▒. Г░ани▓ово;17734;00
0501;006;▒. Г░ани╖ак;17765;00
0501;007;▒. Д║б░авка;24431;00
0501;009;м. К░а╖ими░;39606;00
0501;010;▒. О╕ане;54517;00
0501;011;▒. П░а│жда;58092;00
0501;012;▒. П░олазни╢а;58582;00
0501;013;▒. Раби╕а;61011;00
0501;014;▒. Ра┐нов╢и;62339;00
0501;015;▒. Сала╕;65173;00
0501;016;▒. Сливовник;67400;00
0501;017;▒. С▓акев╢и;68655;00
0501;018;▒. С▓░│индол;69910;00
0501;019;▒. Чи┤лик;81459;00
0503;001;▒. Бойни╢а;05195;00
0503;002;▒. Бо░илове╢;05428;00
0503;003;▒. Г░ад▒ков▒ки колиби;17614;00
0503;005;▒. Пе░илове╢;55868;00
0503;006;▒. Раб░ово;61039;00
0503;010;▒. Ши╕ен╢и;83329;00
0506;001;▒. Балей;02395;00
0506;002;г░. Б░егово;06224;00
0506;003;▒. В░║в;12317;00
0506;004;▒. Г║мзово;18304;00
0506;005;▒. Делейна;20568;00
0506;006;▒. Калина;35384;00
0506;007;▒. Ко▒ово;38772;00
0506;008;▒. К│делин;40441;00
0506;009;▒. Раки▓ни╢а;63700;00
0506;010;▒. Ти┐нов╢и;72518;00
0509;001;▒. Ака╢иево;00179;00
0509;002;▒. Ан▓имово;00919;00
0509;003;▒. Б┐ла Рада;03280;00
0509;004;▒. Бо▓ево;05832;00
0509;005;▒. Б│кове╢;06954;00
0509;006;г░. Видин;10971;00
0509;007;▒. Войни╢а;11925;00
0509;008;▒. В║░▓оп;12958;00
0509;009;▒. Гай▓ан╢и;14369;00
0509;010;▒. Гене░ал Ма░иново;14698;00
0509;011;▒. Гомо▓а░╢и;15998;00
0509;012;▒. Г░аде╢;17422;00
0509;013;▒. Динкови╢а;21186;00
0509;014;▒. Долни Бо╕н┐к;22318;00
0509;015;▒. Д░│жба;23786;00
0509;016;г░. Д│нав╢и;24061;00
0509;018;▒. Жегли╢а;29043;00
0509;019;▒. Иванов╢и;32130;00
0509;020;▒. Иново;32754;00
0509;021;▒. Каленик;35328;00
0509;022;▒. Капи▓анов╢и;36141;00
0509;023;▒. Ко╕ава;39147;00
0509;024;▒. К│▓ово;41263;00
0509;025;▒. Майо░ Уз│ново;46111;00
0509;026;▒. Ново▒ел╢и;52283;00
0509;027;▒. Пе╕аково;56252;00
0509;028;▒. Плак│де░;56616;00
0509;029;▒. Пок░айна;57131;00
0509;030;▒. Р│п╢и;63358;00
0509;031;▒. Ца░ Симеоново;66442;00
0509;032;▒. Синагов╢и;66473;00
0509;033;▒. Слана Ба░а;67180;00
0509;034;▒. Слано▓░║н;67194;00
0509;035;▒. Т║░н┐не;73746;00
0515;003;▒. Б░анков╢и;06121;00
0515;004;▒. Водна;11720;00
0515;005;г░. Г░амада;17645;00
0515;006;▒. Меде╕ев╢и;47583;00
0515;007;▒. Мил╖ина л║ка;48266;00
0515;008;▒. С░а╢ими░ово;68268;00
0515;009;▒. То╕ев╢и;72919;00
0516;001;▒. А░╖а░;00672;00
0516;002;▒. Бела;03263;00
0516;003;▒. Влади╖ен╢и;11497;00
0516;004;▒. Водн┐н╢и;11778;00
0516;005;▒. В║░бов╖е╢;12824;00
0516;006;г░. Димово;21097;00
0516;007;▒. Д║лго поле;24579;00
0516;008;▒. Д║░жани╢а;24640;00
0516;009;▒. Изво░;32370;00
0516;010;▒. Ка░бин╢и;36440;00
0516;011;▒. Кладо░│б;37188;00
0516;012;▒. Ко▒▓и╖ов╢и;38995;00
0516;013;▒. Лаго╕ев╢и;43027;00
0516;014;▒. Мали Д░енове╢;46320;00
0516;015;▒. Медовни╢а;47648;00
0516;016;▒. Га░а О░е╕е╢;14489;00
0516;019;▒. О▒▓░окап╢и;54434;00
0516;020;▒. Сеп▓емв░ий╢и;66278;00
0516;021;▒. Скомл┐;66843;00
0516;022;▒. Шипо▓;83239;00
0516;023;▒. Ян╝ове╢;87477;00
0516;024;▒. Я░лови╢а;87549;00
0522;001;▒. Големаново;15415;00
0522;002;▒. Изво░ ма╡ала;32439;00
0522;004;▒. Ко▒▓а Пе░╖ово;38858;00
0522;005;г░. К│ла;40525;00
0522;006;▒. Поле▓ков╢и;57193;00
0522;007;▒. С▓а░опа▓и╢а;69002;00
0522;008;▒. Тополове╢;72775;00
0522;009;▒. Ца░ Пе▓░ово;78224;00
0522;010;▒. Чи╖ил;81503;00
0525;001;▒. В║л╖ек;12557;00
0525;002;▒. Ки░┐ево;36885;00
0525;003;▒. Мак░е╕;46245;00
0525;004;▒. Подго░е;56980;00
0525;005;▒. Ракови╢а;62044;00
0525;006;▒. Толови╢а;72638;00
0525;007;▒. Ца░ Ши╕маново;83363;00
0530;001;▒. Вина░ово;11079;00
0530;002;▒. Негованов╢и;51264;00
0530;003;▒. Ново ▒ело;52180;00
0530;004;▒. Фло░ен▓ин;76145;00
0530;005;▒. Я▒ен;87583;00
0533;001;▒. Бело поле;03678;00
0533;002;▒. Г╛░ги╖;18486;00
0533;003;▒. Динково;21193;00
0533;004;▒. Д░ажин╢и;23515;00
0533;005;▒. Д░енове╢;23672;00
0533;006;▒. Пле╕иве╢;56753;00
0533;007;▒. Рогле╢;62791;00
0533;008;▒. Р│жин╢и;63255;00
0533;009;▒. Тополове╢;73924;00
0533;010;▒. Че░но поле;81247;00
0537;002;▒. В║░бово;12797;00
0537;003;▒. Го░ни Лом;16571;00
0537;004;▒. Долни Лом;22424;00
0537;005;▒. П░о▓опопин╢и;58671;00
0537;006;▒. Репл┐на;62493;00
0537;007;▒. С░едог░ив;68518;00
0537;008;▒. Т║░гови╣е;73612;00
0537;009;▒. Ч│п░ене;81757;00
[END]

[SEC]
05;0100;001;6;001
05;0100;002;6;001
05;0100;003;6;001
05;0100;004;6;001
05;0100;005;6;001
05;0100;006;6;001
05;0100;007;6;001
05;0100;008;6;001
05;0100;009;6;002
05;0100;010;6;019
05;0100;011;6;019
05;0100;012;6;013
05;0100;013;6;011
05;0100;014;6;009
05;0100;015;6;017
05;0100;016;6;005
05;0100;017;6;007
05;0100;018;6;006
05;0100;019;6;015
05;0100;020;6;016
05;0100;021;6;004
05;0100;022;6;003
05;0100;023;6;018
05;0100;024;6;010
05;0100;025;6;014
05;0100;026;6;001
05;0100;027;6;015
05;0100;028;6;012
05;0300;001;6;001
05;0300;002;6;002
05;0300;003;6;003
05;0300;004;6;005
05;0300;005;6;006
05;0300;006;6;010
05;0600;001;6;002
05;0600;002;6;002
05;0600;003;6;002
05;0600;004;6;002
05;0600;005;6;009
05;0600;006;6;004
05;0600;007;6;004
05;0600;008;6;003
05;0600;009;6;007
05;0600;010;6;005
05;0600;011;6;001
05;0600;012;6;008
05;0600;013;6;010
05;0600;014;6;006
05;0900;001;6;006
05;0900;002;6;006
05;0900;003;6;006
05;0900;004;6;006
05;0900;005;6;006
05;0900;006;6;006
05;0900;007;6;006
05;0900;008;6;006
05;0900;009;6;006
05;0900;010;6;006
05;0900;011;6;006
05;0900;012;6;006
05;0900;013;6;006
05;0900;014;6;006
05;0900;015;6;006
05;0900;016;6;006
05;0900;017;6;006
05;0900;018;6;006
05;0900;019;6;006
05;0900;020;6;006
05;0900;021;6;006
05;0900;022;6;006
05;0900;023;6;006
05;0900;024;6;006
05;0900;025;6;006
05;0900;026;6;006
05;0900;027;6;006
05;0900;028;6;006
05;0900;029;6;006
05;0900;030;6;006
05;0900;031;6;006
05;0900;032;6;006
05;0900;033;6;006
05;0900;034;6;006
05;0900;035;6;006
05;0900;036;6;006
05;0900;037;6;006
05;0900;038;6;006
05;0900;039;6;006
05;0900;040;6;006
05;0900;041;6;006
05;0900;042;6;006
05;0900;043;6;006
05;0900;044;6;006
05;0900;045;6;006
05;0900;046;6;006
05;0900;047;6;006
05;0900;048;6;006
05;0900;049;6;006
05;0900;050;6;006
05;0900;051;6;006
05;0900;052;6;006
05;0900;053;6;006
05;0900;054;6;006
05;0900;055;6;006
05;0900;056;6;006
05;0900;057;6;006
05;0900;058;6;006
05;0900;059;6;006
05;0900;060;6;006
05;0900;061;6;006
05;0900;062;6;006
05;0900;063;6;006
05;0900;064;6;006
05;0900;065;6;006
05;0900;066;6;006
05;0900;067;6;006
05;0900;068;6;006
05;0900;069;6;006
05;0900;070;6;006
05;0900;071;6;006
05;0900;072;6;006
05;0900;073;6;006
05;0900;074;6;006
05;0900;075;6;006
05;0900;076;6;026
05;0900;077;6;006
05;0900;078;6;006
05;0900;079;6;006
05;0900;080;6;006
05;0900;081;6;010
05;0900;082;6;027
05;0900;083;6;015
05;0900;084;6;014
05;0900;085;6;028
05;0900;086;6;013
05;0900;087;6;012
05;0900;088;6;012
05;0900;089;6;001
05;0900;090;6;030
05;0900;091;6;025
05;0900;092;6;020
05;0900;093;6;022
05;0900;094;6;022
05;0900;095;6;029
05;0900;096;6;029
05;0900;097;6;011
05;0900;098;6;011
05;0900;099;6;002
05;0900;100;6;003
05;0900;101;6;024
05;0900;102;6;024
05;0900;103;6;034
05;0900;104;6;007
05;0900;105;6;023
05;0900;106;6;016
05;0900;107;6;016
05;0900;108;6;016
05;0900;109;6;016
05;0900;110;6;032
05;0900;111;6;019
05;0900;112;6;018
05;0900;113;6;008
05;0900;114;6;009
05;0900;115;6;031
05;0900;116;6;004
05;0900;117;6;035
05;0900;118;6;005
05;0900;119;6;021
05;0900;120;6;033
05;0900;121;6;006
05;1500;001;6;005
05;1500;002;6;005
05;1500;003;6;005
05;1500;004;6;009
05;1500;005;6;003
05;1500;006;6;008
05;1500;007;6;004
05;1500;008;6;007
05;1500;009;6;006
05;1600;001;6;006
05;1600;002;6;006
05;1600;003;6;013
05;1600;004;6;009
05;1600;005;6;022
05;1600;006;6;012
05;1600;007;6;007
05;1600;008;6;002
05;1600;009;6;019
05;1600;010;6;011
05;1600;011;6;021
05;1600;012;6;004
05;1600;013;6;010
05;1600;014;6;015
05;1600;015;6;016
05;1600;016;6;016
05;1600;017;6;005
05;1600;018;6;023
05;1600;019;6;024
05;1600;020;6;020
05;1600;021;6;001
05;1600;022;6;001
05;1600;023;6;001
05;1600;024;6;008
05;1600;025;6;014
05;1600;026;6;003
05;2200;001;6;005
05;2200;002;6;005
05;2200;003;6;005
05;2200;004;6;005
05;2200;005;6;005
05;2200;006;6;005
05;2200;007;6;001
05;2200;008;6;002
05;2200;009;6;004
05;2200;010;6;006
05;2200;011;6;007
05;2200;012;6;008
05;2200;013;6;009
05;2200;014;6;010
05;2500;001;6;003
05;2500;002;6;001
05;2500;003;6;006
05;2500;004;6;007
05;2500;005;6;004
05;2500;006;6;005
05;2500;007;6;005
05;2500;008;6;002
05;3000;001;6;003
05;3000;002;6;003
05;3000;003;6;001
05;3000;004;6;001
05;3000;005;6;002
05;3000;006;6;004
05;3000;007;6;005
05;3300;001;6;008
05;3300;002;6;008
05;3300;003;6;008
05;3300;004;6;002
05;3300;005;6;006
05;3300;006;6;010
05;3300;007;6;004
05;3300;008;6;005
05;3300;009;6;005
05;3300;010;6;005
05;3300;011;6;005
05;3300;012;6;009
05;3300;013;6;001
05;3300;014;6;007
05;3300;015;6;003
05;3700;001;6;009
05;3700;002;6;009
05;3700;003;6;002
05;3700;004;6;008
05;3700;005;6;005
05;3700;006;6;006
05;3700;007;6;003
05;3700;008;6;003
05;3700;009;6;004
05;3700;010;6;007
[END]

[MAJ]
05;6;   ;01;;;Пе▓║░ Ки░илов Бе░он и С▓о┐н В║л╖ев Анд░еев;, ;ПКБ+СВА;477;0;1
05;6;   ;02;;;Пе▓║░ С▓е┤анов С▓о┐нов и Нели Пе▓░ова К│╢кова;, ;ПСС+НПК;14630;2;2
05;6;   ;03;;;Богомил Ангелов Бонев и А▓ана▒ Иванов Желез╖ев;, ;БАБ+АИЖ;8376;0;3
05;6;   ;04;;;Жо░ж Ган╖ев Ган╖ев и Ве▒елин С▓о┐нов Бон╖ев;, ;ЖГГ+ВСБ;2011;0;4
05;6;   ;05;;;Гео░ги Седе┤╖ов П║░ванов и Ангел Иванов Ма░ин;, ;ГСП+АИМ;26190;2;5
05;6;   ;06;;;Рене▓а Иванова Инджова и К░║▒▓╛ Николов Илов;, ;РИИ+КНИ;924;0;6
[END]

[PROP]
[END]

[LISTI]
[END]

[PROT]
6;05;0100;001;686+1+280+280+1+0+1+8+279;4+75+69+17+109+5
6;05;0100;002;527+0+244+244+0+0+0+4+244;3+51+55+11+110+14
6;05;0100;003;594+2+255+255+0+0+0+0+255;0+59+51+18+122+5
6;05;0100;004;487+1+217+217+1+1+2+16+215;1+65+49+6+88+6
6;05;0100;005;644+1+309+309+1+1+2+0+307;3+54+87+14+144+5
6;05;0100;006;778+1+295+295+3+0+3+0+292;2+63+68+11+139+9
6;05;0100;007;735+1+274+274+0+0+0+10+274;4+55+76+13+118+8
6;05;0100;008;609+0+335+335+0+0+0+0+335;5+236+17+17+58+2
6;05;0100;009;195+7+135+135+0+0+0+2+135;1+26+22+5+73+8
6;05;0100;010;65+7+52+52+0+1+1+0+51;0+9+6+0+32+4
6;05;0100;011;53+7+39+39+0+0+0+0+39;1+10+8+0+19+1
6;05;0100;012;347+3+196+196+1+1+2+9+194;3+55+22+7+107+0
6;05;0100;013;113+8+96+96+0+0+0+0+96;1+26+3+5+60+1
6;05;0100;014;55+4+48+48+0+0+0+1+48;2+5+3+1+36+1
6;05;0100;015;305+5+243+243+0+0+0+7+243;1+32+18+11+181+0
6;05;0100;016;92+11+77+77+0+0+0+2+77;4+8+9+2+53+1
6;05;0100;017;113+4+76+76+0+0+0+0+76;2+9+14+4+45+2
6;05;0100;018;31+6+18+18+0+0+0+0+18;0+3+8+0+6+1
6;05;0100;019;199+7+136+136+0+0+0+7+136;2+45+13+2+73+1
6;05;0100;020;37+6+32+32+0+0+0+0+32;0+2+4+0+26+0
6;05;0100;021;38+6+42+42+0+0+0+1+42;0+9+5+5+23+0
6;05;0100;022;72+6+58+58+0+0+0+1+58;1+19+6+4+26+2
6;05;0100;023;30+7+32+32+1+0+1+0+31;1+11+2+0+17+0
6;05;0100;024;103+7+90+90+0+0+0+5+90;2+27+11+5+44+1
6;05;0100;025;173+8+101+101+1+0+1+7+100;3+20+17+1+57+2
6;05;0100;026;25+0+8+8+0+0+0+0+8;0+1+2+0+4+1
6;05;0100;027;36+5+21+21+0+0+0+0+21;0+15+0+0+4+2
6;05;0100;028;26+5+20+20+0+0+0+0+20;0+8+8+0+4+0
6;05;0300;001;677+2+304+304+4+1+5+299+299;8+68+65+13+141+4
6;05;0300;002;229+3+143+143+0+1+1+13+142;3+32+17+7+81+2
6;05;0300;003;92+2+61+61+2+0+2+0+59;0+12+5+0+39+3
6;05;0300;004;121+1+79+79+2+0+2+6+77;0+21+22+6+28+0
6;05;0300;005;617+3+303+303+1+0+1+13+302;5+34+33+17+206+7
6;05;0300;006;215+1+122+122+1+0+1+3+121;9+28+18+9+53+4
6;05;0600;001;688+6+490+490+0+2+2+0+488;1+92+62+25+305+3
6;05;0600;002;703+1+483+483+6+0+6+21+477;2+104+58+14+292+7
6;05;0600;003;644+2+470+470+0+1+1+31+469;5+154+53+6+245+6
6;05;0600;004;590+1+401+401+4+1+5+21+396;4+80+50+26+231+5
6;05;0600;005;563+1+418+418+1+0+1+14+417;2+174+57+9+172+3
6;05;0600;006;396+2+264+264+2+0+2+11+262;0+64+29+12+156+1
6;05;0600;007;450+0+315+315+1+0+1+10+314;2+100+22+12+169+9
6;05;0600;008;511+4+323+323+2+1+3+13+320;1+107+27+4+177+4
6;05;0600;009;461+3+357+357+1+3+4+23+353;2+91+28+9+219+4
6;05;0600;010;398+3+305+305+5+2+7+21+298;2+81+34+9+170+2
6;05;0600;011;472+1+321+321+1+3+4+17+317;4+68+61+10+171+3
6;05;0600;012;370+0+177+177+2+0+2+9+175;0+55+17+8+93+2
6;05;0600;013;148+2+120+120+0+0+0+0+120;2+34+6+3+74+1
6;05;0600;014;27+15+38+38+0+0+0+0+38;0+4+3+0+31+0
6;05;0900;001;359+0+115+115+0+1+1+4+114;4+21+24+8+55+2
6;05;0900;002;705+0+250+250+1+0+1+0+249;0+98+54+3+89+5
6;05;0900;003;626+0+260+260+0+0+0+9+260;2+74+46+10+117+11
6;05;0900;004;625+0+239+239+1+0+1+0+238;6+90+63+6+71+2
6;05;0900;005;679+0+259+259+0+1+1+0+258;2+78+43+9+117+9
6;05;0900;006;747+0+199+199+0+1+1+0+198;0+58+45+3+89+3
6;05;0900;007;701+0+240+240+0+1+1+5+239;2+89+42+8+88+10
6;05;0900;008;763+0+303+303+1+0+1+13+302;3+111+48+11+122+7
6;05;0900;009;698+2+288+288+0+0+0+288+288;1+93+57+10+117+10
6;05;0900;010;868+0+280+280+0+0+0+10+280;1+90+57+8+115+9
6;05;0900;011;709+0+270+270+0+1+1+7+269;4+87+61+5+108+4
6;05;0900;012;788+0+315+315+1+1+2+15+313;3+102+67+6+124+11
6;05;0900;013;746+2+255+255+1+0+1+0+254;1+89+69+1+91+3
6;05;0900;014;790+2+229+229+1+0+1+9+228;1+82+56+9+77+3
6;05;0900;015;719+2+238+238+0+0+0+9+238;1+72+60+7+90+8
6;05;0900;016;758+1+260+260+0+1+1+10+259;1+86+60+10+95+7
6;05;0900;017;769+0+230+230+0+1+1+19+229;2+72+59+11+83+2
6;05;0900;018;547+0+201+201+0+0+0+0+201;3+58+61+8+69+2
6;05;0900;019;564+0+152+152+0+0+0+0+152;1+54+29+4+61+3
6;05;0900;020;671+0+188+188+0+0+0+0+188;0+51+48+0+85+4
6;05;0900;021;633+0+249+249+0+0+0+7+249;2+77+51+5+113+1
6;05;0900;022;773+2+269+269+0+0+0+5+269;3+81+49+6+123+7
6;05;0900;023;870+0+259+259+1+1+2+10+257;0+97+53+3+99+5
6;05;0900;024;728+0+234+234+0+0+0+18+234;1+70+43+5+111+4
6;05;0900;025;700+1+278+278+3+0+3+13+275;0+91+50+8+118+8
6;05;0900;026;768+1+329+329+0+2+2+10+327;2+112+65+15+131+2
6;05;0900;027;728+1+312+312+2+0+2+14+310;0+110+71+3+119+7
6;05;0900;028;846+1+310+310+1+0+1+10+309;2+112+78+12+100+5
6;05;0900;029;840+0+284+284+1+0+1+3+283;2+88+77+7+103+6
6;05;0900;030;748+1+243+243+1+0+1+7+242;1+85+63+3+86+4
6;05;0900;031;775+0+263+263+2+0+2+10+261;2+86+47+6+111+9
6;05;0900;032;730+0+183+183+2+0+2+4+181;1+46+51+9+71+3
6;05;0900;033;720+0+259+259+0+0+0+14+259;1+68+46+15+121+8
6;05;0900;034;687+0+242+242+1+0+1+3+241;1+77+46+15+99+3
6;05;0900;035;643+2+224+224+0+0+0+15+224;0+65+55+4+95+5
6;05;0900;036;779+0+256+256+0+1+1+11+255;2+73+54+14+106+6
6;05;0900;037;700+3+233+233+0+0+0+4+233;3+66+68+10+78+8
6;05;0900;038;758+0+234+234+1+0+1+0+233;0+61+59+9+98+6
6;05;0900;039;742+0+251+251+0+0+0+20+251;1+109+44+11+86+0
6;05;0900;040;755+2+217+217+0+0+0+13+217;1+55+56+8+91+6
6;05;0900;041;685+0+213+213+0+0+0+16+213;1+94+38+8+65+7
6;05;0900;042;718+0+241+241+1+1+2+5+239;3+76+48+9+100+3
6;05;0900;043;771+1+277+277+0+1+1+11+276;1+94+62+8+106+5
6;05;0900;044;583+1+231+231+0+1+1+13+230;0+85+49+3+88+5
6;05;0900;045;328+0+123+123+1+0+1+5+122;2+33+24+0+61+2
6;05;0900;046;689+1+298+298+0+0+0+22+298;1+107+47+7+135+1
6;05;0900;047;704+0+283+283+0+0+0+6+283;1+97+60+6+119+0
6;05;0900;048;578+2+274+274+0+0+0+16+274;4+113+36+5+115+1
6;05;0900;049;662+2+287+287+0+0+0+14+287;5+65+60+7+147+3
6;05;0900;050;763+0+224+224+0+0+0+8+224;0+77+47+14+76+10
6;05;0900;051;741+0+244+244+0+0+0+19+244;2+82+79+7+72+2
6;05;0900;052;802+1+233+233+0+0+0+11+233;1+68+57+11+93+3
6;05;0900;053;692+1+238+238+0+0+0+7+238;1+86+61+8+77+5
6;05;0900;054;233+0+233+234+1+0+1+5+233;3+53+49+5+116+7
6;05;0900;055;659+1+189+189+0+0+0+10+189;1+65+50+8+61+4
6;05;0900;056;717+0+184+184+1+0+1+0+183;1+59+62+3+56+2
6;05;0900;057;711+0+215+215+0+1+1+5+214;0+73+56+7+76+2
6;05;0900;058;760+1+210+210+0+0+0+3+210;0+58+57+6+85+4
6;05;0900;059;672+0+216+216+1+0+1+8+215;2+75+31+7+95+5
6;05;0900;060;666+0+246+246+0+0+0+0+246;1+68+63+10+97+7
6;05;0900;061;790+0+239+239+0+1+1+10+238;1+57+52+11+112+5
6;05;0900;062;721+2+246+246+2+0+2+9+244;2+55+53+8+125+1
6;05;0900;063;691+0+257+257+1+0+1+0+256;1+68+59+6+118+4
6;05;0900;064;731+0+189+189+0+0+0+0+189;0+64+47+9+69+0
6;05;0900;065;822+5+247+247+0+0+0+0+247;0+77+74+7+86+3
6;05;0900;066;823+3+352+352+0+0+0+15+352;3+91+69+15+170+4
6;05;0900;067;766+0+299+299+0+0+0+16+299;0+103+74+4+112+6
6;05;0900;068;698+0+253+253+1+1+2+0+251;1+98+40+6+104+2
6;05;0900;069;563+0+198+198+0+0+0+0+198;0+75+8+11+95+9
6;05;0900;070;645+0+213+213+0+0+0+0+213;0+86+14+9+102+2
6;05;0900;071;638+0+189+189+0+0+0+0+189;0+63+6+13+107+0
6;05;0900;072;552+0+185+185+0+0+0+0+185;1+60+4+12+104+4
6;05;0900;073;503+0+166+166+0+0+0+0+166;3+43+9+19+84+8
6;05;0900;074;503+0+238+238+0+0+0+0+238;5+71+8+7+145+2
6;05;0900;075;552+0+112+112+0+0+0+0+112;1+41+2+9+58+1
6;05;0900;076;583+3+325+325+1+2+3+23+322;4+61+51+22+176+8
6;05;0900;077;406+1+115+115+0+0+0+0+115;0+33+24+7+50+1
6;05;0900;078;463+0+129+129+0+0+0+3+129;2+35+28+5+59+0
6;05;0900;079;772+0+201+201+0+0+0+3+201;0+75+40+5+68+13
6;05;0900;080;305+0+154+154+2+1+3+3+151;2+65+3+6+75+0
6;05;0900;081;169+14+125+125+0+0+0+5+125;0+60+10+5+48+2
6;05;0900;082;88+18+79+79+1+1+2+1+77;0+18+3+1+54+1
6;05;0900;083;294+3+172+172+0+0+0+16+172;0+49+22+1+97+3
6;05;0900;084;116+3+76+76+0+0+0+3+76;2+20+6+2+45+1
6;05;0900;085;116+10+90+90+0+0+0+3+90;1+47+10+4+27+1
6;05;0900;086;156+5+117+117+1+0+1+6+116;0+31+12+4+69+0
6;05;0900;087;801+2+330+330+1+0+1+21+329;1+124+27+9+164+4
6;05;0900;088;853+3+390+390+0+0+0+27+390;4+128+41+11+204+2
6;05;0900;089;123+6+113+113+2+0+2+6+111;1+51+12+1+45+1
6;05;0900;090;168+2+118+118+0+0+0+2+118;0+32+16+5+64+1
6;05;0900;091;364+7+251+251+0+2+2+16+249;1+82+18+7+140+1
6;05;0900;092;744+3+406+406+0+0+0+0+406;4+117+76+16+189+4
6;05;0900;093;583+3+328+328+0+0+0+0+328;0+125+59+8+130+6
6;05;0900;094;618+6+349+349+3+0+3+0+346;1+146+46+14+132+7
6;05;0900;095;694+4+328+328+2+0+2+11+326;1+92+35+8+188+2
6;05;0900;096;716+3+377+377+0+2+2+0+375;4+120+53+18+173+7
6;05;0900;097;389+3+234+234+0+0+1+0+233;2+65+21+7+133+5
6;05;0900;098;272+2+272+272+0+0+0+5+272;3+95+28+14+131+1
6;05;0900;099;725+3+416+416+1+0+1+28+415;7+147+29+5+222+5
6;05;0900;100;609+10+337+337+0+0+0+0+337;3+67+82+15+159+11
6;05;0900;101;501+3+299+299+0+0+0+15+299;3+83+13+2+196+2
6;05;0900;102;463+0+252+252+2+0+2+0+250;1+104+7+2+135+1
6;05;0900;103;416+8+424+424+2+0+2+15+422;1+131+35+1+253+1
6;05;0900;104;127+4+101+101+0+0+0+0+101;0+29+16+2+54+0
6;05;0900;105;524+10+317+317+0+0+0+0+317;3+79+30+2+203+0
6;05;0900;106;746+7+307+307+2+1+3+9+304;4+100+47+11+135+7
6;05;0900;107;398+2+144+144+0+0+0+0+144;0+33+12+8+90+1
6;05;0900;108;641+7+240+240+1+1+2+23+238;1+53+20+26+137+1
6;05;0900;109;682+6+333+333+2+0+1+17+332;6+57+42+24+196+7
6;05;0900;110;415+5+245+245+1+0+1+0+244;2+61+29+10+140+2
6;05;0900;111;130+5+83+83+0+0+0+2+83;0+25+8+4+45+1
6;05;0900;112;222+0+152+152+0+2+2+11+150;6+39+30+5+66+4
6;05;0900;113;127+8+104+104+0+0+0+7+104;2+33+8+12+48+1
6;05;0900;114;138+8+89+89+0+1+1+4+88;1+13+13+3+56+2
6;05;0900;115;133+7+104+104+0+0+0+0+104;1+30+11+6+56+0
6;05;0900;116;67+9+65+65+0+0+0+2+65;0+17+6+4+37+1
6;05;0900;117;140+5+96+96+1+0+1+4+95;3+22+8+3+58+1
6;05;0900;118;747+0+427+427+0+2+2+22+425;4+87+79+22+230+3
6;05;0900;119;342+1+167+167+1+1+2+6+165;4+47+20+2+91+1
6;05;0900;120;477+1+285+285+0+1+1+0+284;2+84+30+13+148+7
6;05;0900;121;70+0+14+14+0+0+0+0+14;1+7+2+0+4+0
6;05;1500;001;327+6+164+164+0+2+2+14+162;4+47+27+6+73+5
6;05;1500;002;726+2+321+321+1+3+4+0+317;7+55+56+24+166+9
6;05;1500;003;664+3+380+380+1+1+2+16+378;8+65+66+20+210+9
6;05;1500;004;250+4+107+107+0+0+0+8+107;0+18+23+3+62+1
6;05;1500;005;189+5+118+118+0+0+0+6+118;3+34+18+8+50+5
6;05;1500;006;70+5+39+39+0+0+0+0+39;2+10+8+3+16+0
6;05;1500;007;113+2+78+78+2+0+2+5+76;2+17+10+3+44+0
6;05;1500;008;74+7+52+52+0+1+1+0+51;0+16+4+0+31+0
6;05;1500;009;98+6+67+67+0+1+1+6+66;2+19+7+1+37+0
6;05;1600;001;550+1+300+300+0+0+0+9+300;4+45+50+14+184+3
6;05;1600;002;642+4+326+326+2+0+2+15+324;2+72+59+14+170+7
6;05;1600;003;100+4+63+63+0+0+0+0+63;3+14+8+2+36+0
6;05;1600;004;320+2+167+167+0+0+0+4+167;4+41+22+4+93+3
6;05;1600;005;66+6+50+50+0+0+0+0+50;1+11+3+1+33+1
6;05;1600;006;113+3+84+84+0+0+0+3+84;0+21+10+3+48+2
6;05;1600;007;37+4+33+33+0+0+0+0+33;0+17+0+0+16+0
6;05;1600;008;134+5+70+70+1+0+1+0+69;0+8+13+4+43+1
6;05;1600;009;90+2+61+61+0+0+0+1+61;1+10+9+0+39+2
6;05;1600;010;37+3+29+29+0+0+0+0+29;0+3+5+1+20+0
6;05;1600;011;40+5+36+36+0+0+0+0+36;0+2+7+0+26+1
6;05;1600;012;262+7+167+167+0+0+0+2+167;1+27+24+9+106+0
6;05;1600;013;234+2+149+149+0+0+0+0+149;4+22+15+11+94+3
6;05;1600;014;238+5+141+141+2+0+2+1+139;2+26+10+3+92+6
6;05;1600;015;598+6+308+308+0+2+2+6+306;2+43+45+8+203+5
6;05;1600;016;384+7+190+190+0+1+1+4+189;2+25+32+4+121+5
6;05;1600;017;137+4+106+106+1+0+1+8+105;1+26+4+6+68+0
6;05;1600;018;31+11+36+36+1+0+1+0+35;1+5+5+0+24+0
6;05;1600;019;187+3+115+115+0+1+1+2+114;1+30+16+0+65+2
6;05;1600;020;310+1+199+199+0+2+2+16+197;1+29+3+15+144+5
6;05;1600;021;754+1+357+357+0+2+2+0+355;5+91+34+18+197+10
6;05;1600;022;620+4+326+326+0+0+0+12+326;1+47+64+71+140+3
6;05;1600;023;758+2+300+300+0+0+0+12+300;3+66+23+11+189+8
6;05;1600;024;187+1+92+92+0+0+0+0+92;1+22+14+3+52+0
6;05;1600;025;112+5+82+82+0+0+0+0+82;0+24+10+6+40+2
6;05;1600;026;60+4+48+48+0+0+0+0+48;0+9+13+1+25+0
6;05;2200;001;681+0+305+305+2+0+2+18+303;6+93+50+19+130+5
6;05;2200;002;789+2+347+347+1+1+2+7+345;3+99+73+12+156+2
6;05;2200;003;698+1+319+319+3+0+3+0+316;6+66+60+15+161+8
6;05;2200;004;722+2+329+329+1+4+5+20+324;4+95+59+12+148+6
6;05;2200;005;619+1+251+251+1+0+1+8+250;1+63+59+5+119+3
6;05;2200;006;38+0+20+20+0+0+0+0+20;0+3+6+2+6+3
6;05;2200;007;217+3+115+115+4+0+4+4+111;3+41+9+4+51+3
6;05;2200;008;166+1+104+104+0+0+0+6+104;2+38+7+5+51+1
6;05;2200;009;195+3+117+117+0+0+0+0+117;1+18+22+5+69+2
6;05;2200;010;65+4+26+26+0+0+0+2+26;0+10+1+0+12+3
6;05;2200;011;500+10+277+277+0+1+1+6+276;8+73+34+11+147+3
6;05;2200;012;388+6+225+225+0+1+1+4+224;1+36+17+17+151+2
6;05;2200;013;393+4+232+232+1+0+1+8+231;1+63+39+11+115+2
6;05;2200;014;169+1+130+130+2+0+2+0+128;1+43+5+3+75+1
6;05;2500;001;486+2+297+297+1+1+2+10+295;5+47+20+11+209+3
6;05;2500;002;109+4+93+93+1+0+1+1+92;0+27+16+3+44+2
6;05;2500;003;62+5+47+47+0+0+0+0+47;0+7+8+0+32+0
6;05;2500;004;187+2+128+128+0+0+0+6+128;0+32+8+2+82+4
6;05;2500;005;339+2+202+202+1+1+2+0+200;3+27+25+9+126+10
6;05;2500;006;326+1+160+160+2+1+3+13+157;2+39+23+9+82+2
6;05;2500;007;427+1+246+246+1+0+1+6+245;2+61+50+13+117+2
6;05;2500;008;295+1+186+186+1+0+1+14+185;2+45+13+8+112+5
6;05;3000;001;557+7+348+348+0+0+0+10+348;6+100+43+10+185+4
6;05;3000;002;376+4+376+376+3+0+3+6+373;2+129+38+5+197+2
6;05;3000;003;522+1+315+315+3+2+5+14+310;3+116+25+19+144+3
6;05;3000;004;415+0+231+231+1+3+4+15+227;4+88+36+7+90+2
6;05;3000;005;703+1+328+328+1+1+2+0+326;1+110+34+16+160+5
6;05;3000;006;406+0+265+265+1+1+2+8+263;0+82+23+11+144+3
6;05;3000;007;315+2+212+212+0+0+0+8+212;1+84+25+0+101+1
6;05;3300;001;524+2+286+286+0+2+2+9+284;3+53+47+16+160+5
6;05;3300;002;281+4+176+176+0+0+0+3+176;1+33+36+5+99+2
6;05;3300;003;121+2+91+91+0+0+0+2+91;1+18+14+2+56+0
6;05;3300;004;343+2+225+225+0+1+1+8+224;6+18+24+9+160+7
6;05;3300;005;325+1+202+202+1+1+1+0+201;3+52+38+7+99+2
6;05;3300;006;336+1+181+181+0+0+0+4+181;2+30+14+11+124+0
6;05;3300;007;246+1+166+166+0+2+2+3+164;4+26+14+7+111+2
6;05;3300;008;437+0+256+256+0+0+0+3+256;2+31+37+12+146+28
6;05;3300;009;262+2+153+153+0+0+0+2+153;2+5+6+7+118+15
6;05;3300;010;301+0+171+171+2+2+2+4+169;0+27+19+9+113+1
6;05;3300;011;486+3+252+252+2+1+3+7+249;2+20+34+12+178+3
6;05;3300;012;255+0+157+157+0+0+0+1+157;2+28+22+5+97+3
6;05;3300;013;702+5+357+357+0+0+0+0+357;3+64+45+20+211+14
6;05;3300;014;25+2+14+14+0+0+0+0+14;0+6+3+0+5+0
6;05;3300;015;187+3+132+132+1+2+3+3+129;1+18+12+9+88+1
6;05;3700;001;316+7+200+200+2+0+2+9+198;3+24+24+7+137+3
6;05;3700;002;273+0+167+167+2+1+3+1+164;3+26+28+9+94+4
6;05;3700;003;166+7+116+116+0+0+0+6+116;0+37+16+3+57+3
6;05;3700;004;188+3+122+122+1+0+1+4+121;1+20+18+5+75+2
6;05;3700;005;84+1+52+52+0+0+0+1+52;1+19+6+2+24+0
6;05;3700;006;254+2+162+162+0+0+0+8+162;1+15+32+3+111+0
6;05;3700;007;385+6+182+182+0+2+2+2+180;1+27+34+1+113+4
6;05;3700;008;336+6+139+139+0+0+0+0+139;1+23+15+9+90+1
6;05;3700;009;299+4+160+160+0+0+0+7+160;0+51+13+5+89+2
6;05;3700;010;180+3+102+102+0+0+0+3+102;1+23+12+5+58+3
[END]

[AGGR]
05;6;   ;6+258+258+114049+713+52858+52859+153+101+251+2181+52608;477+14630+8376+2011+26190+924
[END]

