[INFO]
06;В░а╢а;201
[END]

[IZB]
06;6;   ;;11.11.2001;1;6;314
[END]

[NM]
0605;001;▒. Бо░ован;05548;00
0605;002;▒. Доб░олево;21600;00
0605;003;▒. Мало░ад;46810;00
0605;004;▒. Нив┐нин;51559;00
0605;005;▒. Си░аково;66617;00
0608;001;▒. Ал▓ими░;00401;00
0608;002;▒. Б│кове╢;06968;00
0608;003;▒. Б║░да░▒ки ге░ан;07418;00
0608;004;▒. Б║░ка╖ево;07538;00
0608;005;г░. Б┐ла Сла▓ина;07702;00
0608;006;▒. В░ан┐к;12214;00
0608;007;▒. В║░би╢а;12749;00
0608;008;▒. Габа░е;14012;00
0608;009;▒. Гали╖е;14406;00
0608;010;▒. Д░а╕ан;23618;00
0608;011;▒. Кома░ево;38128;00
0608;012;▒. Попи╢а;57594;00
0608;013;▒. Сокола░е;67845;00
0608;014;▒. Тла╖ене;72521;00
0608;015;▒. Т║░нава;73643;00
0608;016;▒. Т║░нак;73660;00
0610;001;▒. Бани╢а;02590;00
0610;002;▒. Бели изво░;03438;00
0610;003;▒. Ве▒ле╢;10789;00
0610;004;▒. Ви░ов▒ко;11185;00
0610;005;▒. Вла▒а▓и╢а;11555;00
0610;006;г░. В░а╢а;12259;00
0610;007;▒. Гол┐мо Пе╣ене;15521;00
0610;008;▒. Го░но Пе╣ене;16897;00
0610;009;▒. Девене;20376;00
0610;010;▒. Зго░иг░ад;30606;00
0610;011;▒. Ко▒▓алево;38875;00
0610;012;▒. Лил┐╖е;43712;00
0610;013;▒. Л╛▓аджик;44728;00
0610;014;▒. Мало Пе╣ене;46807;00
0610;015;▒. М░амо░ен;49223;00
0610;016;▒. Не┤ела;51528;00
0610;017;▒. О╡оден;54482;00
0610;018;▒. Павол╖е;55070;00
0610;019;▒. Ти╕еви╢а;72504;00
0610;020;▒. Т░и кладен╢и;73119;00
0610;021;▒. Челопек;80311;00
0610;022;▒. Чи░ен;81400;00
0620;001;▒. Б│▓ан;07116;00
0620;002;▒. Гложене;18505;00
0620;003;г░. Козлод│й;37798;00
0620;004;▒. К░ива ба░а;39730;00
0620;005;▒. Х║░ле╢;77548;00
0621;001;▒. Ба│░ене;02912;00
0621;002;▒. Бо▓│н┐;05894;00
0621;003;▒. Гала▓ин;14390;00
0621;004;▒. Глава╢и;15014;00
0621;005;▒. Гол┐мо Бабино;15494;00
0621;006;▒. Г░аде╕ни╢а;17453;00
0621;007;▒. Доб░│╕а;21734;00
0621;008;▒. К░аводе░;39236;00
0621;009;г░. К░иводол;39846;00
0621;010;▒. Ле▒│░а;43462;00
0621;011;▒. О▒ен;54064;00
0621;012;▒. П│д░и┐;58788;00
0621;013;▒. Ракево;61933;00
0621;014;▒. У░овене;75143;00
0621;015;▒. Ф│░ен;76193;00
0627;001;▒. Бодене╢;04827;00
0627;002;▒. Б░│▒ен;06598;00
0627;003;▒. В║░бе╕ни╢а;12704;00
0627;004;▒. Го░на Бе╕ови╢а;16122;00
0627;005;▒. Го░на К░емена;16256;00
0627;006;▒. Долна К░емена;22126;00
0627;007;▒. Д║░ман╢и;24668;00
0627;008;▒. Ели▒ейна;27317;00
0627;009;▒. Зве░ино;30510;00
0627;010;▒. Зли дол;31190;00
0627;011;▒. Игна▓и╢а;32281;00
0627;012;▒. Кален;35314;00
0627;013;▒. К░апе╢;39483;00
0627;014;▒. К░е▓а;39709;00
0627;015;▒. Лик;43654;00
0627;016;▒. Л╛▓и б░од;44745;00
0627;017;▒. Л╛▓и дол;44759;00
0627;018;г░. Мезд░а;47714;00
0627;019;▒. Мо░ави╢а;49031;00
0627;020;▒. О▒елна;54047;00
0627;021;▒. О▒лен К░иводол;54256;00
0627;022;▒. О╖ин дол;54506;00
0627;023;▒. Реб║░ково;62390;00
0627;024;▒. Р│▒ка Б┐ла;63450;00
0627;025;▒. С▓а░о ▒ело;69050;00
0627;026;▒. Тип╖ени╢а;72432;00
0627;027;▒. Цакони╢а;78015;00
0627;028;▒. Ца░еве╢;78135;00
0628;001;▒. Войводово;11853;00
0628;002;▒. К░│╕ови╢а;40200;00
0628;003;▒. Липни╢а;43774;00
0628;004;г░. Мизи┐;48043;00
0628;005;▒. Са░аево;65396;00
0628;006;▒. Со┤░ониево;68148;00
0631;001;▒. Галово;14427;00
0631;002;▒. Го░ни Вадин;16451;00
0631;003;▒. Долни Вадин;22321;00
0631;004;▒. Ле▒кове╢;43400;00
0631;005;г░. О░┐╡ово;54020;00
0631;006;▒. О▒▓░ов;54386;00
0631;007;▒. Селанов╢и;70723;00
0632;001;▒. Долна Бе╕ови╢а;22023;00
0632;002;▒. Камено поле;35910;00
0632;003;▒. Ка░а╕;36436;00
0632;004;▒. К│нино;40645;00
0632;005;▒. К│░ново;40693;00
0632;007;▒. Радовене;61488;00
0632;008;г░. Роман;62997;00
0632;009;▒. Син╝о б║░до;66576;00
0632;010;▒. С░едни ░║▓;68432;00
0632;011;▒. С▓о┐нов╢и;69554;00
0632;012;▒. С▓░│пе╢;69972;00
0632;013;▒. Х│бавене;77493;00
0635;001;▒. Бо▓ево;05846;00
0635;002;▒. Б║░зина;07497;00
0635;003;▒. Мана▒▓и░и╣е;47010;00
0635;004;▒. Ми╡айлово;48492;00
0635;005;▒. Рогозен;62815;00
0635;006;▒. Хай░един;77102;00
[END]

[SEC]
06;0500;001;6;001
06;0500;002;6;001
06;0500;003;6;001
06;0500;004;6;003
06;0500;005;6;003
06;0500;006;6;003
06;0500;007;6;002
06;0500;008;6;002
06;0500;009;6;004
06;0500;010;6;005
06;0800;001;6;005
06;0800;002;6;005
06;0800;003;6;005
06;0800;004;6;005
06;0800;005;6;005
06;0800;006;6;005
06;0800;007;6;005
06;0800;008;6;005
06;0800;009;6;005
06;0800;010;6;005
06;0800;011;6;005
06;0800;012;6;005
06;0800;013;6;005
06;0800;014;6;005
06;0800;015;6;005
06;0800;016;6;005
06;0800;017;6;005
06;0800;018;6;001
06;0800;019;6;001
06;0800;020;6;002
06;0800;021;6;003
06;0800;022;6;003
06;0800;023;6;004
06;0800;024;6;006
06;0800;025;6;007
06;0800;026;6;008
06;0800;027;6;008
06;0800;028;6;009
06;0800;029;6;009
06;0800;030;6;009
06;0800;031;6;010
06;0800;032;6;011
06;0800;033;6;012
06;0800;034;6;012
06;0800;035;6;012
06;0800;036;6;013
06;0800;037;6;014
06;0800;038;6;015
06;0800;039;6;015
06;0800;040;6;015
06;0800;041;6;016
06;0800;042;6;016
06;0800;043;6;005
06;0800;044;6;009
06;1000;001;6;006
06;1000;002;6;006
06;1000;003;6;006
06;1000;004;6;006
06;1000;005;6;006
06;1000;006;6;006
06;1000;007;6;006
06;1000;008;6;006
06;1000;009;6;006
06;1000;010;6;006
06;1000;011;6;006
06;1000;012;6;006
06;1000;013;6;006
06;1000;014;6;006
06;1000;015;6;006
06;1000;016;6;006
06;1000;017;6;006
06;1000;018;6;006
06;1000;019;6;006
06;1000;020;6;006
06;1000;021;6;006
06;1000;022;6;006
06;1000;023;6;006
06;1000;024;6;006
06;1000;025;6;006
06;1000;026;6;006
06;1000;027;6;006
06;1000;028;6;006
06;1000;029;6;006
06;1000;030;6;006
06;1000;031;6;006
06;1000;032;6;006
06;1000;033;6;006
06;1000;034;6;006
06;1000;035;6;006
06;1000;036;6;006
06;1000;037;6;006
06;1000;038;6;006
06;1000;039;6;006
06;1000;040;6;006
06;1000;041;6;006
06;1000;042;6;006
06;1000;043;6;006
06;1000;044;6;006
06;1000;045;6;006
06;1000;046;6;006
06;1000;047;6;006
06;1000;048;6;006
06;1000;049;6;006
06;1000;050;6;006
06;1000;051;6;006
06;1000;052;6;006
06;1000;053;6;006
06;1000;054;6;006
06;1000;055;6;006
06;1000;056;6;006
06;1000;057;6;006
06;1000;058;6;006
06;1000;059;6;006
06;1000;060;6;006
06;1000;061;6;006
06;1000;062;6;006
06;1000;063;6;006
06;1000;064;6;006
06;1000;065;6;006
06;1000;066;6;006
06;1000;067;6;006
06;1000;068;6;006
06;1000;069;6;006
06;1000;070;6;006
06;1000;071;6;006
06;1000;072;6;006
06;1000;073;6;006
06;1000;074;6;006
06;1000;075;6;006
06;1000;076;6;006
06;1000;077;6;006
06;1000;078;6;006
06;1000;079;6;006
06;1000;080;6;006
06;1000;081;6;021
06;1000;082;6;018
06;1000;083;6;011
06;1000;084;6;003
06;1000;085;6;008
06;1000;086;6;019
06;1000;087;6;004
06;1000;088;6;015
06;1000;089;6;007
06;1000;090;6;001
06;1000;091;6;001
06;1000;092;6;014
06;1000;093;6;017
06;1000;094;6;010
06;1000;095;6;010
06;1000;096;6;016
06;1000;097;6;002
06;1000;098;6;005
06;1000;099;6;012
06;1000;100;6;012
06;1000;101;6;022
06;1000;102;6;009
06;1000;103;6;020
06;1000;104;6;013
06;1000;105;6;006
06;1000;108;6;006
06;2000;001;6;003
06;2000;002;6;003
06;2000;003;6;003
06;2000;004;6;003
06;2000;005;6;003
06;2000;006;6;003
06;2000;007;6;003
06;2000;008;6;003
06;2000;009;6;003
06;2000;010;6;003
06;2000;011;6;003
06;2000;012;6;003
06;2000;013;6;003
06;2000;014;6;003
06;2000;015;6;003
06;2000;016;6;005
06;2000;017;6;005
06;2000;018;6;005
06;2000;019;6;002
06;2000;020;6;002
06;2000;021;6;002
06;2000;022;6;002
06;2000;023;6;001
06;2000;024;6;001
06;2000;025;6;001
06;2000;026;6;001
06;2000;027;6;004
06;2000;028;6;003
06;2100;001;6;009
06;2100;002;6;009
06;2100;003;6;009
06;2100;004;6;009
06;2100;005;6;001
06;2100;006;6;002
06;2100;007;6;003
06;2100;008;6;004
06;2100;009;6;005
06;2100;010;6;006
06;2100;011;6;007
06;2100;012;6;008
06;2100;013;6;010
06;2100;014;6;011
06;2100;015;6;012
06;2100;016;6;013
06;2100;017;6;014
06;2100;018;6;015
06;2700;001;6;018
06;2700;002;6;018
06;2700;003;6;018
06;2700;004;6;018
06;2700;005;6;018
06;2700;006;6;018
06;2700;007;6;018
06;2700;008;6;018
06;2700;009;6;018
06;2700;010;6;018
06;2700;011;6;018
06;2700;012;6;018
06;2700;013;6;018
06;2700;014;6;018
06;2700;015;6;001
06;2700;016;6;002
06;2700;017;6;003
06;2700;018;6;004
06;2700;019;6;005
06;2700;020;6;006
06;2700;021;6;007
06;2700;022;6;008
06;2700;023;6;009
06;2700;024;6;009
06;2700;025;6;010
06;2700;026;6;011
06;2700;027;6;013
06;2700;028;6;012
06;2700;029;6;014
06;2700;030;6;015
06;2700;031;6;017
06;2700;032;6;016
06;2700;033;6;019
06;2700;034;6;020
06;2700;035;6;022
06;2700;036;6;021
06;2700;037;6;024
06;2700;038;6;023
06;2700;039;6;025
06;2700;040;6;026
06;2700;041;6;027
06;2700;042;6;028
06;2800;001;6;004
06;2800;002;6;004
06;2800;003;6;004
06;2800;004;6;004
06;2800;005;6;005
06;2800;006;6;001
06;2800;007;6;002
06;2800;008;6;002
06;2800;009;6;002
06;2800;010;6;006
06;2800;011;6;006
06;2800;012;6;003
06;3100;001;6;005
06;3100;002;6;005
06;3100;003;6;005
06;3100;004;6;005
06;3100;005;6;005
06;3100;006;6;005
06;3100;007;6;005
06;3100;008;6;005
06;3100;009;6;005
06;3100;010;6;007
06;3100;011;6;007
06;3100;012;6;007
06;3100;013;6;007
06;3100;014;6;007
06;3100;015;6;007
06;3100;016;6;007
06;3100;017;6;007
06;3100;018;6;006
06;3100;019;6;006
06;3100;020;6;006
06;3100;021;6;006
06;3100;022;6;002
06;3100;023;6;003
06;3100;024;6;004
06;3100;025;6;001
06;3200;001;6;008
06;3200;002;6;008
06;3200;003;6;008
06;3200;004;6;008
06;3200;005;6;008
06;3200;006;6;001
06;3200;007;6;002
06;3200;008;6;004
06;3200;009;6;005
06;3200;010;6;007
06;3200;011;6;009
06;3200;012;6;010
06;3200;013;6;003
06;3200;014;6;011
06;3200;015;6;012
06;3200;016;6;012
06;3200;017;6;013
06;3500;001;6;006
06;3500;002;6;006
06;3500;003;6;006
06;3500;004;6;006
06;3500;005;6;004
06;3500;006;6;004
06;3500;007;6;003
06;3500;008;6;003
06;3500;009;6;002
06;3500;010;6;005
06;3500;011;6;005
06;3500;012;6;001
[END]

[MAJ]
06;6;   ;01;;;Пе▓║░ Ки░илов Бе░он и С▓о┐н В║л╖ев Анд░еев;, ;ПКБ+СВА;733;0;1
06;6;   ;02;;;Пе▓║░ С▓е┤анов С▓о┐нов и Нели Пе▓░ова К│╢кова;, ;ПСС+НПК;22301;2;2
06;6;   ;03;;;Богомил Ангелов Бонев и А▓ана▒ Иванов Желез╖ев;, ;БАБ+АИЖ;15228;0;3
06;6;   ;04;;;Жо░ж Ган╖ев Ган╖ев и Ве▒елин С▓о┐нов Бон╖ев;, ;ЖГГ+ВСБ;3637;0;4
06;6;   ;05;;;Гео░ги Седе┤╖ов П║░ванов и Ангел Иванов Ма░ин;, ;ГСП+АИМ;41985;2;5
06;6;   ;06;;;Рене▓а Иванова Инджова и К░║▒▓╛ Николов Илов;, ;РИИ+КНИ;1877;0;6
[END]

[PROP]
[END]

[LISTI]
[END]

[PROT]
6;06;0500;001;641+5+431+431+0+0+0+17+431;1+73+61+11+282+3
6;06;0500;002;708+2+434+434+1+2+3+21+431;4+78+67+17+255+10
6;06;0500;003;898+0+507+507+0+4+4+33+503;6+82+78+22+310+5
6;06;0500;004;527+1+306+306+1+1+2+0+304;4+55+46+11+181+7
6;06;0500;005;557+0+298+298+2+1+3+0+295;1+64+52+9+166+3
6;06;0500;006;736+3+426+426+0+2+2+0+424;7+70+60+37+242+8
6;06;0500;007;420+2+258+258+0+5+5+0+253;0+42+21+30+156+4
6;06;0500;008;425+4+275+275+1+1+2+0+273;3+56+36+16+158+4
6;06;0500;009;480+9+300+300+2+0+2+0+298;1+62+33+5+195+2
6;06;0500;010;288+0+178+178+1+0+1+0+177;1+47+17+7+105+0
6;06;0800;001;689+1+259+259+2+0+2+0+257;2+73+53+14+110+5
6;06;0800;002;682+0+269+269+0+3+3+0+266;2+77+51+16+110+10
6;06;0800;003;657+0+250+250+0+0+0+11+250;3+77+46+11+108+5
6;06;0800;004;747+0+276+276+1+1+2+9+274;2+99+59+7+104+3
6;06;0800;005;671+1+247+247+1+0+1+9+246;4+94+47+7+88+6
6;06;0800;006;645+2+274+274+0+0+0+0+274;2+96+30+9+133+4
6;06;0800;007;665+0+195+195+0+0+0+0+195;0+60+44+16+71+4
6;06;0800;008;751+0+220+220+0+2+2+0+218;1+60+29+12+114+2
6;06;0800;009;654+0+207+207+0+0+0+8+207;0+51+37+9+106+4
6;06;0800;010;654+1+285+285+1+0+1+9+284;2+115+35+6+120+6
6;06;0800;011;685+0+281+281+0+0+0+13+281;0+99+39+9+124+10
6;06;0800;012;722+0+239+239+0+0+0+0+239;1+61+46+10+110+11
6;06;0800;013;743+1+266+266+1+0+1+0+265;2+64+35+13+146+5
6;06;0800;014;763+0+201+201+0+2+2+5+199;4+40+37+7+101+10
6;06;0800;015;833+9+312+312+0+4+4+9+308;7+56+20+47+170+8
6;06;0800;016;721+3+226+226+0+3+3+0+223;1+42+10+26+138+6
6;06;0800;017;786+0+280+280+0+0+0+7+280;1+90+53+10+122+4
6;06;0800;018;606+4+315+315+1+1+2+12+313;4+49+47+12+195+6
6;06;0800;019;657+3+281+281+0+3+3+0+278;3+65+16+19+173+2
6;06;0800;020;287+9+195+195+0+1+1+0+194;0+59+13+9+105+8
6;06;0800;021;412+5+208+208+0+0+0+0+208;1+68+33+7+95+4
6;06;0800;022;450+3+239+239+1+2+3+0+236;1+70+30+21+109+5
6;06;0800;023;721+1+363+363+0+0+0+23+363;2+73+32+14+238+4
6;06;0800;024;411+7+267+267+0+1+1+26+266;2+47+32+29+153+3
6;06;0800;025;398+16+288+288+1+2+3+25+285;3+30+19+9+220+4
6;06;0800;026;558+0+314+314+0+1+1+17+313;5+51+13+12+227+5
6;06;0800;027;445+2+268+268+0+0+0+10+268;2+81+21+11+148+5
6;06;0800;028;464+12+202+202+0+0+0+0+202;2+37+43+6+110+4
6;06;0800;029;610+2+247+247+0+0+0+0+247;5+53+60+7+115+7
6;06;0800;030;428+0+216+216+0+0+0+0+216;3+40+49+13+106+5
6;06;0800;031;214+0+128+128+2+2+4+0+124;1+29+13+4+73+4
6;06;0800;032;289+3+161+161+0+0+0+0+161;3+33+13+6+100+6
6;06;0800;033;449+0+205+205+0+0+0+3+205;3+54+27+8+112+1
6;06;0800;034;556+1+299+299+0+1+1+16+298;1+85+33+14+155+10
6;06;0800;035;749+2+381+381+1+0+1+0+380;4+61+23+20+268+4
6;06;0800;036;589+5+314+314+1+0+1+19+313;7+111+36+26+119+14
6;06;0800;037;387+6+239+239+0+2+2+0+237;2+39+20+8+164+4
6;06;0800;038;662+3+313+313+0+1+1+26+312;5+75+25+9+190+8
6;06;0800;039;803+1+361+361+0+3+3+0+358;2+83+76+21+171+5
6;06;0800;040;779+0+307+307+0+2+2+13+305;4+59+43+17+177+5
6;06;0800;041;590+3+305+305+0+2+2+0+303;3+59+29+26+177+9
6;06;0800;042;681+2+344+344+1+0+1+0+343;1+75+36+21+201+9
6;06;0800;043;36+0+22+22+0+0+0+0+22;2+5+7+1+7+0
6;06;0800;044;568+2+296+296+0+0+0+0+296;9+50+51+23+155+8
6;06;1000;001;875+0+292+292+1+0+1+15+291;1+86+62+17+123+2
6;06;1000;002;994+0+369+369+0+0+0+0+369;1+119+90+14+139+6
6;06;1000;003;252+0+252+252+0+0+0+0+252;2+72+77+7+88+6
6;06;1000;004;690+0+219+219+0+0+0+7+219;1+65+68+13+71+1
6;06;1000;005;744+1+238+238+3+3+3+8+235;4+96+31+15+86+3
6;06;1000;006;833+0+285+285+1+1+2+11+283;2+102+85+12+71+11
6;06;1000;007;877+0+286+286+0+0+0+0+286;2+90+58+10+123+3
6;06;1000;008;71+2+71+71+1+2+3+8+68;3+13+14+2+35+1
6;06;1000;009;663+1+231+231+0+0+0+8+231;0+86+54+7+81+3
6;06;1000;010;532+0+186+186+0+0+0+0+186;1+48+54+4+69+10
6;06;1000;011;630+2+262+262+0+0+0+0+262;0+85+78+5+77+17
6;06;1000;012;741+2+269+269+0+0+0+0+269;1+93+53+11+105+6
6;06;1000;013;1023+0+447+447+0+0+0+14+447;2+123+85+13+210+14
6;06;1000;014;827+0+331+331+0+0+0+5+331;3+110+93+10+107+8
6;06;1000;015;728+0+274+274+0+0+0+11+274;3+71+68+5+120+7
6;06;1000;016;590+1+252+252+1+0+1+0+251;0+65+52+4+125+5
6;06;1000;017;963+1+415+415+0+0+0+7+415;3+159+84+17+151+1
6;06;1000;018;657+0+301+301+1+0+1+13+300;2+120+50+7+113+8
6;06;1000;019;759+0+335+335+1+0+1+8+334;2+111+73+6+135+7
6;06;1000;020;828+0+335+335+2+0+2+0+333;0+81+98+11+137+6
6;06;1000;021;975+1+466+466+0+0+0+0+466;4+176+95+10+165+16
6;06;1000;022;1023+0+422+422+0+0+0+0+422;1+172+90+7+146+6
6;06;1000;023;856+0+359+359+0+0+0+8+359;3+122+81+10+136+7
6;06;1000;024;971+0+444+444+3+1+4+0+440;4+132+110+7+182+5
6;06;1000;025;759+1+347+347+0+0+0+13+347;1+93+72+7+165+9
6;06;1000;026;1009+0+395+395+0+0+0+17+395;2+124+99+11+152+7
6;06;1000;027;950+0+478+478+0+0+0+0+478;5+155+84+13+209+12
6;06;1000;028;869+3+430+430+0+0+0+0+430;1+153+77+7+181+11
6;06;1000;029;712+0+335+335+0+0+0+0+335;4+104+74+4+143+6
6;06;1000;030;854+1+371+371+1+1+2+0+369;0+118+74+8+162+7
6;06;1000;031;725+1+317+317+0+2+2+0+315;1+101+58+3+150+2
6;06;1000;032;1048+1+462+462+1+2+3+1+459;4+174+122+12+125+22
6;06;1000;033;640+0+244+244+1+1+2+3+242;0+52+82+7+95+6
6;06;1000;034;853+2+383+383+1+0+1+0+382;5+122+85+8+145+17
6;06;1000;035;521+0+195+195+0+0+0+0+195;1+68+46+4+75+1
6;06;1000;036;806+2+316+316+0+0+0+6+316;5+111+77+8+109+6
6;06;1000;037;484+0+227+227+0+0+0+4+227;1+74+71+6+72+3
6;06;1000;038;672+0+265+265+0+0+0+15+265;0+105+71+9+73+7
6;06;1000;039;984+0+331+331+1+1+2+0+329;3+125+70+11+112+8
6;06;1000;040;613+0+287+287+0+0+0+7+287;0+88+68+8+117+6
6;06;1000;041;643+1+263+263+0+0+0+0+263;1+66+52+8+129+7
6;06;1000;042;924+1+405+405+0+1+1+0+404;2+149+79+14+153+7
6;06;1000;043;616+0+223+223+1+0+1+0+222;2+67+46+11+86+10
6;06;1000;044;998+0+330+330+0+1+1+0+329;0+88+70+15+144+12
6;06;1000;045;857+0+257+257+0+0+0+0+257;2+75+57+6+112+5
6;06;1000;046;961+0+348+348+0+0+0+0+348;0+92+88+12+145+11
6;06;1000;047;567+0+242+242+0+0+0+0+242;0+69+73+8+88+4
6;06;1000;048;509+0+196+196+0+0+0+0+196;3+57+57+6+70+3
6;06;1000;049;898+0+288+288+0+0+0+0+288;1+53+87+16+123+8
6;06;1000;050;601+0+214+214+0+0+0+5+214;0+50+63+8+86+7
6;06;1000;051;679+1+223+223+0+0+0+0+223;0+76+61+10+74+2
6;06;1000;052;645+0+183+183+0+0+0+0+183;0+47+59+9+60+8
6;06;1000;053;469+1+135+135+1+0+1+4+134;2+41+37+8+45+1
6;06;1000;054;939+0+330+330+0+0+0+0+330;1+100+87+7+128+7
6;06;1000;055;792+1+237+237+1+0+1+5+236;1+77+36+6+115+1
6;06;1000;056;884+2+266+266+0+0+0+5+266;0+57+76+14+102+17
6;06;1000;057;788+0+279+279+0+0+0+0+279;2+92+56+14+107+8
6;06;1000;058;784+0+252+252+1+0+1+2+251;0+55+79+10+97+10
6;06;1000;059;743+0+256+256+1+0+1+0+255;2+40+56+8+141+8
6;06;1000;060;854+1+263+263+1+0+1+0+262;0+78+62+10+100+12
6;06;1000;061;803+1+277+277+0+0+0+4+277;1+81+69+13+109+4
6;06;1000;062;713+1+230+230+0+0+0+0+230;1+67+60+7+85+10
6;06;1000;063;736+0+223+223+0+0+0+7+223;1+43+69+16+91+3
6;06;1000;064;861+1+249+249+0+0+0+5+249;3+59+79+22+81+5
6;06;1000;065;1012+0+313+313+0+1+1+17+312;1+76+87+20+118+10
6;06;1000;066;871+1+276+276+0+1+1+17+275;1+70+84+9+100+11
6;06;1000;067;702+0+193+193+0+1+1+3+192;2+46+56+14+67+7
6;06;1000;068;882+0+261+261+0+0+0+0+261;1+97+77+14+70+2
6;06;1000;069;1124+3+338+338+2+0+2+7+336;2+105+106+16+97+10
6;06;1000;070;849+1+315+315+0+0+0+5+315;0+86+107+10+111+1
6;06;1000;071;707+0+208+208+1+0+1+5+207;0+60+58+15+68+6
6;06;1000;072;709+0+192+192+0+0+0+10+192;2+41+42+18+84+5
6;06;1000;073;624+1+175+175+0+0+0+5+175;0+42+57+15+59+2
6;06;1000;074;988+0+279+279+0+0+0+0+279;1+81+66+12+114+5
6;06;1000;075;703+0+180+180+0+0+0+5+180;1+54+41+9+66+9
6;06;1000;076;1055+0+262+262+0+0+0+0+262;1+92+61+17+87+4
6;06;1000;077;643+0+194+194+0+1+1+0+193;1+49+65+9+62+7
6;06;1000;078;950+2+382+382+1+0+1+18+381;2+114+66+17+178+4
6;06;1000;079;775+2+376+376+1+0+1+0+375;7+68+74+28+189+9
6;06;1000;080;574+0+159+159+1+0+1+6+158;0+45+42+6+60+5
6;06;1000;081;320+6+320+320+0+5+5+7+315;6+102+57+17+128+5
6;06;1000;082;682+1+332+332+1+0+1+3+331;1+87+110+16+113+4
6;06;1000;083;746+4+311+313+1+1+2+15+311;3+71+49+29+152+7
6;06;1000;084;122+25+122+122+0+0+0+0+122;1+26+10+3+82+0
6;06;1000;085;421+2+257+257+1+0+1+0+256;0+53+29+9+162+3
6;06;1000;086;493+10+316+316+0+0+0+19+316;2+81+28+14+182+9
6;06;1000;087;357+14+255+255+0+0+0+14+255;2+55+14+5+174+5
6;06;1000;088;922+0+444+444+0+0+0+53+444;10+64+59+16+288+7
6;06;1000;089;517+6+337+337+1+0+1+15+336;5+111+33+10+169+8
6;06;1000;090;598+9+345+345+0+2+2+22+343;4+58+26+18+237+0
6;06;1000;091;556+4+319+319+0+0+0+0+319;3+49+60+20+182+5
6;06;1000;092;76+5+67+67+0+0+0+0+67;0+10+8+2+46+1
6;06;1000;093;265+12+197+197+0+2+2+0+195;1+25+28+9+129+3
6;06;1000;094;726+1+282+282+0+0+0+15+282;4+98+44+9+122+5
6;06;1000;095;855+5+340+340+0+3+3+10+337;4+121+62+15+125+10
6;06;1000;096;423+1+184+184+0+0+0+7+184;3+43+33+11+90+4
6;06;1000;097;625+3+293+293+1+2+3+14+290;4+61+42+30+141+12
6;06;1000;098;312+2+201+201+0+0+0+0+201;1+28+35+7+128+2
6;06;1000;099;475+11+255+255+0+0+0+10+255;1+63+26+7+156+2
6;06;1000;100;756+4+254+254+0+0+0+6+254;1+49+27+6+165+6
6;06;1000;101;847+8+445+445+1+3+4+38+441;4+113+61+17+240+6
6;06;1000;102;1058+9+610+610+0+2+2+34+608;9+115+46+31+397+10
6;06;1000;103;784+5+421+421+1+1+2+0+419;9+62+37+25+284+2
6;06;1000;104;178+17+148+148+0+0+0+0+148;0+13+10+6+118+1
6;06;1000;105;109+0+106+106+5+1+6+0+100;1+32+14+18+17+18
6;06;1000;108;639+0+257+257+0+1+1+8+256;1+65+57+5+122+6
6;06;2000;001;723+0+359+359+0+1+1+0+358;5+85+82+9+173+4
6;06;2000;002;840+1+263+263+0+0+0+11+263;4+69+65+8+111+6
6;06;2000;003;566+0+189+189+0+0+0+11+189;3+46+37+12+90+1
6;06;2000;004;863+0+314+314+0+1+1+8+313;1+101+108+9+84+10
6;06;2000;005;665+4+300+300+2+1+3+0+297;0+108+96+9+73+11
6;06;2000;006;794+0+311+311+0+0+0+3+311;0+116+94+8+85+8
6;06;2000;007;733+0+296+296+0+0+0+3+296;0+96+102+11+75+12
6;06;2000;008;764+2+282+282+1+1+2+0+280;4+75+105+15+78+3
6;06;2000;009;845+2+320+320+1+0+1+9+319;0+97+105+17+92+8
6;06;2000;010;917+2+356+356+0+1+1+0+355;1+143+127+7+67+10
6;06;2000;011;941+1+330+330+0+0+0+3+330;2+129+121+8+57+13
6;06;2000;012;857+3+341+341+0+1+1+0+340;7+107+85+17+112+12
6;06;2000;013;649+0+231+231+0+0+0+13+231;4+50+55+6+112+4
6;06;2000;014;671+0+240+240+0+1+1+7+239;0+86+50+15+82+6
6;06;2000;015;85+2+38+38+0+1+1+0+37;1+5+5+2+23+1
6;06;2000;016;649+6+308+308+0+0+0+18+308;3+76+27+9+186+7
6;06;2000;017;670+1+383+383+0+1+1+0+382;3+82+57+14+220+6
6;06;2000;018;586+0+304+304+0+2+2+24+302;2+76+47+6+163+8
6;06;2000;019;621+0+331+331+0+0+0+0+331;5+79+76+9+157+5
6;06;2000;020;546+1+248+248+0+0+0+6+248;2+76+47+7+112+4
6;06;2000;021;582+3+299+299+0+2+2+0+297;0+71+52+2+165+7
6;06;2000;022;695+0+311+311+0+5+5+21+306;3+56+26+17+196+8
6;06;2000;023;682+0+372+372+0+6+6+30+366;0+54+37+88+180+7
6;06;2000;024;668+4+289+289+1+0+1+0+288;4+115+35+16+111+7
6;06;2000;025;712+3+263+263+1+1+2+0+261;1+104+34+8+106+8
6;06;2000;026;694+2+350+350+0+1+1+24+349;1+128+53+7+153+7
6;06;2000;027;461+1+284+284+0+0+0+0+284;6+90+32+12+140+4
6;06;2000;028;36+0+12+12+0+0+0+0+12;0+0+7+0+5+0
6;06;2100;001;696+0+434+434+1+1+2+0+432;2+68+92+10+249+11
6;06;2100;002;728+0+405+405+1+2+3+17+402;2+51+72+22+248+7
6;06;2100;003;893+0+484+484+0+0+0+33+484;5+85+80+22+286+6
6;06;2100;004;820+0+386+386+0+1+1+16+385;1+59+79+16+221+9
6;06;2100;005;386+3+242+242+0+1+1+16+241;4+44+32+13+142+6
6;06;2100;006;197+1+121+121+0+1+1+2+120;3+28+9+8+69+3
6;06;2100;007;665+6+436+436+0+3+3+0+433;6+113+38+21+251+4
6;06;2100;008;278+4+217+217+0+1+1+7+216;3+28+9+3+172+1
6;06;2100;009;313+0+218+218+0+0+0+10+218;1+66+19+8+120+4
6;06;2100;010;521+10+303+303+1+1+2+7+301;3+65+31+15+184+3
6;06;2100;011;290+4+202+202+0+1+1+0+201;2+46+5+9+135+4
6;06;2100;012;829+12+452+452+4+7+11+27+441;5+61+34+35+300+6
6;06;2100;013;976+2+532+532+0+3+3+0+529;2+90+45+37+345+10
6;06;2100;014;241+0+241+241+1+1+2+12+239;3+65+37+17+113+4
6;06;2100;015;640+6+365+365+1+1+2+23+363;8+76+40+19+217+3
6;06;2100;016;847+4+467+467+1+2+3+20+464;3+84+58+24+288+7
6;06;2100;017;175+6+143+143+1+0+1+5+142;2+26+13+8+92+1
6;06;2100;018;348+4+210+210+2+1+3+0+207;2+32+11+9+150+3
6;06;2700;001;740+1+306+306+0+1+1+6+305;0+112+43+5+135+10
6;06;2700;002;799+0+283+283+2+1+3+11+280;2+90+49+6+125+8
6;06;2700;003;819+0+355+355+1+3+4+7+351;4+104+67+5+161+10
6;06;2700;004;796+0+337+337+0+1+1+6+336;1+105+45+6+168+11
6;06;2700;005;759+0+355+355+0+0+0+0+355;5+115+74+5+153+3
6;06;2700;006;793+1+384+384+3+1+4+17+380;1+101+65+9+194+10
6;06;2700;007;729+0+310+310+0+0+0+0+310;1+92+56+10+143+8
6;06;2700;008;746+2+325+325+0+0+0+0+325;1+83+69+14+152+6
6;06;2700;009;738+0+328+328+0+0+0+0+328;0+71+45+5+195+12
6;06;2700;010;737+0+284+284+2+1+3+20+281;1+68+46+4+158+4
6;06;2700;011;776+0+325+325+0+0+0+13+325;1+94+71+8+146+5
6;06;2700;012;1099+1+314+314+0+1+1+10+313;2+89+61+9+143+9
6;06;2700;013;577+0+207+207+0+0+0+8+207;2+70+36+5+89+5
6;06;2700;014;789+0+294+294+2+2+4+8+290;3+83+30+13+156+5
6;06;2700;015;566+2+278+278+0+1+1+15+277;2+104+28+11+128+4
6;06;2700;016;371+2+240+240+0+0+0+11+240;0+61+23+11+143+2
6;06;2700;017;364+3+163+163+2+0+2+4+161;0+19+18+4+119+1
6;06;2700;018;220+28+198+198+0+1+1+25+197;4+33+16+10+134+0
6;06;2700;019;476+10+269+269+0+0+0+32+269;2+86+30+10+138+3
6;06;2700;020;479+16+306+306+0+0+0+13+306;1+63+36+17+187+2
6;06;2700;021;325+2+170+170+0+1+1+0+169;3+56+27+8+75+0
6;06;2700;022;342+4+189+189+0+0+0+12+189;6+41+39+7+93+3
6;06;2700;023;782+2+283+283+0+0+0+8+283;0+64+38+3+176+2
6;06;2700;024;857+0+320+320+0+0+0+19+320;2+72+68+7+165+6
6;06;2700;025;114+0+92+92+0+0+0+9+92;2+13+9+3+63+2
6;06;2700;026;695+0+306+306+1+2+3+22+303;5+91+41+16+142+8
6;06;2700;027;306+2+154+154+0+0+0+2+154;2+29+26+11+86+0
6;06;2700;028;95+3+58+58+0+0+0+2+58;0+11+5+2+39+1
6;06;2700;029;212+4+138+138+1+0+1+0+137;2+19+18+1+94+3
6;06;2700;030;428+5+258+258+0+1+1+11+257;4+53+36+14+144+6
6;06;2700;031;297+7+207+207+0+0+0+6+207;4+48+22+6+117+10
6;06;2700;032;369+13+246+246+0+1+1+15+245;2+39+30+9+158+7
6;06;2700;033;703+3+354+354+2+0+2+0+352;4+117+32+11+181+7
6;06;2700;034;453+2+171+171+1+1+2+0+169;1+24+59+6+76+3
6;06;2700;035;180+0+129+129+3+0+3+0+126;0+21+25+7+68+5
6;06;2700;036;137+11+104+104+0+1+1+8+103;2+33+4+1+61+2
6;06;2700;037;374+9+234+234+0+4+4+0+230;1+101+23+3+102+0
6;06;2700;038;344+3+210+210+0+0+0+18+210;2+68+23+3+109+5
6;06;2700;039;216+12+146+146+1+0+1+0+145;0+54+9+1+81+0
6;06;2700;040;483+3+238+238+0+1+1+8+237;0+40+20+7+163+7
6;06;2700;041;131+5+101+101+0+0+0+0+101;5+23+7+1+59+6
6;06;2700;042;451+1+267+267+0+0+0+0+267;8+79+46+3+131+0
6;06;2800;001;825+2+358+358+0+2+2+27+356;9+72+52+16+202+5
6;06;2800;002;857+1+358+358+1+3+4+0+354;2+81+78+24+163+6
6;06;2800;003;938+1+407+407+0+1+1+0+406;1+89+98+11+194+13
6;06;2800;004;781+1+322+322+1+0+1+13+321;5+70+60+12+169+5
6;06;2800;005;67+2+52+52+0+0+0+0+52;0+2+2+1+46+1
6;06;2800;006;308+1+217+217+0+0+0+4+217;1+30+30+12+141+3
6;06;2800;007;536+0+303+303+3+2+5+0+298;11+77+38+19+147+6
6;06;2800;008;701+1+390+390+0+1+1+24+389;5+62+58+19+240+5
6;06;2800;009;656+3+366+366+1+0+1+0+365;5+65+90+18+181+6
6;06;2800;010;801+7+360+360+1+2+3+357+357;6+57+55+20+209+10
6;06;2800;011;858+3+412+412+1+1+2+0+410;2+108+58+18+215+9
6;06;2800;012;781+4+502+502+0+0+0+0+502;4+211+54+20+199+14
6;06;3100;001;946+5+372+372+1+1+2+24+370;8+87+91+26+149+9
6;06;3100;002;721+7+322+322+0+1+1+12+321;1+101+58+17+128+16
6;06;3100;003;110+4+68+68+0+1+1+1+67;1+21+14+8+20+3
6;06;3100;004;646+6+302+302+3+2+5+9+297;3+107+64+5+106+12
6;06;3100;005;403+1+236+236+0+1+1+1+235;2+76+54+11+86+6
6;06;3100;006;591+0+316+316+0+0+0+8+316;5+101+70+14+117+9
6;06;3100;007;907+5+358+358+0+1+1+3+357;3+108+81+16+129+20
6;06;3100;008;876+4+331+331+1+0+1+26+330;6+52+24+67+158+23
6;06;3100;009;23+5+13+13+0+0+0+0+13;1+4+2+1+1+4
6;06;3100;010;491+1+203+203+1+0+1+11+202;8+60+52+7+69+6
6;06;3100;011;659+3+297+297+0+1+1+0+296;0+57+32+18+179+10
6;06;3100;012;572+3+268+268+0+1+1+12+267;1+76+66+5+110+9
6;06;3100;013;485+5+209+209+0+3+3+11+206;1+63+33+10+93+6
6;06;3100;014;544+1+203+203+0+0+0+0+203;3+53+46+6+91+4
6;06;3100;015;541+1+235+235+0+3+3+8+232;3+50+61+11+101+6
6;06;3100;016;396+0+186+186+0+0+0+1+186;2+49+54+4+77+0
6;06;3100;017;343+2+193+193+0+2+2+10+191;1+63+45+4+73+5
6;06;3100;018;274+3+145+145+0+1+1+5+144;1+32+22+4+79+6
6;06;3100;019;612+4+269+269+1+2+3+20+266;1+38+29+9+181+8
6;06;3100;020;487+3+264+264+0+0+0+0+264;0+67+42+8+141+6
6;06;3100;021;301+3+176+176+0+0+0+0+176;2+25+22+7+118+2
6;06;3100;022;491+4+289+289+0+0+0+0+289;4+99+36+4+142+4
6;06;3100;023;350+9+251+251+1+0+1+15+250;4+61+17+3+164+1
6;06;3100;024;775+5+396+396+1+2+3+26+393;2+55+49+20+262+5
6;06;3100;025;349+6+235+235+0+2+2+0+233;3+74+33+11+105+7
6;06;3200;001;721+1+362+362+0+2+2+24+360;3+110+57+17+169+4
6;06;3200;002;865+1+413+413+0+1+1+25+412;5+118+53+25+200+11
6;06;3200;003;609+1+213+213+0+2+2+10+211;3+47+44+7+106+4
6;06;3200;004;631+2+250+250+1+0+1+14+249;2+77+51+17+97+5
6;06;3200;005;30+6+34+34+1+1+1+0+33;0+3+8+5+15+2
6;06;3200;006;341+7+223+223+1+0+1+0+222;2+67+30+6+116+1
6;06;3200;007;690+9+452+452+1+2+3+24+449;5+81+49+15+283+16
6;06;3200;008;542+8+352+352+0+0+0+13+352;0+91+40+8+211+2
6;06;3200;009;235+3+168+168+0+1+1+2+167;4+42+8+4+104+5
6;06;3200;010;313+5+232+232+0+0+0+11+232;0+79+9+3+138+3
6;06;3200;011;523+5+352+352+1+1+2+26+350;5+142+36+8+154+5
6;06;3200;012;33+18+31+31+0+0+0+1+31;2+19+3+0+7+0
6;06;3200;013;44+6+38+38+0+0+0+2+38;0+9+6+2+19+2
6;06;3200;014;161+4+125+125+2+0+2+3+123;2+37+19+1+64+0
6;06;3200;015;283+11+220+220+0+0+0+3+220;2+41+19+2+152+4
6;06;3200;016;60+9+58+58+0+1+1+2+57;0+7+10+0+37+3
6;06;3200;017;312+3+203+203+0+4+4+11+199;5+64+24+6+94+6
6;06;3500;001;636+7+342+342+1+1+2+14+340;3+79+63+16+170+9
6;06;3500;002;561+2+274+274+0+2+2+7+272;2+71+66+11+117+5
6;06;3500;003;553+3+308+308+0+0+0+9+308;2+47+55+8+187+9
6;06;3500;004;88+1+62+62+1+0+1+0+61;0+1+5+1+52+2
6;06;3500;005;578+4+344+344+0+0+0+0+344;1+61+21+8+248+5
6;06;3500;006;520+4+248+248+0+2+2+10+246;0+44+17+20+162+3
6;06;3500;007;648+3+295+295+0+0+0+0+295;5+47+54+11+172+6
6;06;3500;008;552+0+299+299+1+2+3+10+296;1+56+47+8+182+2
6;06;3500;009;317+4+182+182+0+0+0+0+182;0+35+22+8+114+3
6;06;3500;010;574+6+289+289+1+2+3+16+286;6+44+38+15+177+6
6;06;3500;011;586+4+275+275+1+3+4+0+271;2+63+45+18+135+8
6;06;3500;012;111+5+91+91+0+1+1+6+90;0+22+6+1+60+1
[END]

[AGGR]
06;6;   ;6+314+314+190586+858+86129+86131+134+240+370+2558+85761;733+22301+15228+3637+41985+1877
[END]

