[INFO]
07;Габ░ово;201
[END]

[IZB]
07;6;   ;;11.11.2001;1;6;300
[END]

[NM]
0705;002;▒. А░мени;00638;00
0705;004;▒. Балани;02347;00
0705;011;▒. Божен╢и;04964;00
0705;012;▒. Бойнов╢и;05219;00
0705;014;▒. Бо░ики;05400;00
0705;019;▒. Велков╢и;10536;00
0705;021;▒. Влай╖ев╢и;11524;00
0705;024;▒. В░анилов╢и;12168;00
0705;026;г░. Габ░ово;14218;00
0705;032;▒. Ге░гини;14814;00
0705;035;▒. Г░║блев╢и;17991;00
0705;036;▒. Г║бене;18215;00
0705;037;▒. Дебел д┐л;20225;00
0705;040;▒. Донино;22959;00
0705;041;▒. Д░аганов╢и;23159;00
0705;045;▒. Д│мни╢и;24854;00
0705;049;▒. Ж║л▓е╕;29547;00
0705;050;▒. Зд░авкове╢;30661;00
0705;051;▒. Зелено д║░во;30764;00
0705;056;▒. Зла▓ев╢и;30973;00
0705;059;▒. Каме╣и╢а;35986;00
0705;061;▒. Кме▓ов╢и;37352;00
0705;065;▒. Кози░ог;37722;00
0705;066;▒. Ко▒▓инков╢и;38920;00
0705;069;▒. К│ка▓а;;00
0705;073;▒. Ле▒и╖а░ка;43339;00
0705;075;▒. Междени;47706;00
0705;078;▒. Ми╖ков╢и;48605;00
0705;080;▒. М│зга;49299;00
0705;081;▒. Новаков╢и;51843;00
0705;087;▒. О░лов╢и;53948;00
0705;090;▒. Па░╖ев╢и;55498;00
0705;092;▒. Попов╢и;57675;00
0705;094;▒. Райнов╢и;61902;00
0705;108;▒. Ра╡ов╢и;62245;00
0705;111;▒. С▓оев╢и;69287;00
0705;116;▒. С▓омоне╢и;69479;00
0705;119;▒. С║бо▓ков╢и;70442;00
0705;125;▒. Т░║ни▓о;73290;00
0705;126;▒. Ха░а╖е░и;77164;00
0705;130;▒. Ч│кили;81685;00
0705;131;▒. Ча░ково;81904;00
0705;136;▒. Яво░е╢;87120;00
0712;008;▒. Ган╖ове╢;14458;00
0712;016;▒. Го▒▓или╢а;17350;00
0712;018;▒. Ден╖ев╢и;20660;00
0712;019;▒. Дл║гн┐;21261;00
0712;024;г░. Д░┐ново;23947;00
0712;031;▒. Ка░аиван╢а;36261;00
0712;033;▒. Ке░ека;36751;00
0712;034;▒. Ко▒а░ка;38710;00
0712;046;▒. Мано┐;47127;00
0712;051;▒. Радов╢и;61529;00
0712;052;▒. Скал▒ко;66768;00
0712;053;▒. Славейково;66977;00
0712;059;▒. Соколово;67934;00
0712;061;▒. Ца░ева ливада;12677;00
0712;063;▒. Ян▓░а;87463;00
0729;001;▒. Ага▓ово;00103;00
0729;003;▒. Ба▓о╕ево;02885;00
0729;004;▒. Бе░иево;03914;00
0729;005;▒. Боаз║▓;04474;00
0729;006;▒. Бога▓ово;04555;00
0729;009;▒. Б│░┐;07082;00
0729;010;▒. Валев╢и;13069;00
0729;011;▒. Го░на Ро▒и╢а;16376;00
0729;012;▒. Г░ади╣е;17542;00
0729;013;▒. Г░адни╢а;17587;00
0729;016;▒. Дам┐ново;20119;00
0729;018;▒. Доб░оми░ка;21628;00
0729;021;▒. Д│╕ево;24178;00
0729;022;▒. Енев ░║▓;27485;00
0729;023;▒. Идилево;32336;00
0729;024;▒. Ка░ами╖ев╢и;36347;00
0729;026;▒. Ка▒▓ел;36600;00
0729;027;▒. Ко░м┐н▒ко;38652;00
0729;028;▒. К░амолин;39431;00
0729;029;▒. К░│╕ево;40141;00
0729;030;▒. К░║веник;40275;00
0729;031;▒. К│пен;40659;00
0729;033;▒. Ловнидол;43966;00
0729;035;▒. Малки В║░╕е╢;46509;00
0729;036;▒. Младен;48670;00
0729;037;▒. Мле╖ево;48742;00
0729;040;▒. Пе▓ко Славейков;56037;00
0729;041;▒. Р┐╡ов╢и▓е;63673;00
0729;042;г░. Севлиево;65927;00
0729;043;▒. Сенник;66216;00
0729;044;▒. С▓оки▓е;69417;00
0729;045;▒. С▓ол║▓;69451;00
0729;046;▒. Сели╣е;70799;00
0729;048;▒. Таба╕ко;72031;00
0729;050;▒. Т║░╡ово;73763;00
0729;052;▒. Хи░ево;77253;00
0729;053;▒. Ш│ма▓а;83497;00
0729;054;▒. Уго░еле╢;75037;00
0735;004;к. Ба╡░е╢и;02943;00
0735;005;▒. Бели╢а;03513;00
0735;037;▒. Ен╖ов╢и;27526;00
0735;051;▒. К░║▒▓е╢;40364;00
0735;072;г░. Пла╖ков╢и;56719;00
0735;076;▒. П░е▒▓ой;58284;00
0735;078;▒. Радев╢и;61323;00
0735;090;▒. С▓ан╖ов ╡ан;68823;00
0735;095;г░. Т░┐вна;73403;00
0735;101;▒. Че░нов░║╡;81058;00
[END]

[SEC]
07;0500;001;6;045
07;0500;002;6;026
07;0500;003;6;026
07;0500;004;6;026
07;0500;005;6;026
07;0500;006;6;026
07;0500;007;6;026
07;0500;008;6;026
07;0500;009;6;026
07;0500;010;6;026
07;0500;011;6;026
07;0500;012;6;026
07;0500;013;6;026
07;0500;014;6;026
07;0500;015;6;026
07;0500;016;6;026
07;0500;017;6;026
07;0500;018;6;026
07;0500;019;6;026
07;0500;020;6;026
07;0500;021;6;026
07;0500;022;6;026
07;0500;023;6;026
07;0500;024;6;026
07;0500;025;6;026
07;0500;026;6;026
07;0500;027;6;026
07;0500;028;6;026
07;0500;029;6;026
07;0500;030;6;026
07;0500;031;6;026
07;0500;032;6;026
07;0500;033;6;026
07;0500;034;6;026
07;0500;035;6;026
07;0500;036;6;026
07;0500;037;6;026
07;0500;038;6;026
07;0500;039;6;026
07;0500;040;6;026
07;0500;042;6;026
07;0500;043;6;026
07;0500;044;6;026
07;0500;045;6;125
07;0500;046;6;125
07;0500;047;6;012
07;0500;048;6;037
07;0500;049;6;026
07;0500;050;6;026
07;0500;051;6;026
07;0500;052;6;026
07;0500;053;6;026
07;0500;054;6;026
07;0500;055;6;026
07;0500;056;6;026
07;0500;057;6;026
07;0500;058;6;026
07;0500;059;6;026
07;0500;060;6;026
07;0500;061;6;026
07;0500;062;6;026
07;0500;063;6;026
07;0500;064;6;026
07;0500;065;6;026
07;0500;066;6;026
07;0500;067;6;026
07;0500;068;6;026
07;0500;069;6;026
07;0500;070;6;026
07;0500;071;6;026
07;0500;073;6;026
07;0500;074;6;026
07;0500;075;6;026
07;0500;076;6;026
07;0500;077;6;026
07;0500;078;6;130
07;0500;079;6;116
07;0500;080;6;051
07;0500;081;6;078
07;0500;082;6;075
07;0500;083;6;026
07;0500;084;6;026
07;0500;085;6;026
07;0500;086;6;026
07;0500;087;6;026
07;0500;088;6;026
07;0500;089;6;026
07;0500;090;6;026
07;0500;091;6;026
07;0500;092;6;026
07;0500;093;6;026
07;0500;094;6;026
07;0500;095;6;026
07;0500;096;6;026
07;0500;097;6;026
07;0500;098;6;026
07;0500;099;6;026
07;0500;100;6;026
07;0500;101;6;026
07;0500;102;6;026
07;0500;103;6;026
07;0500;104;6;026
07;0500;105;6;026
07;0500;106;6;026
07;0500;107;6;026
07;0500;108;6;026
07;0500;109;6;026
07;0500;110;6;026
07;0500;111;6;026
07;0500;112;6;026
07;0500;113;6;026
07;0500;114;6;026
07;0500;115;6;026
07;0500;116;6;026
07;0500;117;6;026
07;0500;118;6;026
07;0500;119;6;004
07;0500;120;6;049
07;0500;121;6;026
07;0500;122;6;026
07;0500;123;6;026
07;0500;124;6;026
07;0500;125;6;026
07;0500;126;6;026
07;0500;127;6;026
07;0500;128;6;131
07;0500;129;6;014
07;0500;130;6;011
07;0500;131;6;061
07;0500;132;6;119
07;0500;133;6;126
07;0500;134;6;040
07;0500;135;6;087
07;0500;136;6;073
07;0500;137;6;066
07;0500;138;6;108
07;0500;139;6;019
07;0500;140;6;035
07;0500;141;6;065
07;0500;142;6;090
07;0500;143;6;050
07;0500;144;6;021
07;0500;145;6;069
07;0500;146;6;092
07;0500;147;6;032
07;0500;148;6;056
07;0500;149;6;024
07;0500;150;6;111
07;0500;151;6;094
07;0500;152;6;002
07;0500;153;6;041
07;0500;154;6;081
07;0500;155;6;136
07;0500;156;6;036
07;0500;157;6;059
07;0500;158;6;080
07;0500;159;6;026
07;0500;160;6;026
07;0500;161;6;026
07;1200;001;6;024
07;1200;002;6;024
07;1200;003;6;024
07;1200;004;6;024
07;1200;005;6;024
07;1200;006;6;024
07;1200;007;6;024
07;1200;008;6;024
07;1200;009;6;024
07;1200;010;6;024
07;1200;011;6;024
07;1200;012;6;024
07;1200;014;6;018
07;1200;015;6;051
07;1200;016;6;024
07;1200;017;6;031
07;1200;018;6;061
07;1200;019;6;061
07;1200;020;6;052
07;1200;021;6;063
07;1200;022;6;053
07;1200;023;6;016
07;1200;025;6;033
07;1200;026;6;019
07;1200;027;6;008
07;1200;028;6;059
07;1200;029;6;034
07;1200;030;6;046
07;1200;031;6;024
07;1200;032;6;024
07;2900;001;6;042
07;2900;002;6;042
07;2900;003;6;042
07;2900;004;6;042
07;2900;005;6;042
07;2900;006;6;042
07;2900;007;6;042
07;2900;008;6;042
07;2900;009;6;042
07;2900;010;6;042
07;2900;011;6;042
07;2900;012;6;042
07;2900;013;6;042
07;2900;014;6;042
07;2900;015;6;042
07;2900;016;6;042
07;2900;017;6;042
07;2900;018;6;042
07;2900;019;6;042
07;2900;020;6;042
07;2900;021;6;042
07;2900;022;6;042
07;2900;023;6;042
07;2900;024;6;042
07;2900;025;6;042
07;2900;026;6;042
07;2900;027;6;042
07;2900;028;6;042
07;2900;029;6;042
07;2900;030;6;042
07;2900;031;6;042
07;2900;032;6;042
07;2900;033;6;042
07;2900;034;6;042
07;2900;035;6;042
07;2900;036;6;029
07;2900;037;6;036
07;2900;038;6;018
07;2900;039;6;018
07;2900;040;6;023
07;2900;041;6;006
07;2900;042;6;050
07;2900;043;6;033
07;2900;044;6;011
07;2900;045;6;026
07;2900;046;6;003
07;2900;047;6;053
07;2900;048;6;022
07;2900;049;6;024
07;2900;050;6;044
07;2900;051;6;054+010
07;2900;052;6;031
07;2900;053;6;046
07;2900;054;6;030
07;2900;055;6;048
07;2900;056;6;021
07;2900;057;6;021
07;2900;058;6;045
07;2900;059;6;009
07;2900;060;6;005
07;2900;061;6;037
07;2900;062;6;013
07;2900;063;6;013
07;2900;064;6;004
07;2900;065;6;016
07;2900;066;6;052
07;2900;067;6;043
07;2900;068;6;043
07;2900;069;6;041
07;2900;070;6;041
07;2900;071;6;027
07;2900;072;6;040
07;2900;073;6;040
07;2900;074;6;035
07;2900;075;6;012
07;2900;076;6;001
07;2900;077;6;028
07;3500;001;6;095
07;3500;002;6;095
07;3500;003;6;095
07;3500;004;6;095
07;3500;005;6;095
07;3500;006;6;095
07;3500;007;6;095
07;3500;008;6;095
07;3500;009;6;095
07;3500;010;6;095
07;3500;011;6;095
07;3500;012;6;095
07;3500;013;6;095
07;3500;014;6;095
07;3500;015;6;076
07;3500;016;6;095
07;3500;017;6;095
07;3500;018;6;095
07;3500;019;6;072
07;3500;020;6;072
07;3500;021;6;072
07;3500;022;6;072
07;3500;023;6;072
07;3500;024;6;078
07;3500;025;6;037
07;3500;026;6;090
07;3500;027;6;004
07;3500;028;6;051
07;3500;029;6;005
07;3500;030;6;101
07;3500;031;6;095
07;3500;032;6;095
07;3500;033;6;095
07;3500;034;6;095
[END]

[MAJ]
07;6;   ;01;;;Пе▓║░ Ки░илов Бе░он и С▓о┐н В║л╖ев Анд░еев;, ;ПКБ+СВА;524;0;1
07;6;   ;02;;;Пе▓║░ С▓е┤анов С▓о┐нов и Нели Пе▓░ова К│╢кова;, ;ПСС+НПК;20720;2;2
07;6;   ;03;;;Богомил Ангелов Бонев и А▓ана▒ Иванов Желез╖ев;, ;БАБ+АИЖ;11666;0;3
07;6;   ;04;;;Жо░ж Ган╖ев Ган╖ев и Ве▒елин С▓о┐нов Бон╖ев;, ;ЖГГ+ВСБ;1905;0;4
07;6;   ;05;;;Гео░ги Седе┤╖ов П║░ванов и Ангел Иванов Ма░ин;, ;ГСП+АИМ;16527;2;5
07;6;   ;06;;;Рене▓а Иванова Инджова и К░║▒▓╛ Николов Илов;, ;РИИ+КНИ;1905;0;6
[END]

[PROP]
[END]

[LISTI]
[END]

[PROT]
6;07;0500;001;193+3+114+114+0+1+1+0+113;1+37+30+5+37+3
6;07;0500;002;872+0+306+306+1+0+1+10+305;2+138+69+23+60+13
6;07;0500;003;874+2+323+323+1+1+2+5+321;3+147+86+8+64+13
6;07;0500;004;781+0+225+225+0+0+0+0+225;0+119+51+8+43+4
6;07;0500;005;742+0+232+232+1+0+1+0+231;3+103+58+11+51+5
6;07;0500;006;758+0+212+212+1+0+1+11+211;3+100+52+9+41+6
6;07;0500;007;695+0+231+231+0+0+0+6+231;4+75+64+20+59+9
6;07;0500;008;729+0+234+234+0+1+1+19+233;2+78+76+9+59+9
6;07;0500;009;790+0+270+270+0+1+1+13+269;1+126+68+6+61+7
6;07;0500;010;873+1+297+297+0+0+0+0+297;3+97+73+20+93+11
6;07;0500;011;662+1+249+249+0+0+0+0+249;0+100+56+12+78+3
6;07;0500;012;528+0+208+208+1+0+1+6+207;2+89+59+5+47+5
6;07;0500;013;536+0+203+203+4+0+4+0+199;4+75+49+10+51+10
6;07;0500;014;726+0+257+257+3+1+4+8+253;5+100+63+12+69+4
6;07;0500;015;441+0+173+173+1+1+2+9+171;0+54+43+9+60+5
6;07;0500;016;723+1+313+313+0+2+2+17+311;0+112+93+7+85+14
6;07;0500;017;484+0+188+188+0+0+0+5+188;0+89+37+3+52+7
6;07;0500;018;766+0+309+309+0+3+3+6+306;6+116+86+4+83+11
6;07;0500;019;746+0+293+293+0+0+0+0+293;3+103+82+18+76+11
6;07;0500;020;663+1+216+216+1+0+1+7+215;3+96+48+5+54+9
6;07;0500;021;597+0+178+178+0+0+0+0+178;0+74+44+4+45+11
6;07;0500;022;729+0+258+258+1+0+1+12+257;1+105+69+9+67+6
6;07;0500;023;444+0+214+214+1+0+1+8+213;1+70+57+4+78+3
6;07;0500;024;711+0+241+241+0+2+2+3+239;0+90+66+12+64+7
6;07;0500;025;711+0+306+306+2+0+2+7+304;3+112+79+14+83+13
6;07;0500;026;719+0+304+304+1+0+1+10+303;2+107+80+13+96+5
6;07;0500;027;328+2+122+122+0+0+0+3+122;0+50+18+2+50+2
6;07;0500;028;715+2+316+316+2+0+2+19+314;0+110+58+8+128+10
6;07;0500;029;791+1+346+346+0+0+0+0+346;4+146+92+15+85+4
6;07;0500;030;634+1+281+281+1+0+1+0+280;1+125+77+7+62+8
6;07;0500;031;175+4+88+88+0+0+0+0+88;0+45+12+1+26+4
6;07;0500;032;611+0+266+266+0+1+1+9+265;4+122+64+4+64+7
6;07;0500;033;729+0+361+361+1+0+1+11+360;1+169+55+5+123+7
6;07;0500;034;670+0+339+339+0+0+0+24+339;2+157+71+7+97+5
6;07;0500;035;564+4+270+270+1+0+1+0+269;1+131+57+3+68+9
6;07;0500;036;330+0+113+113+2+0+2+0+111;0+57+22+0+27+5
6;07;0500;037;720+0+288+288+1+1+2+14+286;2+130+64+7+74+9
6;07;0500;038;597+0+204+204+0+1+1+11+203;2+82+51+9+45+14
6;07;0500;039;102+2+13+13+0+0+0+0+13;0+7+3+0+3+0
6;07;0500;040;65+15+50+50+0+0+0+1+50;0+14+7+4+23+2
6;07;0500;042;909+0+339+339+1+1+2+19+337;1+153+76+21+76+10
6;07;0500;043;395+3+169+169+1+0+1+0+168;1+81+43+7+29+7
6;07;0500;044;171+5+101+101+0+0+0+8+101;0+51+25+5+20+0
6;07;0500;045;26+7+23+23+0+0+0+0+23;0+8+4+0+11+0
6;07;0500;046;100+3+60+60+1+2+3+0+57;0+18+21+1+17+0
6;07;0500;047;26+7+19+19+0+0+0+0+19;0+13+2+0+3+1
6;07;0500;048;100+6+82+82+0+0+0+2+82;0+27+20+3+27+5
6;07;0500;049;712+3+284+284+1+0+1+0+283;1+83+80+4+105+10
6;07;0500;050;442+0+183+183+0+0+0+0+183;0+78+47+4+50+4
6;07;0500;051;519+1+178+178+0+1+1+0+177;2+56+45+2+70+2
6;07;0500;052;694+10+210+210+0+0+0+12+210;2+83+43+18+57+7
6;07;0500;053;746+0+297+297+1+0+1+14+296;2+156+50+10+71+7
6;07;0500;054;720+1+297+297+0+0+0+10+297;5+111+69+8+94+10
6;07;0500;055;507+0+211+211+0+1+1+14+210;2+86+47+1+64+10
6;07;0500;056;489+0+207+207+0+0+0+2+207;0+94+39+6+59+9
6;07;0500;057;675+0+284+284+0+0+0+9+284;0+98+60+5+111+10
6;07;0500;058;484+0+219+219+2+0+2+12+217;0+104+40+0+66+7
6;07;0500;059;520+0+251+251+0+0+0+5+251;2+102+64+5+75+3
6;07;0500;060;397+0+200+200+1+0+1+0+199;2+91+32+2+65+7
6;07;0500;061;643+0+306+306+0+0+0+19+306;0+134+80+3+82+7
6;07;0500;062;366+0+160+160+0+1+1+7+159;0+72+28+0+54+5
6;07;0500;063;711+1+337+337+0+0+0+0+337;6+132+66+6+113+14
6;07;0500;064;351+0+172+172+0+1+1+5+171;5+85+32+8+34+7
6;07;0500;065;423+0+192+192+0+0+0+9+192;1+72+54+4+54+7
6;07;0500;066;591+0+222+222+2+0+2+0+220;2+66+65+8+73+6
6;07;0500;067;779+4+280+280+0+0+0+6+280;1+127+68+9+66+9
6;07;0500;068;114+1+25+25+0+0+0+0+25;0+13+5+2+5+0
6;07;0500;069;472+1+148+148+0+0+0+0+148;1+75+32+2+32+6
6;07;0500;070;703+0+328+328+2+0+2+12+326;1+138+86+13+81+7
6;07;0500;071;822+0+323+323+0+0+0+17+323;2+128+82+12+87+12
6;07;0500;073;32+0+16+16+0+0+0+1+16;0+9+3+2+1+1
6;07;0500;074;541+3+237+237+0+0+0+12+237;2+96+57+14+60+8
6;07;0500;075;856+0+307+307+1+0+1+4+306;1+148+63+13+69+12
6;07;0500;076;702+0+296+296+2+1+3+16+293;2+111+61+17+95+7
6;07;0500;077;60+0+37+37+0+0+0+0+37;2+15+10+2+8+0
6;07;0500;078;20+2+9+9+0+0+0+0+9;0+2+3+0+4+0
6;07;0500;079;48+1+38+38+0+0+0+0+38;1+6+6+0+24+1
6;07;0500;080;37+7+31+31+1+0+1+1+30;1+13+11+0+5+0
6;07;0500;081;64+4+33+33+0+0+0+0+33;1+17+13+0+2+0
6;07;0500;082;65+6+38+38+0+0+0+0+38;0+8+14+0+15+1
6;07;0500;083;407+4+93+93+0+0+0+0+93;1+40+11+1+32+8
6;07;0500;084;125+2+78+78+0+0+0+3+78;2+23+22+1+26+4
6;07;0500;085;199+1+90+90+0+0+0+0+90;0+35+24+2+28+1
6;07;0500;086;471+2+185+185+0+0+0+0+185;0+64+51+8+58+4
6;07;0500;087;542+1+178+178+0+0+0+0+178;1+78+44+4+45+6
6;07;0500;088;732+0+328+328+3+0+3+6+325;1+143+61+13+99+8
6;07;0500;089;631+0+191+191+0+0+0+0+191;1+70+60+6+48+6
6;07;0500;090;639+0+264+264+0+0+0+7+264;2+124+78+4+52+4
6;07;0500;091;456+0+206+206+1+1+2+5+204;3+102+54+5+39+1
6;07;0500;092;235+0+99+99+2+0+2+0+97;0+47+21+2+21+6
6;07;0500;093;338+0+133+133+0+0+0+0+133;0+56+30+1+39+7
6;07;0500;094;590+0+271+271+1+0+1+0+270;1+130+61+13+61+4
6;07;0500;095;211+1+111+111+2+0+2+0+109;0+52+30+3+20+4
6;07;0500;096;607+1+301+301+1+0+1+19+300;3+155+74+4+58+6
6;07;0500;097;496+1+268+268+0+0+0+0+268;1+108+62+5+86+6
6;07;0500;098;450+2+210+210+0+0+0+0+210;2+99+42+3+57+7
6;07;0500;099;282+0+138+138+0+0+0+0+138;3+72+26+5+29+3
6;07;0500;100;265+1+92+92+0+0+0+0+92;2+45+28+3+12+2
6;07;0500;101;425+0+175+175+0+0+0+9+175;1+89+32+3+46+4
6;07;0500;102;481+0+206+206+0+1+1+0+205;3+108+48+6+31+9
6;07;0500;103;172+0+71+71+0+0+0+0+71;2+32+17+1+11+8
6;07;0500;104;359+0+118+118+0+1+1+5+117;1+52+35+5+21+3
6;07;0500;105;613+1+173+173+0+0+0+0+173;1+76+47+4+40+5
6;07;0500;106;735+1+303+303+1+1+2+4+301;3+119+90+5+73+11
6;07;0500;107;328+1+92+92+0+0+0+0+92;0+38+18+2+31+3
6;07;0500;108;357+1+137+137+0+0+0+7+137;0+46+33+5+44+9
6;07;0500;109;359+0+151+151+1+1+2+0+149;2+82+33+0+28+4
6;07;0500;110;532+0+208+208+0+0+0+5+208;2+85+54+13+49+5
6;07;0500;111;414+1+179+179+1+0+1+0+178;1+94+34+7+35+7
6;07;0500;112;479+1+218+218+0+0+0+0+218;1+94+52+11+51+9
6;07;0500;113;472+0+186+186+2+0+2+8+184;1+91+29+3+57+3
6;07;0500;114;673+0+222+222+1+0+1+8+221;4+92+58+7+50+10
6;07;0500;115;991+0+384+384+0+0+0+0+384;5+176+93+14+89+7
6;07;0500;116;610+1+213+213+0+0+0+2+213;2+92+59+8+41+11
6;07;0500;117;588+0+212+212+1+0+1+12+211;1+116+44+4+43+3
6;07;0500;118;218+3+109+109+0+0+0+0+109;1+49+20+4+27+8
6;07;0500;119;90+4+59+59+0+0+0+0+59;0+24+12+1+20+2
6;07;0500;120;346+5+173+173+0+0+0+0+173;3+84+36+4+42+4
6;07;0500;121;488+1+229+229+0+0+0+12+229;1+113+38+13+61+3
6;07;0500;122;222+4+93+93+0+0+0+0+93;0+50+22+6+15+0
6;07;0500;123;588+3+266+266+0+0+0+5+266;2+109+62+10+68+15
6;07;0500;124;358+4+214+214+1+0+1+11+213;2+75+36+19+72+9
6;07;0500;125;191+1+104+104+0+0+0+5+104;0+19+23+4+48+10
6;07;0500;126;178+0+91+91+0+0+0+0+91;0+24+19+6+40+2
6;07;0500;127;66+3+29+29+0+0+0+0+29;0+16+5+0+8+0
6;07;0500;128;196+4+100+100+1+0+1+1+99;0+33+28+6+30+2
6;07;0500;129;142+7+77+77+0+1+1+0+76;0+25+24+1+23+3
6;07;0500;130;31+4+25+25+0+0+0+0+25;1+7+3+1+13+0
6;07;0500;131;61+4+40+40+0+0+0+0+40;0+23+6+2+5+4
6;07;0500;132;33+6+27+27+0+0+0+1+27;1+8+4+2+9+3
6;07;0500;133;32+5+26+26+0+0+0+1+26;0+12+2+1+11+0
6;07;0500;134;239+5+119+119+1+0+1+5+118;2+35+24+6+50+1
6;07;0500;135;40+7+29+29+0+0+0+0+29;0+10+9+1+9+0
6;07;0500;136;97+4+53+53+0+0+0+5+53;3+15+4+2+24+5
6;07;0500;137;42+5+34+34+0+0+0+0+34;2+12+4+1+13+2
6;07;0500;138;56+5+34+34+0+0+0+1+34;0+16+9+2+7+0
6;07;0500;139;79+1+42+42+0+1+1+0+41;1+18+12+1+9+0
6;07;0500;140;120+5+67+67+0+0+0+0+67;1+13+16+5+30+2
6;07;0500;141;83+3+59+59+0+0+0+2+59;1+11+15+1+31+0
6;07;0500;142;43+5+27+27+0+0+0+0+27;0+8+5+0+14+0
6;07;0500;143;63+5+48+48+1+0+1+1+47;1+12+6+5+21+2
6;07;0500;144;53+11+39+39+0+0+0+2+39;0+10+9+1+19+0
6;07;0500;145;444+3+227+227+0+2+2+12+225;2+84+68+13+55+3
6;07;0500;146;273+6+170+170+0+0+0+3+170;2+47+46+4+66+5
6;07;0500;147;194+4+99+99+0+0+0+5+99;2+35+21+3+37+1
6;07;0500;148;109+7+109+109+0+0+0+0+109;0+42+22+6+38+1
6;07;0500;149;296+3+174+174+0+0+0+8+174;1+64+43+9+51+6
6;07;0500;150;112+4+74+74+0+0+0+0+74;1+34+14+1+23+1
6;07;0500;151;133+6+89+89+0+0+0+0+89;2+27+13+9+36+2
6;07;0500;152;145+7+114+114+1+0+1+6+113;2+44+21+5+38+3
6;07;0500;153;381+8+192+192+0+0+0+11+192;1+60+31+21+75+4
6;07;0500;154;119+8+90+90+0+1+1+0+89;0+21+17+3+44+4
6;07;0500;155;541+7+195+195+0+0+0+7+195;5+101+15+3+67+4
6;07;0500;156;327+6+146+146+0+0+0+0+146;0+56+25+6+56+3
6;07;0500;157;85+2+64+64+0+2+2+0+62;0+27+11+3+17+4
6;07;0500;158;173+5+122+122+0+0+0+0+122;1+55+14+2+43+7
6;07;0500;159;424+0+139+139+0+0+0+0+139;0+53+41+7+29+9
6;07;0500;160;689+1+225+225+0+0+0+0+225;3+97+67+9+39+10
6;07;0500;161;483+1+202+202+0+0+0+0+202;3+91+32+14+57+5
6;07;1200;001;489+0+229+229+0+0+0+0+229;5+80+42+16+80+6
6;07;1200;002;628+0+315+315+1+0+1+0+314;1+115+72+11+109+6
6;07;1200;003;619+1+302+302+1+0+1+12+301;1+112+60+13+103+12
6;07;1200;004;611+1+252+252+2+0+2+16+250;1+98+54+10+81+6
6;07;1200;005;534+0+281+281+1+0+1+0+280;1+89+57+9+116+8
6;07;1200;006;493+0+228+228+0+0+0+13+228;1+88+58+10+68+3
6;07;1200;007;474+0+208+208+0+1+1+0+207;2+88+43+4+63+7
6;07;1200;008;596+0+222+222+0+0+0+15+222;6+122+14+7+59+14
6;07;1200;009;625+2+273+273+0+1+1+17+272;1+95+62+10+100+4
6;07;1200;010;671+0+305+305+0+1+1+27+304;3+88+62+20+121+10
6;07;1200;011;803+0+342+342+2+1+3+20+339;2+112+75+26+109+15
6;07;1200;012;539+2+264+264+2+0+2+0+262;1+84+56+10+108+3
6;07;1200;014;49+6+35+35+1+0+1+0+34;0+5+11+0+18+0
6;07;1200;015;48+7+17+17+0+0+0+0+17;1+7+5+0+4+0
6;07;1200;016;39+4+24+24+1+0+1+0+23;1+3+7+3+9+0
6;07;1200;017;43+7+29+29+0+0+0+0+29;1+13+2+0+13+0
6;07;1200;018;260+4+264+264+2+0+2+19+262;3+73+51+13+111+11
6;07;1200;019;265+6+136+136+1+0+1+5+135;1+37+30+0+62+5
6;07;1200;020;94+7+49+49+0+0+0+2+49;1+21+10+2+14+1
6;07;1200;021;157+9+114+114+0+2+2+11+112;3+41+10+2+55+1
6;07;1200;022;73+8+48+48+0+0+0+3+48;0+14+9+1+23+1
6;07;1200;023;433+6+271+271+0+0+0+0+271;3+70+69+19+107+3
6;07;1200;025;44+9+35+35+1+1+2+0+33;0+7+9+1+14+2
6;07;1200;026;126+11+74+74+1+0+1+5+73;1+17+10+2+40+3
6;07;1200;027;238+4+143+143+1+0+1+0+142;1+37+14+6+79+5
6;07;1200;028;35+6+14+14+0+0+0+0+14;0+5+2+0+7+0
6;07;1200;029;58+9+48+48+0+0+0+2+48;0+8+10+1+28+1
6;07;1200;030;56+10+46+46+0+0+0+0+46;1+5+9+6+25+0
6;07;1200;031;471+0+174+174+0+0+0+14+174;3+60+40+8+57+6
6;07;1200;032;43+0+22+22+0+0+0+5+22;1+4+4+3+9+1
6;07;2900;001;871+1+314+314+2+4+6+29+308;10+172+48+13+46+19
6;07;2900;002;564+0+211+211+0+0+0+12+211;1+90+40+4+69+7
6;07;2900;003;582+1+246+246+0+1+1+0+245;1+92+45+8+85+14
6;07;2900;004;633+1+316+316+0+0+0+11+316;2+116+74+4+115+5
6;07;2900;005;786+0+293+293+2+0+2+0+291;7+118+45+6+104+11
6;07;2900;006;416+1+141+141+2+0+2+0+139;2+51+28+2+50+6
6;07;2900;007;325+0+145+145+1+0+1+0+144;5+54+19+5+51+10
6;07;2900;008;699+0+264+264+2+3+5+0+259;5+121+21+13+78+21
6;07;2900;009;695+9+297+297+0+0+0+18+297;7+134+54+5+87+10
6;07;2900;010;884+1+377+377+0+1+1+0+376;3+170+85+8+105+5
6;07;2900;011;619+0+242+242+0+0+0+7+242;1+112+39+5+74+11
6;07;2900;012;599+0+200+200+0+0+0+7+200;3+72+56+9+50+10
6;07;2900;013;577+2+222+222+2+0+2+4+220;4+88+64+6+53+5
6;07;2900;014;643+2+277+277+0+1+1+0+276;3+119+41+9+99+5
6;07;2900;015;745+1+341+341+0+1+1+0+340;1+142+67+3+114+13
6;07;2900;016;548+0+232+232+0+0+0+0+232;0+76+61+7+72+16
6;07;2900;017;594+2+216+216+1+0+1+0+215;0+99+44+1+65+6
6;07;2900;018;808+2+372+372+0+0+0+8+372;6+173+65+6+106+16
6;07;2900;019;448+0+202+202+0+1+1+7+201;4+77+44+4+69+3
6;07;2900;020;688+1+247+247+0+2+2+0+245;1+91+80+9+57+7
6;07;2900;021;374+1+112+112+1+0+1+5+111;0+39+36+3+31+2
6;07;2900;022;830+1+283+283+0+1+1+7+282;2+112+89+9+56+14
6;07;2900;023;458+2+207+207+1+1+2+0+205;1+91+35+5+66+7
6;07;2900;024;728+2+332+332+1+2+3+18+329;4+135+71+4+106+9
6;07;2900;025;822+2+337+337+1+1+2+11+335;0+146+82+14+78+15
6;07;2900;026;956+2+337+337+3+0+3+4+334;3+137+83+16+84+11
6;07;2900;027;704+2+301+301+1+0+1+0+300;5+117+65+8+96+9
6;07;2900;028;572+1+226+226+0+0+0+13+226;4+89+51+4+67+11
6;07;2900;029;706+1+257+257+0+0+0+6+257;1+122+58+6+54+16
6;07;2900;030;793+1+280+280+1+0+1+0+279;0+140+52+2+76+9
6;07;2900;031;525+1+181+181+2+0+2+1+179;2+77+41+6+42+11
6;07;2900;032;594+0+221+221+0+0+0+8+221;2+102+46+11+44+16
6;07;2900;033;609+1+210+210+1+0+1+10+209;2+95+50+9+46+7
6;07;2900;034;662+1+245+245+0+0+0+9+245;2+102+69+10+48+14
6;07;2900;035;49+0+37+37+0+0+0+0+37;0+15+8+1+12+1
6;07;2900;036;575+2+274+274+0+0+0+0+274;2+64+25+13+161+9
6;07;2900;037;207+9+132+132+0+0+0+0+132;1+39+16+5+68+3
6;07;2900;038;389+1+151+151+1+0+1+0+150;2+36+31+8+67+6
6;07;2900;039;373+3+166+166+0+0+0+0+166;2+43+37+4+73+7
6;07;2900;040;142+2+88+88+2+0+2+6+86;4+30+6+6+40+0
6;07;2900;041;405+2+216+216+1+0+1+0+215;1+68+50+14+76+6
6;07;2900;042;128+3+68+68+2+0+2+0+66;0+22+6+3+30+5
6;07;2900;043;378+2+225+225+0+0+0+21+225;3+59+36+13+105+9
6;07;2900;044;669+2+290+290+2+0+2+23+288;4+105+36+10+124+9
6;07;2900;045;36+4+30+30+1+1+2+0+28;0+9+9+1+7+2
6;07;2900;046;673+1+181+181+1+1+2+0+179;2+60+41+14+59+3
6;07;2900;047;662+4+214+214+0+2+2+10+212;2+71+49+20+65+5
6;07;2900;048;35+4+31+31+1+0+1+0+30;1+21+2+1+4+1
6;07;2900;049;105+2+61+61+0+0+0+0+61;1+22+14+3+21+0
6;07;2900;050;338+2+143+143+0+2+2+6+141;2+21+48+4+61+5
6;07;2900;051;92+2+66+66+0+0+0+0+66;1+30+9+2+22+2
6;07;2900;052;32+1+23+23+0+0+0+2+23;1+11+2+0+9+0
6;07;2900;053;168+2+91+91+2+3+5+0+86;3+39+7+4+25+8
6;07;2900;054;284+5+161+161+1+0+1+0+160;5+47+40+10+48+10
6;07;2900;055;89+3+61+61+0+0+0+0+61;1+18+15+1+25+1
6;07;2900;056;466+0+230+230+4+2+6+10+224;2+60+57+5+95+5
6;07;2900;057;546+1+136+136+1+0+1+0+135;2+55+14+9+48+7
6;07;2900;058;268+3+174+174+0+0+0+0+174;4+69+22+2+74+3
6;07;2900;059;332+0+157+157+1+1+2+0+155;3+61+24+4+59+4
6;07;2900;060;87+3+60+60+0+0+0+0+60;1+18+13+1+25+2
6;07;2900;061;232+3+133+133+0+0+0+18+133;1+31+17+4+76+4
6;07;2900;062;442+3+231+231+1+2+3+15+228;3+93+36+7+83+6
6;07;2900;063;569+1+288+288+0+1+1+9+287;12+108+40+7+110+10
6;07;2900;064;365+3+231+231+0+1+1+10+230;2+85+41+6+92+4
6;07;2900;065;496+3+270+270+0+0+0+17+270;4+73+25+7+154+7
6;07;2900;066;192+7+124+124+1+1+2+3+122;4+36+7+7+64+4
6;07;2900;067;397+2+185+185+0+0+0+8+185;2+76+30+6+64+7
6;07;2900;068;429+2+212+212+3+0+3+0+209;2+58+23+8+105+13
6;07;2900;069;635+0+144+144+1+0+1+0+143;3+47+29+3+47+14
6;07;2900;070;563+6+157+157+0+4+4+10+153;9+51+24+3+41+25
6;07;2900;071;498+6+270+270+1+0+1+0+269;4+105+46+10+103+1
6;07;2900;072;661+2+300+300+0+1+1+2+299;4+100+49+15+89+42
6;07;2900;073;482+1+263+263+3+2+5+18+258;6+72+48+15+100+17
6;07;2900;074;251+2+165+165+2+1+3+8+162;0+48+14+5+88+7
6;07;2900;075;244+1+178+178+0+1+1+12+177;2+28+12+6+128+1
6;07;2900;076;398+5+216+216+1+0+1+21+215;4+52+22+6+122+9
6;07;2900;077;573+3+332+332+5+5+5+7+327;7+78+47+11+178+6
6;07;3500;001;51+3+20+20+0+0+0+0+20;0+6+9+1+3+1
6;07;3500;002;630+2+272+272+0+0+0+21+272;0+95+61+11+91+14
6;07;3500;003;400+3+179+179+1+0+1+5+178;2+73+42+4+51+6
6;07;3500;004;643+0+324+324+0+1+1+29+323;4+126+66+6+113+8
6;07;3500;005;476+1+195+195+0+0+0+0+195;4+67+58+7+53+6
6;07;3500;006;471+1+232+232+1+0+1+4+231;1+96+51+1+69+13
6;07;3500;007;447+2+227+227+1+0+1+7+226;1+72+55+7+82+9
6;07;3500;008;373+2+145+145+1+0+1+8+144;1+56+38+4+35+10
6;07;3500;009;775+0+244+244+5+1+6+6+238;2+72+61+7+79+17
6;07;3500;010;725+1+305+305+0+1+1+18+304;3+76+86+14+112+13
6;07;3500;011;633+0+220+220+0+0+0+13+220;3+75+41+13+68+20
6;07;3500;012;106+2+51+51+0+0+0+3+51;0+4+21+5+21+0
6;07;3500;013;289+1+102+102+0+0+0+0+102;1+35+27+7+26+6
6;07;3500;014;67+3+28+28+0+0+0+0+28;0+8+11+2+5+2
6;07;3500;015;68+3+32+32+0+0+0+0+32;0+10+1+4+17+0
6;07;3500;016;426+2+174+174+1+0+1+0+173;1+67+42+1+59+3
6;07;3500;017;805+0+307+307+0+0+0+0+307;0+82+90+12+97+26
6;07;3500;018;485+2+190+190+2+0+2+3+188;5+71+47+9+41+15
6;07;3500;019;441+1+209+209+1+0+1+0+208;3+71+59+11+57+7
6;07;3500;020;518+1+217+217+0+0+0+0+217;0+59+59+14+72+13
6;07;3500;021;704+1+276+276+0+1+1+0+275;2+90+77+9+89+8
6;07;3500;022;209+2+121+121+0+1+1+0+120;3+18+18+21+52+8
6;07;3500;023;83+2+52+52+0+1+1+1+51;2+20+11+2+15+1
6;07;3500;024;72+6+46+46+0+0+0+1+46;0+9+4+3+30+0
6;07;3500;025;23+2+23+23+0+0+0+0+23;1+10+8+1+1+2
6;07;3500;026;112+6+53+53+0+0+0+0+53;2+11+5+2+31+2
6;07;3500;027;26+5+17+17+0+0+0+0+17;0+8+2+0+7+0
6;07;3500;028;66+3+24+24+0+0+0+0+24;0+13+4+2+5+0
6;07;3500;029;99+5+49+49+0+1+1+3+48;2+9+3+1+30+3
6;07;3500;030;143+3+63+63+1+0+1+0+62;0+11+15+8+20+8
6;07;3500;031;522+2+201+201+1+0+1+3+200;1+74+63+3+51+8
6;07;3500;032;555+4+191+191+0+0+0+7+191;1+73+51+22+35+9
6;07;3500;033;616+2+211+211+1+0+1+6+210;1+76+46+5+63+19
6;07;3500;034;446+0+204+204+3+0+3+0+201;1+63+58+2+60+17
[END]

[AGGR]
07;6;   ;6+300+300+126034+678+53505+53505+163+100+258+1429+53247;524+20720+11666+1905+16527+1905
[END]

