[INFO]
08;Доб░и╖;201
[END]

[IZB]
08;6;   ;;11.11.2001;1;6;403
[END]

[NM]
0803;001;г░. Бал╖ик;02508;00
0803;002;▒. Безводи╢а;03174;00
0803;003;▒. Бобове╢;04515;00
0803;005;▒. Г│░ково;18160;00
0803;006;▒. Д░опла;23769;00
0803;007;▒. Д║б░ава;24387;00
0803;008;▒. Змеево;31245;00
0803;010;▒. Ка░в│на;36453;00
0803;011;▒. К░анево;39459;00
0803;012;▒. К░емена;39623;00
0803;013;▒. Л┐╡ово;44882;00
0803;014;▒. Об░о╖и╣е;53120;00
0803;015;▒. П░┐▒па;58270;00
0803;016;▒. Рога╖ево;62788;00
0803;017;▒. Сеноко▒;66250;00
0803;018;▒. Соколово;67951;00
0803;019;▒. С▓░ажи╢а;69643;00
0803;020;▒. Т░иго░╢и;73095;00
0803;021;▒. Х░аб░ово;77390;00
0803;022;▒. Ца░и╖ино;48982;00
0803;023;▒. Ц║░ква;78639;00
0803;024;▒. Б░┐▒▓ово;06793;00
0812;001;▒. Алек▒анд║░ С▓амболий▒ки;00360;00
0812;002;▒. Балкан╢и;02484;00
0812;003;▒. Бежаново;03157;00
0812;004;▒. Ва▒илево;10183;00
0812;005;▒. Великово;10422;00
0812;006;▒. Ви╖ево;11329;00
0812;007;г░. Гене░ал То╕ево;14711;00
0812;008;▒. Г░адини;17511;00
0812;009;▒. Го░и╢а;18575;00
0812;010;▒. Д║бовик;24339;00
0812;011;▒. Жи▓ен;29444;00
0812;012;▒. Зог░а┤;31303;00
0812;013;▒. Изво░ово;32467;00
0812;014;▒. Йовково;34045;00
0812;015;▒. Калина;35393;00
0812;016;▒. Ка░дам;36467;00
0812;018;▒. Кона░е;38217;00
0812;019;▒. К░аи╣е;39284;00
0812;020;▒. К░а▒ен;39534;00
0812;021;▒. К║пиново;40885;00
0812;022;▒. Лозни╢а;44179;00
0812;023;▒. Л╛л┐ково;44714;00
0812;024;▒. Малина;46351;00
0812;025;▒. Пе▓ле╕ково;56040;00
0812;026;▒. Пи▒а░ово;56509;00
0812;027;▒. Пленими░;56736;00
0812;028;▒. П░е▒елен╢и;58181;00
0812;029;▒. П░и▒ад;58414;00
0812;030;▒. П╖ела░ово;58832;00
0812;031;▒. Равне╢;61159;00
0812;032;▒. Рогозина;62829;00
0812;033;▒. Ро▒ен;63046;00
0812;034;▒. Ро▒и╢а;63094;00
0812;035;▒. Си░аково;66620;00
0812;036;▒. Сноп;67756;00
0812;037;▒. Сн┐гово;67773;00
0812;038;▒. Спа▒ово;68196;00
0812;039;▒. С░едина;68326;00
0812;040;▒. С║░нено;70634;00
0812;041;▒. Узово;75068;00
0812;042;▒. Че░нооково;81219;00
0815;001;▒. Ал╢ек;00429;00
0815;002;▒. Ба▓ово;02871;00
0815;003;▒. Бдин╢и;03040;00
0815;004;▒. Бенков▒ки;03860;00
0815;005;▒. Богдан;04580;00
0815;006;▒. Бож│░ово;05061;00
0815;007;▒. Б░ани╣е;06104;00
0815;008;▒. Вед░ина;10307;00
0815;009;▒. Владими░ово;11421;00
0815;010;▒. Водн┐н╢и;11781;00
0815;011;▒. В░а▓а░и▓е;12231;00
0815;012;▒. В░а╖ан╢и;12262;00
0815;013;▒. Гене░ал Колево;14684;00
0815;014;▒. Деб░ене;20359;00
0815;015;▒. Победа;21083;00
0815;016;▒. Доб░ево;21350;00
0815;017;▒. Долина;21957;00
0815;018;▒. Дон╖ево;22988;00
0815;019;▒. Д░аганово;23128;00
0815;020;▒. Д░┐нове╢;23933;00
0815;021;▒. Енево;27468;00
0815;022;▒. Жи▓ни╢а;29489;00
0815;023;▒. Зла▓и┐;31067;00
0815;024;▒. Камен;35674;00
0815;025;▒. Ка░апели▓;36419;00
0815;026;▒. Козлод│й╢и;37808;00
0815;027;▒. По░│╖ик Ге╕аново;14862;00
0815;028;▒. Ко▓лен╢и;39061;00
0815;029;▒. К░аг│лево;39242;00
0815;030;▒. Л┐▒ково;43431;00
0815;031;▒. Лов╖ан╢и;43997;00
0815;032;▒. Ломни╢а;44272;00
0815;033;▒. Малка Смолни╢а;46454;00
0815;034;▒. Медово;47679;00
0815;035;▒. Ме▓одиево;47901;00
0815;036;▒. Миладинов╢и;48088;00
0815;037;▒. Ново Бо▓ево;52038;00
0815;038;▒. Ов╖а░ово;53210;00
0815;039;▒. Од░ин╢и;53432;00
0815;040;▒. Од║░╢и;53450;00
0815;041;▒. Опане╢;53597;00
0815;042;▒. О░лова могила;53881;00
0815;043;▒. Па▒калево;55511;00
0815;044;▒. Пла╖идол;56695;00
0815;045;▒. Под▒лон;57087;00
0815;046;▒. Полковник Све╣а░ово;57279;00
0815;047;▒. Поп Г░иго░ово;57550;00
0815;048;▒. П░илеп;58339;00
0815;049;▒. П░имо░╢и;58360;00
0815;050;▒. П╖елино;58880;00
0815;051;▒. П╖елник;58935;00
0815;052;▒. Ро▒еново;63063;00
0815;053;▒. Сам│илово;00374;00
0815;054;▒. Свобода;65824;00
0815;055;▒. Славеево;66946;00
0815;056;▒. Смолни╢а;67622;00
0815;057;▒. Соколник;67917;00
0815;058;▒. Полковник Иваново;68103;00
0815;059;▒. Полковник Минково;59402;00
0815;060;▒. С▓е┤ан Ка░аджа;69198;00
0815;061;▒. С▓е┤аново;69242;00
0815;062;▒. С▓оже░;69300;00
0815;063;▒. Сливен╢и;70812;00
0815;064;▒. Т┐нево;73818;00
0815;065;▒. Фелд┤ебел Д┐нково;76064;00
0815;066;▒. Хи▓ово;77284;00
0815;067;▒. Ца░еве╢;78152;00
0815;068;▒. Че░на;80769;00
0817;001;▒. Белг│н;03318;00
0817;002;▒. Било;04090;00
0817;003;▒. Бож│░е╢;05009;00
0817;004;▒. Б║лга░ево;07257;00
0817;005;▒. Видно;11003;00
0817;006;▒. В░анино;12173;00
0817;007;▒. И░е╖ек;32768;00
0817;008;г░. Кава░на;35064;00
0817;009;▒. Камен б░┐г;35746;00
0817;010;▒. К░│пен;40049;00
0817;011;▒. Могили╣е;48828;00
0817;012;▒. Нейково;51408;00
0817;013;▒. По░│╖ик Ч│н╖ево;57861;00
0817;014;▒. Раков▒ки;62092;00
0817;015;▒. Све▓и Никола;65543;00
0817;016;▒. Сел╢е;66113;00
0817;017;▒. Сеп▓емв░ий╢и;66281;00
0817;018;▒. Топола;72693;00
0817;019;▒. Т░авник;72936;00
0817;020;▒. Хаджи Дими▓║░;77044;00
0817;021;▒. Челопе╖ене;80340;00
0820;001;▒. Аб░и▓;00031;00
0820;002;▒. Алек▒анд░и┐;00268;00
0820;003;▒. Би▒▓░е╢;04193;00
0820;004;▒. Габе░;14043;00
0820;005;▒. Доб░ин;21470;00
0820;006;▒. Е┤░ей▓о░ Бакалово;27656;00
0820;007;▒. Зимни╢а;03884;00
0820;010;▒. Заго░╢и;30185;00
0820;011;▒. Капи▓ан Дими▓░ово;36138;00
0820;012;▒. Ко░и▓ен;38618;00
0820;013;▒. К░│╕а░и;40097;00
0820;015;▒. Лозене╢;44104;00
0820;016;▒. Огн┐ново;53357;00
0820;017;▒. Полковник Д┐ково;57234;00
0820;018;▒. По░│╖ик К║░джиево;57858;00
0820;019;▒. Севе░н┐к;65906;00
0820;020;▒. Севе░╢и;65913;00
0820;021;▒. Теле░иг;72196;00
0820;022;▒. Земен╢и;30781;00
0827;001;▒. Ангела░ий;00432;00
0827;002;▒. Балик;02405;00
0827;003;▒. Безме░;03215;00
0827;004;▒. Божан;04916;00
0827;005;▒. Бонево;05342;00
0827;006;▒. Б░е▒▓ни╢а;06464;00
0827;008;▒. Главан╢и;14982;00
0827;009;▒. Г░адни╢а;17590;00
0827;010;▒. Г│▒ла░;18191;00
0827;011;▒. Жегла░╢и;29035;00
0827;012;▒. З║░нево;31396;00
0827;013;▒. Кабле╕ково;35050;00
0827;014;▒. Кладен╢и;37157;00
0827;015;▒. Кола░╢и;38025;00
0827;016;▒. Ко╖ма░;39127;00
0827;017;▒. Мали изво░;46334;00
0827;018;▒. Нова Камена;51812;00
0827;019;▒. Оног│░;53549;00
0827;020;▒. О░л┐к;53953;00
0827;021;▒. Полковник Савово;57265;00
0827;022;▒. Попг░│ево;57563;00
0827;024;▒. С║░не╢;70617;00
0827;025;г░. Те░вел;72271;00
0827;026;▒. Че▒▓имен▒ко;81270;00
0827;027;▒. П░о┤е▒о░ Зла▓а░▒ки;58685;00
0827;028;▒. Войниково;11911;00
0828;001;г░. Доб░и╖;72624;00
0829;001;▒. Божаново;04927;00
0829;002;▒. Ваклино;10032;00
0829;003;▒. Го░и╖ане;16095;00
0829;004;▒. Го░│н;17275;00
0829;005;▒. Г░ани╖а░;17782;00
0829;006;▒. Д│░анк│лак;24102;00
0829;007;▒. Езе░е╢;27108;00
0829;008;▒. За╡а░и С▓о┐ново;30394;00
0829;009;▒. К░апе╢;39493;00
0829;010;▒. П░олез;58596;00
0829;011;▒. Смин;67550;00
0829;012;▒. С▓аев╢и;68610;00
0829;015;▒. Тв║░ди╢а;72179;00
0829;016;▒. Т╛леново;73780;00
0829;017;▒. Че░номо░╢и;81181;00
0829;018;г░. Шабла;83017;00
[END]

[SEC]
08;0300;001;6;001
08;0300;002;6;001
08;0300;003;6;001
08;0300;004;6;001
08;0300;005;6;001
08;0300;006;6;001
08;0300;007;6;001
08;0300;008;6;001
08;0300;009;6;001
08;0300;010;6;001
08;0300;011;6;001
08;0300;012;6;001
08;0300;013;6;001
08;0300;014;6;001
08;0300;015;6;001
08;0300;016;6;002
08;0300;017;6;003
08;0300;018;6;005+024
08;0300;019;6;006
08;0300;020;6;007
08;0300;021;6;008
08;0300;022;6;011
08;0300;023;6;012
08;0300;024;6;013
08;0300;025;6;022
08;0300;026;6;014
08;0300;027;6;014
08;0300;028;6;016
08;0300;029;6;015
08;0300;030;6;017
08;0300;031;6;010
08;0300;032;6;018
08;0300;033;6;019
08;0300;034;6;020
08;0300;035;6;021
08;0300;036;6;023
08;0300;037;6;014
08;1200;001;6;007
08;1200;002;6;007
08;1200;003;6;007
08;1200;004;6;007
08;1200;005;6;007
08;1200;006;6;007
08;1200;007;6;007
08;1200;008;6;007
08;1200;009;6;007
08;1200;010;6;007
08;1200;011;6;001
08;1200;012;6;002
08;1200;013;6;003
08;1200;014;6;004
08;1200;015;6;005
08;1200;016;6;006
08;1200;017;6;009
08;1200;018;6;008
08;1200;019;6;010
08;1200;020;6;011
08;1200;021;6;012
08;1200;022;6;013
08;1200;023;6;013
08;1200;024;6;013
08;1200;025;6;014
08;1200;026;6;015
08;1200;027;6;016
08;1200;028;6;016
08;1200;029;6;016
08;1200;030;6;018
08;1200;031;6;019
08;1200;032;6;020
08;1200;033;6;021
08;1200;034;6;022
08;1200;035;6;023
08;1200;036;6;024
08;1200;037;6;025
08;1200;038;6;026
08;1200;039;6;027
08;1200;040;6;028
08;1200;041;6;029
08;1200;042;6;030
08;1200;043;6;031
08;1200;044;6;032
08;1200;045;6;033
08;1200;046;6;034
08;1200;047;6;035
08;1200;048;6;036
08;1200;049;6;037
08;1200;050;6;038
08;1200;051;6;038
08;1200;052;6;039
08;1200;053;6;040
08;1200;054;6;041
08;1200;055;6;042
08;1500;001;6;053
08;1500;002;6;001
08;1500;003;6;002
08;1500;004;6;003
08;1500;005;6;004
08;1500;006;6;004
08;1500;007;6;005
08;1500;008;6;006
08;1500;009;6;006
08;1500;010;6;007
08;1500;011;6;008
08;1500;012;6;037
08;1500;013;6;009
08;1500;014;6;010
08;1500;015;6;011
08;1500;016;6;012
08;1500;017;6;013
08;1500;018;6;014
08;1500;019;6;048
08;1500;020;6;015
08;1500;021;6;059
08;1500;022;6;016
08;1500;023;6;017
08;1500;024;6;018
08;1500;025;6;019
08;1500;026;6;020
08;1500;027;6;021
08;1500;028;6;022
08;1500;029;6;023
08;1500;030;6;024
08;1500;031;6;025
08;1500;032;6;025
08;1500;033;6;026
08;1500;034;6;028
08;1500;035;6;029
08;1500;036;6;031
08;1500;037;6;032
08;1500;038;6;030
08;1500;039;6;033
08;1500;040;6;034
08;1500;041;6;035
08;1500;042;6;036
08;1500;043;6;038
08;1500;044;6;039
08;1500;045;6;040
08;1500;046;6;041
08;1500;047;6;042
08;1500;048;6;043
08;1500;049;6;044
08;1500;050;6;045
08;1500;051;6;046
08;1500;052;6;047
08;1500;053;6;027
08;1500;054;6;049
08;1500;055;6;050
08;1500;056;6;051
08;1500;057;6;052
08;1500;058;6;054
08;1500;059;6;055
08;1500;060;6;063
08;1500;061;6;056
08;1500;062;6;058
08;1500;063;6;061
08;1500;064;6;060
08;1500;065;6;062
08;1500;066;6;062
08;1500;067;6;057
08;1500;068;6;064
08;1500;069;6;065
08;1500;070;6;066
08;1500;071;6;067
08;1500;072;6;068
08;1700;001;6;008
08;1700;002;6;008
08;1700;003;6;008
08;1700;004;6;008
08;1700;005;6;008
08;1700;006;6;008
08;1700;007;6;008
08;1700;008;6;008
08;1700;009;6;008
08;1700;010;6;008
08;1700;012;6;001
08;1700;013;6;002
08;1700;014;6;003
08;1700;015;6;004
08;1700;016;6;004
08;1700;017;6;005
08;1700;018;6;006
08;1700;019;6;007
08;1700;020;6;009
08;1700;021;6;010
08;1700;022;6;011
08;1700;023;6;012
08;1700;024;6;013
08;1700;025;6;014
08;1700;026;6;015
08;1700;027;6;016
08;1700;028;6;017
08;1700;029;6;018
08;1700;030;6;019
08;1700;031;6;020
08;1700;032;6;021
08;1700;033;6;008
08;1700;034;6;008
08;1700;035;6;008
08;1700;036;6;008
08;2000;001;6;013
08;2000;002;6;013+022
08;2000;003;6;003
08;2000;004;6;020
08;2000;005;6;010
08;2000;006;6;015
08;2000;007;6;017
08;2000;008;6;005
08;2000;009;6;021
08;2000;010;6;004+016
08;2000;011;6;006+007
08;2000;012;6;012
08;2000;013;6;001
08;2000;014;6;002
08;2000;015;6;019
08;2000;016;6;018
08;2000;017;6;011
08;2700;001;6;025
08;2700;002;6;025
08;2700;003;6;025
08;2700;004;6;025
08;2700;005;6;025
08;2700;006;6;025
08;2700;007;6;025
08;2700;009;6;001
08;2700;010;6;002
08;2700;011;6;003
08;2700;012;6;004
08;2700;013;6;005
08;2700;014;6;006
08;2700;015;6;008
08;2700;016;6;009
08;2700;017;6;010
08;2700;018;6;011
08;2700;019;6;012
08;2700;020;6;012
08;2700;021;6;013+027
08;2700;022;6;014
08;2700;023;6;015
08;2700;024;6;016
08;2700;025;6;017
08;2700;026;6;018
08;2700;027;6;019
08;2700;028;6;020
08;2700;029;6;020
08;2700;030;6;021+028
08;2700;031;6;022
08;2700;032;6;024
08;2700;033;6;026
08;2800;001;6;001
08;2800;002;6;001
08;2800;003;6;001
08;2800;004;6;001
08;2800;005;6;001
08;2800;006;6;001
08;2800;007;6;001
08;2800;008;6;001
08;2800;009;6;001
08;2800;010;6;001
08;2800;011;6;001
08;2800;012;6;001
08;2800;013;6;001
08;2800;014;6;001
08;2800;015;6;001
08;2800;016;6;001
08;2800;017;6;001
08;2800;018;6;001
08;2800;019;6;001
08;2800;020;6;001
08;2800;021;6;001
08;2800;022;6;001
08;2800;023;6;001
08;2800;024;6;001
08;2800;025;6;001
08;2800;026;6;001
08;2800;027;6;001
08;2800;028;6;001
08;2800;029;6;001
08;2800;030;6;001
08;2800;031;6;001
08;2800;032;6;001
08;2800;033;6;001
08;2800;034;6;001
08;2800;035;6;001
08;2800;036;6;001
08;2800;037;6;001
08;2800;038;6;001
08;2800;039;6;001
08;2800;040;6;001
08;2800;041;6;001
08;2800;042;6;001
08;2800;043;6;001
08;2800;044;6;001
08;2800;045;6;001
08;2800;046;6;001
08;2800;047;6;001
08;2800;048;6;001
08;2800;049;6;001
08;2800;050;6;001
08;2800;051;6;001
08;2800;052;6;001
08;2800;053;6;001
08;2800;054;6;001
08;2800;055;6;001
08;2800;056;6;001
08;2800;057;6;001
08;2800;058;6;001
08;2800;059;6;001
08;2800;060;6;001
08;2800;061;6;001
08;2800;062;6;001
08;2800;063;6;001
08;2800;064;6;001
08;2800;065;6;001
08;2800;066;6;001
08;2800;067;6;001
08;2800;068;6;001
08;2800;069;6;001
08;2800;070;6;001
08;2800;071;6;001
08;2800;072;6;001
08;2800;073;6;001
08;2800;074;6;001
08;2800;075;6;001
08;2800;076;6;001
08;2800;077;6;001
08;2800;078;6;001
08;2800;079;6;001
08;2800;080;6;001
08;2800;081;6;001
08;2800;082;6;001
08;2800;083;6;001
08;2800;084;6;001
08;2800;085;6;001
08;2800;086;6;001
08;2800;087;6;001
08;2800;088;6;001
08;2800;089;6;001
08;2800;090;6;001
08;2800;091;6;001
08;2800;092;6;001
08;2800;093;6;001
08;2800;094;6;001
08;2800;095;6;001
08;2800;096;6;001
08;2800;097;6;001
08;2800;098;6;001
08;2800;099;6;001
08;2800;100;6;001
08;2800;101;6;001
08;2800;102;6;001
08;2800;103;6;001
08;2800;104;6;001
08;2800;105;6;001
08;2800;106;6;001
08;2800;107;6;001
08;2800;108;6;001
08;2800;109;6;001
08;2800;110;6;001
08;2800;111;6;001
08;2800;112;6;001
08;2800;113;6;001
08;2800;114;6;001
08;2800;115;6;001
08;2800;116;6;001
08;2800;117;6;001
08;2800;118;6;001
08;2800;119;6;001
08;2800;120;6;001
08;2800;121;6;001
08;2800;122;6;001
08;2800;123;6;001
08;2800;124;6;001
08;2800;125;6;001
08;2800;126;6;001
08;2800;127;6;001
08;2800;128;6;001
08;2800;129;6;001
08;2800;130;6;001
08;2800;131;6;001
08;2800;132;6;001
08;2800;133;6;001
08;2800;134;6;001
08;2800;135;6;001
08;2800;136;6;001
08;2800;137;6;001
08;2800;138;6;001
08;2900;001;6;018
08;2900;002;6;018
08;2900;003;6;018
08;2900;004;6;018
08;2900;005;6;001+015
08;2900;006;6;002
08;2900;007;6;003
08;2900;008;6;004
08;2900;009;6;005
08;2900;010;6;006+012
08;2900;011;6;007
08;2900;012;6;008
08;2900;013;6;009
08;2900;014;6;010
08;2900;015;6;011
08;2900;016;6;016
08;2900;017;6;017
[END]

[MAJ]
08;6;   ;01;;;Пе▓║░ Ки░илов Бе░он и С▓о┐н В║л╖ев Анд░еев;, ;ПКБ+СВА;1302;0;1
08;6;   ;02;;;Пе▓║░ С▓е┤анов С▓о┐нов и Нели Пе▓░ова К│╢кова;, ;ПСС+НПК;22729;2;2
08;6;   ;03;;;Богомил Ангелов Бонев и А▓ана▒ Иванов Желез╖ев;, ;БАБ+АИЖ;18950;0;3
08;6;   ;04;;;Жо░ж Ган╖ев Ган╖ев и Ве▒елин С▓о┐нов Бон╖ев;, ;ЖГГ+ВСБ;3623;0;4
08;6;   ;05;;;Гео░ги Седе┤╖ов П║░ванов и Ангел Иванов Ма░ин;, ;ГСП+АИМ;30975;2;5
08;6;   ;06;;;Рене▓а Иванова Инджова и К░║▒▓╛ Николов Илов;, ;РИИ+КНИ;3254;0;6
[END]

[PROP]
[END]

[LISTI]
[END]

[PROT]
6;08;0300;001;893+1+350+350+0+0+0+10+350;1+126+93+11+104+15
6;08;0300;002;759+2+412+412+2+2+4+4+408;3+149+92+7+139+18
6;08;0300;003;953+0+336+336+5+4+9+0+327;27+178+49+16+39+18
6;08;0300;004;673+0+259+259+2+1+3+0+256;3+93+74+6+70+10
6;08;0300;005;642+3+242+242+0+2+2+0+240;5+73+60+13+80+9
6;08;0300;006;823+1+347+347+1+1+2+14+345;0+73+89+16+158+9
6;08;0300;007;856+0+236+236+0+2+2+0+234;5+49+82+23+72+3
6;08;0300;008;682+1+319+319+1+2+3+0+316;5+35+89+27+154+6
6;08;0300;009;755+0+269+269+0+0+0+10+269;4+81+77+7+92+8
6;08;0300;010;797+0+274+274+0+0+0+0+274;0+59+87+9+108+11
6;08;0300;011;1037+2+257+257+1+1+2+3+255;1+38+107+25+78+6
6;08;0300;012;707+0+252+252+0+0+0+1+252;4+57+88+18+75+10
6;08;0300;013;873+0+322+322+0+0+0+0+322;7+68+104+5+118+20
6;08;0300;014;947+0+354+354+3+0+3+6+351;2+85+76+22+163+3
6;08;0300;015;36+0+20+20+0+0+0+0+20;1+4+6+1+7+1
6;08;0300;016;273+2+141+141+0+1+1+0+140;8+28+27+10+64+3
6;08;0300;017;75+2+39+39+1+0+1+0+38;2+13+4+1+2+16
6;08;0300;018;560+6+325+325+1+4+5+0+320;4+62+56+34+161+3
6;08;0300;019;373+1+176+176+0+0+0+0+176;6+27+26+15+90+12
6;08;0300;020;192+1+105+105+0+0+0+0+105;2+23+13+13+49+5
6;08;0300;021;366+0+218+218+0+0+0+0+218;4+48+50+18+95+3
6;08;0300;022;658+2+310+310+3+1+4+0+306;3+122+104+14+59+4
6;08;0300;023;97+1+64+64+0+0+0+0+64;3+9+10+4+34+4
6;08;0300;024;334+2+115+115+2+0+2+4+113;6+42+17+10+13+25
6;08;0300;025;187+2+121+121+0+0+0+4+121;2+33+50+3+31+2
6;08;0300;026;712+0+327+327+1+2+3+0+324;5+89+120+23+68+19
6;08;0300;027;954+2+222+222+0+1+1+4+221;5+75+57+13+64+7
6;08;0300;028;179+2+92+92+0+0+0+0+92;1+17+35+6+32+1
6;08;0300;029;185+3+98+98+0+1+1+0+97;2+23+21+10+32+9
6;08;0300;030;645+2+362+362+0+1+1+28+361;7+55+78+36+174+11
6;08;0300;031;60+4+52+52+0+0+0+0+52;4+8+10+9+10+11
6;08;0300;032;860+6+355+355+0+4+4+10+351;15+78+100+17+127+14
6;08;0300;033;297+2+148+148+1+0+1+6+147;6+39+43+7+47+5
6;08;0300;034;123+3+87+87+0+0+0+0+87;1+18+7+1+59+1
6;08;0300;035;78+1+54+54+0+1+1+0+53;3+6+7+10+27+0
6;08;0300;036;271+0+157+157+0+0+0+1+157;1+29+30+11+82+4
6;08;0300;037;226+2+88+88+1+0+1+0+87;0+28+35+9+12+3
6;08;1200;001;782+2+423+423+0+1+1+12+422;1+96+100+15+199+11
6;08;1200;002;611+2+311+311+0+0+0+30+311;4+67+73+6+157+4
6;08;1200;003;416+2+210+210+0+0+0+8+210;3+36+49+8+109+5
6;08;1200;004;772+1+380+380+0+1+1+0+379;4+59+106+15+183+12
6;08;1200;005;810+3+441+441+1+0+1+22+440;3+127+100+18+185+7
6;08;1200;006;1033+1+473+473+0+0+0+14+473;8+112+132+14+189+18
6;08;1200;007;723+3+308+308+3+0+3+10+305;3+58+76+17+147+4
6;08;1200;008;793+1+362+362+1+3+4+35+358;15+49+100+23+164+7
6;08;1200;009;605+4+312+312+0+0+0+0+312;5+53+86+13+152+3
6;08;1200;010;420+2+227+227+0+0+0+0+227;3+31+62+10+116+5
6;08;1200;011;64+2+42+42+0+0+0+0+42;0+16+2+4+19+1
6;08;1200;012;125+3+89+89+0+0+0+0+89;2+20+8+2+55+2
6;08;1200;013;101+1+69+69+0+0+0+0+69;2+25+9+3+27+3
6;08;1200;014;328+5+196+196+0+0+0+7+196;1+27+20+15+129+4
6;08;1200;015;61+1+26+26+0+0+0+0+26;0+6+9+2+6+3
6;08;1200;016;56+0+41+41+0+0+0+0+41;1+9+4+2+25+0
6;08;1200;017;75+6+60+60+0+0+0+1+60;1+12+9+0+36+2
6;08;1200;018;86+0+64+64+0+0+0+1+64;1+16+25+4+17+1
6;08;1200;019;202+9+122+122+1+2+3+5+119;3+27+25+0+61+3
6;08;1200;020;266+1+175+175+0+1+1+6+174;2+18+32+12+102+8
6;08;1200;021;118+5+74+74+0+0+0+1+74;0+14+10+5+40+5
6;08;1200;022;162+2+85+85+0+0+0+0+85;0+23+21+6+34+1
6;08;1200;023;100+1+65+65+0+1+1+0+64;2+8+11+2+40+1
6;08;1200;024;151+2+108+108+0+1+1+3+107;0+12+20+5+70+0
6;08;1200;025;514+3+84+84+0+0+0+3+84;0+41+7+5+12+19
6;08;1200;026;103+5+72+72+0+0+0+2+72;0+10+33+3+23+3
6;08;1200;027;405+0+203+203+0+0+0+4+203;1+31+69+4+97+1
6;08;1200;028;553+1+298+298+0+2+2+0+296;0+43+84+13+151+5
6;08;1200;029;241+0+105+105+0+0+0+1+105;6+20+25+3+49+2
6;08;1200;030;79+2+60+60+0+1+1+0+59;2+7+9+5+35+1
6;08;1200;031;43+2+38+38+0+0+0+0+38;1+3+3+3+28+0
6;08;1200;032;388+3+215+215+0+0+0+0+215;3+41+25+21+124+1
6;08;1200;033;297+3+112+112+2+0+2+0+110;4+39+10+4+47+6
6;08;1200;034;48+2+27+27+1+0+1+0+26;0+0+7+1+16+2
6;08;1200;035;569+2+255+255+1+2+3+6+252;5+62+38+20+117+10
6;08;1200;036;235+1+171+171+1+0+1+4+170;0+18+18+7+122+5
6;08;1200;037;260+1+129+129+1+0+1+4+128;3+19+26+18+55+7
6;08;1200;038;147+3+85+85+0+0+0+0+85;1+14+13+3+51+3
6;08;1200;039;98+2+68+68+0+0+0+0+68;2+16+9+6+34+1
6;08;1200;040;395+3+223+223+0+0+0+12+223;4+31+43+4+137+4
6;08;1200;041;294+8+152+152+0+2+2+0+150;17+50+17+16+48+2
6;08;1200;042;494+1+287+287+1+0+1+14+286;3+35+57+29+153+9
6;08;1200;043;223+2+117+117+0+0+0+0+117;2+34+17+6+50+8
6;08;1200;044;161+4+78+78+0+1+1+0+77;1+13+11+5+44+3
6;08;1200;045;147+1+97+97+0+0+0+4+97;2+32+17+3+43+0
6;08;1200;046;527+2+215+215+0+1+1+14+214;4+44+35+17+105+9
6;08;1200;047;96+1+40+40+0+0+0+3+40;5+7+9+4+12+3
6;08;1200;048;159+1+110+110+0+0+0+0+110;3+19+15+2+71+0
6;08;1200;049;233+3+69+69+0+1+1+1+68;5+21+5+2+29+6
6;08;1200;050;484+4+292+292+0+0+0+12+292;3+51+37+12+178+11
6;08;1200;051;409+1+200+200+0+0+0+7+200;7+25+30+14+117+7
6;08;1200;052;71+9+45+45+0+0+0+0+45;2+27+5+2+7+2
6;08;1200;053;94+0+68+68+0+0+0+0+68;1+12+11+3+38+3
6;08;1200;054;35+3+21+21+0+0+0+0+21;0+10+2+0+9+0
6;08;1200;055;285+0+171+171+0+3+3+7+168;1+35+25+4+98+5
6;08;1500;001;121+3+75+75+1+0+1+5+74;2+18+7+4+40+3
6;08;1500;002;246+0+122+122+0+0+0+0+122;4+86+4+0+26+2
6;08;1500;003;488+0+130+130+0+0+0+4+130;5+29+34+11+47+4
6;08;1500;004;122+2+88+88+0+2+2+0+86;4+10+12+2+53+5
6;08;1500;005;532+5+180+180+0+0+0+0+180;11+89+23+3+18+36
6;08;1500;006;491+0+183+183+1+1+2+0+181;6+86+25+4+23+37
6;08;1500;007;131+2+93+93+0+0+0+0+93;1+10+16+2+60+4
6;08;1500;008;487+3+211+211+0+0+0+0+211;6+56+23+4+80+42
6;08;1500;009;353+1+163+163+1+1+2+12+161;7+40+17+8+81+8
6;08;1500;010;331+1+155+155+0+0+0+0+155;3+37+26+15+69+5
6;08;1500;011;610+2+285+285+1+2+3+5+282;5+92+29+8+138+10
6;08;1500;012;37+0+31+31+0+0+0+0+31;2+4+7+1+13+4
6;08;1500;013;369+5+218+218+0+0+0+4+218;11+53+28+2+119+5
6;08;1500;014;308+0+108+108+1+0+1+0+107;12+38+17+12+25+3
6;08;1500;015;88+2+61+61+0+0+0+0+61;0+16+0+2+43+0
6;08;1500;016;100+3+86+86+0+0+0+2+86;1+16+23+5+40+1
6;08;1500;017;94+5+67+67+0+0+0+0+67;4+12+5+2+43+1
6;08;1500;018;89+3+63+63+0+0+0+2+63;2+23+6+2+30+0
6;08;1500;019;28+1+25+25+0+0+0+0+25;0+17+5+0+3+0
6;08;1500;020;782+1+381+381+0+1+1+5+380;10+92+75+10+182+11
6;08;1500;021;164+0+91+91+0+0+0+5+91;2+18+16+18+36+1
6;08;1500;022;124+0+85+85+0+0+0+0+85;2+14+12+3+51+3
6;08;1500;023;214+2+109+109+0+0+0+0+109;3+19+16+8+61+2
6;08;1500;024;797+5+409+409+0+0+0+9+409;4+93+107+28+170+7
6;08;1500;025;154+3+80+80+0+0+0+3+80;1+25+18+7+27+2
6;08;1500;026;52+1+18+18+0+0+0+0+18;1+6+8+0+2+1
6;08;1500;027;429+1+97+97+0+0+0+0+97;1+22+5+1+51+17
6;08;1500;028;432+2+280+280+1+0+1+0+279;1+34+30+6+204+4
6;08;1500;029;123+1+98+98+2+0+2+0+96;1+18+20+5+51+1
6;08;1500;030;159+4+95+95+0+1+1+2+94;8+23+12+1+38+12
6;08;1500;031;443+7+177+177+0+0+0+4+177;0+42+24+7+101+3
6;08;1500;032;557+1+201+201+1+0+1+3+200;4+61+29+10+93+3
6;08;1500;033;372+5+213+213+0+0+0+8+213;2+40+35+6+123+7
6;08;1500;034;243+3+156+156+0+1+1+14+155;2+47+13+11+75+7
6;08;1500;035;67+5+46+46+0+0+0+0+46;0+10+3+1+30+2
6;08;1500;036;699+4+310+310+0+4+4+0+306;9+58+37+19+166+17
6;08;1500;037;324+2+160+160+3+0+3+0+157;1+23+20+5+96+12
6;08;1500;038;271+1+156+156+0+1+1+0+155;5+26+14+8+102+0
6;08;1500;039;104+1+76+76+0+0+0+0+76;0+25+14+3+34+0
6;08;1500;040;128+1+77+77+0+1+1+0+76;0+29+11+4+31+1
6;08;1500;041;239+1+123+123+0+3+3+1+120;1+42+21+6+46+4
6;08;1500;042;180+6+118+118+0+0+0+6+118;0+24+14+4+75+1
6;08;1500;043;576+0+254+254+0+1+1+18+253;9+55+68+10+100+11
6;08;1500;044;242+1+134+134+1+0+1+5+133;7+34+16+8+63+5
6;08;1500;045;443+1+212+212+0+0+0+0+212;2+76+46+19+64+5
6;08;1500;046;93+0+48+48+0+3+3+0+45;4+12+8+7+13+1
6;08;1500;047;119+2+93+93+0+0+0+0+93;4+42+20+5+21+1
6;08;1500;048;679+3+318+318+0+2+2+29+316;1+68+40+17+187+3
6;08;1500;049;410+1+214+214+0+2+2+9+212;2+40+48+13+100+9
6;08;1500;050;380+1+169+169+0+2+2+0+167;4+75+22+12+51+3
6;08;1500;051;154+2+108+108+0+0+0+3+108;1+23+13+2+68+1
6;08;1500;052;109+6+89+89+0+0+0+0+89;1+10+4+1+73+0
6;08;1500;053;166+4+104+104+0+1+1+3+103;3+19+15+2+64+0
6;08;1500;054;62+3+50+50+0+0+0+0+50;3+7+11+1+27+1
6;08;1500;055;169+3+89+89+1+0+1+0+88;1+14+8+4+56+5
6;08;1500;056;107+0+85+85+0+0+0+1+85;0+4+5+3+73+0
6;08;1500;057;301+2+162+162+2+1+3+9+159;3+20+9+10+113+4
6;08;1500;058;253+1+150+150+0+0+0+9+150;3+21+20+7+97+2
6;08;1500;059;181+1+109+109+1+0+1+5+108;0+30+10+7+57+4
6;08;1500;060;164+0+101+101+0+0+0+0+101;4+44+13+13+22+5
6;08;1500;061;472+5+282+282+0+3+3+0+279;6+55+70+6+127+15
6;08;1500;062;114+2+81+81+3+2+5+0+76;0+27+5+2+42+0
6;08;1500;063;803+1+380+380+1+1+2+28+378;12+85+81+20+171+9
6;08;1500;064;293+1+162+162+0+0+0+6+162;4+36+36+13+71+2
6;08;1500;065;664+2+259+259+0+0+0+11+259;7+91+39+35+80+7
6;08;1500;066;522+4+193+193+0+2+2+18+191;4+55+33+17+81+1
6;08;1500;067;46+1+33+33+0+0+0+0+33;0+18+5+0+2+8
6;08;1500;068;171+2+107+107+0+1+1+7+106;0+19+3+10+74+0
6;08;1500;069;427+1+102+102+1+1+2+3+100;9+47+22+8+8+6
6;08;1500;070;160+2+96+96+0+1+1+0+95;3+15+14+9+53+1
6;08;1500;071;273+1+181+181+0+1+1+6+180;13+26+27+10+93+11
6;08;1500;072;499+3+233+233+0+1+1+0+232;11+24+13+14+166+4
6;08;1700;001;667+1+284+284+0+0+0+0+284;3+97+70+10+97+7
6;08;1700;002;735+0+294+294+0+0+0+0+294;2+62+81+9+135+5
6;08;1700;003;649+0+171+171+0+3+3+4+168;16+47+23+20+55+7
6;08;1700;004;710+2+182+182+0+0+0+15+182;17+43+13+28+78+3
6;08;1700;005;739+4+350+350+1+2+3+16+347;5+113+85+30+95+19
6;08;1700;006;675+2+309+309+0+0+0+15+309;3+101+73+17+108+7
6;08;1700;007;745+2+293+293+0+0+0+7+293;6+99+60+14+107+7
6;08;1700;008;754+0+315+315+0+0+0+10+315;0+91+59+11+148+6
6;08;1700;009;560+0+222+222+1+2+3+10+219;1+56+47+6+102+7
6;08;1700;010;818+0+290+290+0+0+0+9+290;1+84+102+12+85+6
6;08;1700;012;391+6+204+204+0+0+0+16+204;8+19+36+15+122+4
6;08;1700;013;66+5+51+51+0+0+0+0+51;2+9+4+1+35+0
6;08;1700;014;119+6+84+84+0+0+0+0+84;1+20+9+5+44+5
6;08;1700;015;681+3+267+267+0+0+0+0+267;3+60+75+16+107+6
6;08;1700;016;674+3+305+305+0+0+0+0+305;4+58+79+17+138+9
6;08;1700;017;236+11+126+126+1+0+1+8+125;4+29+15+5+71+1
6;08;1700;018;243+4+147+147+0+0+0+8+147;1+36+13+6+91+0
6;08;1700;019;29+5+17+17+0+0+0+1+17;0+1+2+1+12+1
6;08;1700;020;90+4+65+65+0+0+0+1+65;2+18+5+1+37+2
6;08;1700;021;44+2+37+37+0+0+0+0+37;1+11+2+0+22+1
6;08;1700;022;100+8+54+54+0+0+0+2+54;0+8+9+5+30+2
6;08;1700;023;107+3+69+69+0+0+0+3+69;2+16+9+6+34+2
6;08;1700;024;61+2+44+44+0+0+0+2+44;0+4+15+7+18+0
6;08;1700;025;283+4+102+102+0+0+0+0+102;1+10+23+9+52+7
6;08;1700;026;160+2+68+68+1+0+1+11+67;0+31+9+7+16+4
6;08;1700;027;116+3+79+79+0+0+0+5+79;1+19+8+7+44+0
6;08;1700;028;398+4+179+179+0+0+0+10+179;1+34+20+13+107+4
6;08;1700;029;149+3+70+70+0+0+0+4+70;3+51+4+3+8+1
6;08;1700;030;30+5+16+16+0+0+0+0+16;0+3+5+0+6+2
6;08;1700;031;145+5+73+73+0+0+0+0+73;0+10+16+2+44+1
6;08;1700;032;109+3+77+77+0+0+0+0+77;0+22+11+5+34+5
6;08;1700;033;748+1+296+296+0+1+1+0+295;1+76+86+9+113+10
6;08;1700;034;638+1+180+180+0+0+0+11+180;18+50+19+13+75+5
6;08;1700;035;671+1+278+278+2+0+2+5+276;3+85+85+7+88+8
6;08;1700;036;711+1+253+253+0+0+0+9+253;1+68+58+8+110+8
6;08;2000;001;783+4+420+420+1+0+1+0+419;3+78+143+10+179+6
6;08;2000;002;440+2+155+155+0+2+2+0+153;3+47+34+5+63+1
6;08;2000;003;157+5+61+61+0+0+0+0+61;9+31+8+1+9+3
6;08;2000;004;225+3+89+89+0+0+0+7+89;2+29+11+10+25+12
6;08;2000;005;109+4+65+65+0+0+0+2+65;1+8+15+10+29+2
6;08;2000;006;504+3+229+229+3+4+7+0+222;9+72+25+14+91+11
6;08;2000;007;367+4+147+147+1+0+1+4+146;3+37+27+6+65+8
6;08;2000;008;166+5+116+116+0+0+0+0+116;7+25+14+4+65+1
6;08;2000;009;521+4+203+203+0+1+1+9+202;6+51+61+5+69+10
6;08;2000;010;163+5+59+59+0+1+1+2+58;1+21+6+3+26+1
6;08;2000;011;336+7+127+127+0+1+1+5+126;5+35+6+6+16+58
6;08;2000;012;321+3+120+120+0+1+1+0+119;2+30+18+1+37+31
6;08;2000;013;208+4+103+103+0+1+1+0+102;2+27+5+5+40+23
6;08;2000;014;145+4+94+94+1+0+1+1+93;4+21+9+17+40+2
6;08;2000;015;171+4+36+36+0+0+0+0+36;2+6+2+1+3+22
6;08;2000;016;71+4+48+48+1+0+1+0+47;0+8+7+3+27+2
6;08;2000;017;111+4+61+61+1+1+2+2+59;5+23+2+1+4+24
6;08;2700;001;922+2+438+438+0+0+0+19+438;2+76+131+7+214+8
6;08;2700;002;867+2+458+458+0+0+0+10+458;3+64+102+6+277+6
6;08;2700;003;705+2+362+362+1+2+3+0+359;4+63+85+15+185+7
6;08;2700;004;1032+0+276+276+0+6+6+0+270;24+71+55+24+64+32
6;08;2700;005;751+0+305+305+2+1+3+0+302;4+58+77+2+151+10
6;08;2700;006;736+3+387+387+0+0+0+14+387;2+45+76+13+242+9
6;08;2700;007;765+1+315+315+0+0+0+0+315;1+41+118+14+133+8
6;08;2700;009;136+3+80+80+0+4+4+0+76;10+13+32+2+4+15
6;08;2700;010;216+1+105+105+1+1+2+0+103;5+26+64+1+3+4
6;08;2700;011;934+3+317+317+3+0+3+0+314;9+86+67+17+126+9
6;08;2700;012;433+3+164+164+1+1+2+6+162;8+53+18+4+11+68
6;08;2700;013;83+4+45+45+0+1+1+0+44;1+15+18+0+3+7
6;08;2700;014;25+3+8+8+0+0+0+0+8;3+2+3+0+0+0
6;08;2700;015;134+3+86+86+0+0+0+0+86;2+25+15+2+29+13
6;08;2700;016;293+2+127+127+1+2+3+3+124;8+45+3+6+14+48
6;08;2700;017;39+3+34+34+0+0+0+0+34;2+15+17+0+0+0
6;08;2700;018;842+3+407+407+1+2+3+14+404;11+182+34+16+131+30
6;08;2700;019;524+4+282+282+0+6+6+0+276;11+106+64+14+8+73
6;08;2700;020;556+4+224+224+0+4+4+5+220;7+56+26+6+10+115
6;08;2700;021;473+6+207+207+0+1+1+11+206;8+60+28+9+70+31
6;08;2700;022;216+4+156+156+0+1+1+0+155;6+27+22+7+91+2
6;08;2700;023;618+3+363+363+3+2+5+0+358;6+67+75+13+140+57
6;08;2700;024;352+4+202+202+2+0+2+16+200;2+23+28+6+139+2
6;08;2700;025;58+6+41+41+0+0+0+3+41;3+2+2+2+31+1
6;08;2700;026;609+4+331+331+0+0+0+10+331;4+63+55+7+193+9
6;08;2700;027;43+2+37+37+1+0+1+2+36;2+9+5+1+0+19
6;08;2700;028;782+3+428+428+5+9+14+9+414;25+248+18+20+85+18
6;08;2700;029;526+4+266+266+1+4+5+5+261;10+122+26+2+46+55
6;08;2700;030;149+5+76+76+0+0+0+0+76;0+21+10+4+23+18
6;08;2700;031;523+5+182+182+0+0+0+0+182;6+32+41+11+11+81
6;08;2700;032;212+4+103+103+1+1+2+6+101;1+17+16+6+53+8
6;08;2700;033;389+3+206+206+0+0+0+0+206;6+47+36+8+102+7
6;08;2800;001;724+0+259+259+0+0+0+9+259;0+77+67+20+92+3
6;08;2800;002;679+0+310+310+0+0+0+14+310;2+89+81+23+113+2
6;08;2800;003;617+0+237+237+0+1+1+0+236;0+68+58+15+91+4
6;08;2800;004;738+0+315+315+0+0+0+0+315;5+118+86+15+85+6
6;08;2800;005;725+3+291+291+1+0+1+10+290;2+78+71+4+130+5
6;08;2800;006;720+2+292+292+0+0+0+8+292;3+84+83+0+115+7
6;08;2800;007;799+2+381+381+0+0+0+11+381;2+125+115+15+114+10
6;08;2800;008;696+2+329+329+0+0+0+10+329;3+93+73+4+144+12
6;08;2800;009;769+0+366+366+0+0+0+0+366;2+146+101+13+92+12
6;08;2800;010;678+2+319+319+0+0+0+3+319;1+127+72+7+99+13
6;08;2800;011;677+0+319+319+0+0+0+7+319;1+110+95+7+94+12
6;08;2800;012;661+0+307+307+0+0+0+9+307;0+92+82+6+122+5
6;08;2800;013;656+0+312+312+0+1+1+3+311;1+108+87+7+101+7
6;08;2800;014;779+0+345+345+0+1+1+3+344;1+130+102+5+103+3
6;08;2800;015;731+1+362+362+1+1+2+5+360;3+129+101+11+110+6
6;08;2800;016;922+0+430+430+0+1+1+21+429;4+166+134+14+106+5
6;08;2800;017;658+0+336+336+0+0+0+8+336;0+137+88+2+100+9
6;08;2800;018;860+0+410+410+0+0+0+21+410;3+169+91+9+130+8
6;08;2800;019;684+0+336+336+0+0+0+11+336;5+127+60+6+130+8
6;08;2800;020;706+1+352+352+0+1+1+7+351;3+114+76+4+141+13
6;08;2800;021;747+0+366+366+0+0+0+15+366;0+183+69+2+105+7
6;08;2800;022;561+3+305+305+0+0+0+0+305;0+138+66+3+94+4
6;08;2800;023;476+1+244+244+0+1+1+0+243;1+90+58+0+90+4
6;08;2800;024;748+1+383+383+0+0+0+10+383;0+200+57+9+109+8
6;08;2800;025;719+6+378+378+0+0+0+0+378;3+138+91+3+139+4
6;08;2800;026;743+0+379+379+0+0+0+8+379;2+134+100+13+120+10
6;08;2800;027;809+2+352+352+1+0+1+0+351;0+157+82+5+103+4
6;08;2800;028;664+0+342+342+0+0+0+7+342;3+168+71+2+82+16
6;08;2800;029;753+1+379+379+1+0+1+4+378;4+142+98+6+124+4
6;08;2800;030;533+0+225+225+0+0+0+4+225;1+35+58+12+114+5
6;08;2800;031;436+0+163+163+0+0+0+4+163;0+53+42+6+61+1
6;08;2800;032;520+0+227+227+0+1+1+11+226;2+62+55+10+88+9
6;08;2800;033;558+2+247+247+1+0+1+7+246;7+58+78+9+88+6
6;08;2800;034;737+5+344+344+3+0+3+0+341;4+91+85+8+142+11
6;08;2800;035;715+5+314+314+1+0+1+7+313;1+107+85+9+108+3
6;08;2800;036;676+0+290+290+0+0+0+3+290;0+97+80+6+102+5
6;08;2800;037;723+0+338+338+0+0+0+6+338;1+110+105+4+113+5
6;08;2800;038;660+0+259+259+0+0+0+5+259;2+75+61+9+104+8
6;08;2800;039;872+7+363+363+0+0+0+0+363;2+133+106+3+116+3
6;08;2800;040;719+4+221+221+2+1+3+7+218;1+52+68+4+80+13
6;08;2800;041;540+0+192+192+1+0+1+12+191;1+71+37+8+66+8
6;08;2800;042;622+0+293+293+0+0+0+11+293;1+118+86+6+72+10
6;08;2800;043;706+1+416+416+2+1+3+0+413;2+148+86+6+166+5
6;08;2800;044;694+1+252+252+0+0+0+6+252;1+87+71+11+74+8
6;08;2800;045;629+1+301+301+1+0+1+3+300;1+94+74+5+121+5
6;08;2800;046;909+0+372+372+0+0+0+6+372;0+131+87+9+132+13
6;08;2800;047;1051+0+444+444+1+0+1+5+443;3+158+119+12+131+20
6;08;2800;048;740+0+370+370+3+1+4+5+366;0+131+87+6+131+11
6;08;2800;049;1097+1+528+528+2+0+2+14+526;4+221+122+6+163+10
6;08;2800;050;743+0+209+209+0+3+3+14+206;10+78+37+7+60+14
6;08;2800;051;615+0+169+169+1+2+3+9+166;12+63+30+8+48+5
6;08;2800;052;505+0+229+229+0+0+0+6+229;1+64+75+8+73+8
6;08;2800;053;743+0+342+342+1+1+2+10+340;3+125+73+12+123+4
6;08;2800;054;713+0+289+289+0+0+0+5+289;3+115+80+8+75+8
6;08;2800;055;624+1+231+231+1+0+1+5+230;1+72+62+8+76+11
6;08;2800;056;520+0+172+172+0+0+0+2+172;0+46+48+9+66+3
6;08;2800;057;689+1+233+233+0+0+0+5+233;2+73+77+9+66+6
6;08;2800;058;588+0+231+231+0+0+0+6+231;1+71+71+11+65+12
6;08;2800;059;714+0+297+297+0+1+1+13+296;4+106+65+13+90+18
6;08;2800;060;363+0+159+159+0+0+0+3+159;4+49+34+2+67+3
6;08;2800;061;690+3+317+317+0+1+1+0+316;1+81+104+17+104+9
6;08;2800;062;617+4+296+296+1+0+1+4+295;1+95+100+7+86+6
6;08;2800;063;713+0+294+294+0+0+0+8+294;0+69+128+8+80+9
6;08;2800;064;833+8+341+341+0+0+0+0+341;1+102+132+10+81+15
6;08;2800;065;675+0+258+258+1+0+1+0+257;2+73+98+12+61+11
6;08;2800;066;697+0+311+311+0+2+2+0+309;1+89+106+3+107+3
6;08;2800;067;598+2+264+264+0+0+0+5+264;1+87+78+9+83+6
6;08;2800;068;758+3+295+295+0+0+0+0+295;1+88+93+15+87+11
6;08;2800;069;791+3+305+305+0+1+1+0+304;2+85+107+11+94+5
6;08;2800;070;819+9+356+356+0+2+2+9+354;3+101+108+6+126+10
6;08;2800;071;759+0+316+316+0+0+0+4+316;1+85+85+20+107+18
6;08;2800;072;826+1+359+359+0+0+0+10+359;3+117+81+7+142+9
6;08;2800;073;791+0+310+310+0+0+0+8+310;2+80+90+12+107+19
6;08;2800;074;809+0+322+322+1+0+1+5+321;0+77+94+11+137+2
6;08;2800;075;810+0+285+285+0+0+0+15+285;2+77+81+21+102+2
6;08;2800;076;718+0+292+292+0+1+1+0+291;1+77+89+10+104+10
6;08;2800;077;671+1+298+298+0+0+0+12+298;3+86+105+9+91+4
6;08;2800;078;375+4+144+144+0+0+0+0+144;1+43+38+6+50+6
6;08;2800;079;728+0+281+281+0+1+1+2+280;0+96+94+10+73+7
6;08;2800;080;678+3+160+160+3+3+6+15+154;6+63+34+14+33+4
6;08;2800;081;716+0+180+180+0+1+1+11+179;6+62+45+11+45+10
6;08;2800;082;716+0+282+282+0+0+0+6+282;9+90+74+9+99+1
6;08;2800;083;763+0+224+224+1+0+1+7+223;2+65+48+15+81+12
6;08;2800;084;727+0+204+204+0+4+4+8+200;3+54+59+9+59+16
6;08;2800;085;696+0+268+268+2+1+3+19+265;12+86+49+17+91+10
6;08;2800;086;708+0+235+235+0+7+7+20+228;5+108+50+11+45+9
6;08;2800;087;676+0+207+207+0+2+2+12+205;9+117+13+9+38+19
6;08;2800;088;769+0+237+237+0+1+1+5+236;3+78+76+5+70+4
6;08;2800;089;651+0+190+190+0+0+0+4+190;0+58+52+7+67+6
6;08;2800;090;748+1+296+296+1+0+1+15+295;3+96+80+9+94+13
6;08;2800;091;668+0+309+309+0+0+0+8+309;0+84+93+16+111+5
6;08;2800;092;557+1+201+201+0+0+0+0+201;0+55+67+7+72+0
6;08;2800;093;618+0+257+257+0+0+0+3+257;0+83+74+15+74+11
6;08;2800;094;750+0+336+336+0+0+0+4+336;2+93+100+18+116+7
6;08;2800;095;645+1+223+223+1+0+1+6+222;3+55+72+10+78+4
6;08;2800;096;736+0+298+298+2+0+2+9+296;1+86+92+18+85+14
6;08;2800;097;706+1+248+248+0+0+0+7+248;3+81+63+15+81+5
6;08;2800;098;694+1+252+252+0+2+2+11+250;0+73+80+13+75+9
6;08;2800;099;733+0+266+266+0+1+1+9+265;3+71+90+23+75+3
6;08;2800;100;779+0+317+317+1+0+1+8+316;2+87+88+10+116+13
6;08;2800;101;668+1+273+273+0+0+0+0+273;2+84+78+10+89+10
6;08;2800;102;713+0+270+270+0+3+3+0+267;0+62+95+16+83+11
6;08;2800;103;661+0+275+275+0+0+0+10+275;1+80+97+12+74+11
6;08;2800;104;318+0+71+71+0+0+0+4+71;1+26+19+2+20+3
6;08;2800;105;296+1+122+122+0+1+1+2+121;0+35+36+8+35+7
6;08;2800;106;345+3+55+55+0+0+0+0+55;0+19+19+3+7+7
6;08;2800;107;220+0+38+38+0+0+0+1+38;0+6+14+4+12+2
6;08;2800;108;89+0+25+25+0+0+0+0+25;1+8+8+5+2+1
6;08;2800;109;700+5+343+343+2+1+3+3+340;1+66+102+20+147+4
6;08;2800;110;646+0+288+288+1+1+2+0+286;1+84+74+18+95+14
6;08;2800;111;90+0+48+48+0+0+0+2+48;0+13+11+2+20+2
6;08;2800;112;676+1+273+273+0+0+0+9+273;2+80+83+9+81+18
6;08;2800;113;620+0+244+244+0+0+0+4+244;2+78+77+11+70+6
6;08;2800;114;393+0+158+158+1+0+1+2+157;2+35+60+21+35+4
6;08;2800;115;506+0+149+149+0+0+0+0+149;1+55+52+5+34+2
6;08;2800;116;486+0+195+195+0+1+1+2+194;0+70+74+11+37+2
6;08;2800;117;667+1+206+206+1+0+1+4+205;3+53+77+10+47+15
6;08;2800;118;583+0+177+177+0+0+0+7+177;1+53+60+8+51+4
6;08;2800;119;439+5+138+138+0+0+0+0+138;1+49+26+9+50+3
6;08;2800;120;631+0+188+188+0+1+1+0+187;0+52+67+9+56+3
6;08;2800;121;598+0+225+225+0+0+0+7+225;1+61+61+19+72+11
6;08;2800;122;578+2+207+207+0+0+0+1+207;0+53+73+10+70+1
6;08;2800;123;736+0+227+227+0+1+1+0+226;0+84+49+10+72+11
6;08;2800;124;620+0+225+225+0+3+3+5+222;1+68+60+13+73+7
6;08;2800;125;758+1+311+311+0+1+1+5+310;1+95+101+9+84+20
6;08;2800;126;497+0+162+162+0+1+1+0+161;1+48+69+8+31+4
6;08;2800;127;762+0+268+268+0+0+0+7+268;2+88+86+20+71+1
6;08;2800;128;619+0+186+186+0+0+0+0+186;2+72+50+7+51+4
6;08;2800;129;729+0+195+195+0+0+0+0+195;1+61+57+20+52+4
6;08;2800;130;709+1+184+184+0+0+0+0+184;1+50+48+17+57+11
6;08;2800;131;490+0+141+141+0+1+1+6+140;0+45+50+3+40+2
6;08;2800;132;515+0+148+148+0+1+1+4+147;0+35+50+14+42+6
6;08;2800;133;621+0+154+154+2+5+7+10+147;18+58+18+14+31+8
6;08;2800;134;548+0+167+167+1+5+6+8+161;11+68+20+9+39+14
6;08;2800;135;535+3+142+142+1+3+4+0+138;5+56+16+9+41+11
6;08;2800;136;681+0+188+188+0+0+0+10+188;12+68+22+25+48+13
6;08;2800;137;145+0+81+81+2+0+2+4+79;8+28+17+3+17+6
6;08;2800;138;37+0+37+37+0+1+1+0+36;2+15+6+7+0+6
6;08;2900;001;961+0+506+506+0+2+2+13+504;9+140+111+17+213+14
6;08;2900;002;820+3+410+410+2+1+3+16+407;1+73+85+24+213+11
6;08;2900;003;674+1+379+379+0+1+1+21+378;6+91+81+10+178+12
6;08;2900;004;996+4+397+397+0+1+1+16+396;6+91+99+9+180+11
6;08;2900;005;31+7+32+32+0+0+0+0+32;0+9+5+4+12+2
6;08;2900;006;210+3+130+130+0+0+0+0+130;2+15+27+9+77+0
6;08;2900;007;136+4+90+90+0+0+0+2+90;1+17+10+3+56+3
6;08;2900;008;134+4+68+68+0+0+0+1+68;3+17+17+3+27+1
6;08;2900;009;190+0+131+131+0+0+0+0+131;1+23+14+8+83+2
6;08;2900;010;504+0+273+273+0+0+0+0+273;4+37+79+9+141+3
6;08;2900;011;131+3+88+88+0+1+1+0+87;1+28+24+5+27+2
6;08;2900;012;133+1+90+90+0+1+1+3+89;4+17+25+7+36+0
6;08;2900;013;293+3+166+166+0+0+0+15+166;2+29+36+17+78+4
6;08;2900;014;82+6+57+57+0+0+0+0+57;2+13+15+2+25+0
6;08;2900;015;102+3+67+67+0+0+0+0+67;1+10+6+8+42+0
6;08;2900;016;76+4+55+55+0+0+0+3+55;0+11+7+0+34+3
6;08;2900;017;93+4+44+44+0+1+1+2+43;1+7+9+4+22+0
[END]

[AGGR]
08;6;   ;6+403+403+186567+789+81232+81232+148+251+399+1845+80833;1302+22729+18950+3623+30975+3254
[END]

