[INFO]
09;К║░джали;201
[END]

[IZB]
09;6;   ;;11.11.2001;1;6;427
[END]

[NM]
0902;002;г░. А░дино;00607;00
0902;004;▒. А╡░┐н▒ко;00864;00
0902;006;▒. Ба╕ево;02991;00
0902;008;▒. Би▒▓░оглед;04248;00
0902;009;▒. Бога▓ино;07925;00
0902;010;▒. Бо░ови╢а;80176;00
0902;011;▒. Б░езен;77116;00
0902;012;▒. Б┐л изво░;07747;00
0902;013;▒. Главник;18544;00
0902;015;▒. Голоб░ад;15607;00
0902;016;▒. Го░но П░а╡ово;16910;00
0902;018;▒. Г║░би╣е;18321;00
0902;021;▒. Диамандово;20924;00
0902;023;▒. Долно П░а╡ово;22784;00
0902;024;▒. Д┐дов╢и;24788;00
0902;025;▒. Ен╝ов╖е;27543;00
0902;027;▒. Ж║л▓│╕а;29605;00
0902;029;▒. Ки▓ни╢а;37085;00
0902;032;▒. К░о┐╖ево;39952;00
0902;035;▒. Ла▓инка;43164;00
0902;038;▒. Лени╣е;43270;00
0902;039;▒. Л╛бино;44584;00
0902;043;▒. Мле╖ино;48756;00
0902;045;▒. Падина;55124;00
0902;049;▒. П░авдол╛б;58013;00
0902;052;▒. Р│▒ал▒ко;63402;00
0902;054;▒. Све▓│лка;65646;00
0902;055;▒. Седла░╢и;70771;00
0902;056;▒. Син╖е╢;66562;00
0902;058;▒. С░║н▒ко;68597;00
0902;060;▒. С▓о┐ново;69518;00
0902;061;▒. С│╡ово;70319;00
0902;062;▒. Темен│га;47809;00
0902;064;▒. Т║░но▒ливка;73732;00
0902;065;▒. Х░оми╢а;77487;00
0902;067;▒. Че░нигово;80964;00
0902;068;▒. Ч│б░ика;81596;00
0902;069;▒. Яб║лкове╢;87059;00
0908;005;▒. Великден╖е;10389;00
0908;006;▒. Водени╖а░▒ко;11689;00
0908;007;▒. В║лкови╖;12468;00
0908;008;▒. Гене░ал Ге╕ево;14647;00
0908;009;г░. Джебел;20746;00
0908;010;▒. Доб░ин╢и;21525;00
0908;012;▒. Д│╕инково;24195;00
0908;014;▒. Жел║дово;29180;00
0908;016;▒. Ж║л▓ика;29619;00
0908;019;▒. Каза╢и▓е;35184;00
0908;021;▒. Кози╢а;37736;00
0908;023;▒. Кон▓ил;38371;00
0908;024;▒. К│п╢и▓е;40676;00
0908;026;▒. Лебед;43178;00
0908;027;▒. Ми╕ев▒ко;48622;00
0908;029;▒. М░ежи╖ко;49268;00
0908;035;▒. Пап░а▓;55436;00
0908;036;▒. Плази╣е;56589;00
0908;040;▒. Пол┐не╢;57412;00
0908;042;▒. По▓о╖е;57947;00
0908;044;▒. П░ипек;58387;00
0908;045;▒. Ридино;62654;00
0908;048;▒. Рогоз╖е;62846;00
0908;052;▒. Сл║н╖оглед;67502;00
0908;053;▒. Со┤ий╢и;68120;00
0908;054;▒. Тел╖а░ка;72211;00
0908;055;▒. Т║░нов╢и;73715;00
0908;056;▒. У▒▓░ен;75201;00
0908;058;▒. Ц║░кви╢а;78642;00
0908;059;▒. Чакал╢и;80128;00
0908;060;▒. Че░е╕ка;81935;00
0908;061;▒. Ще░на;84019;00
0908;062;▒. Ямино;87388;00
0908;063;▒. Т╛▓╛н╖е;73804;00
0914;001;▒. Ап░ил╢и;00905;00
0914;002;▒. Бенков▒ки;03825;00
0914;009;▒. В║л╖анка;13055;00
0914;010;▒. В║░бен;00120;00
0914;012;▒. Го░но Ки░ково;18558;00
0914;014;▒. Го░но К║пиново;16821;00
0914;015;▒. Го░▒ки изво░;17138;00
0914;016;▒. Г░ив┐к;17871;00
0914;018;▒. Делвино;20554;00
0914;022;▒. Дже░ово;20777;00
0914;025;▒. Доб░оми░╢и;21631;00
0914;029;▒. Долно К║пиново;22678;00
0914;030;▒. Доми╣е;22928;00
0914;032;▒. Д░ангово;23577;00
0914;033;▒. Д░│жин╢и;23803;00
0914;034;▒. Д╛ли╢а;24743;00
0914;036;▒. Заво┐;30106;00
0914;037;▒. Заго░▒ки;30140;00
0914;038;▒. Зд░ав╖е╢;30675;00
0914;039;▒. Ка┐лоба;36748;00
0914;040;▒. Ки░ково;36926;00
0914;042;▒. Ки▓на;37071;00
0914;047;▒. К░ан;39445;00
0914;048;▒. К░емен;41174;00
0914;051;▒. К░ила▓и╢а;39877;00
0914;052;▒. К│к│░┐к;40511;00
0914;053;▒. К║░╖ов▒ко;40988;00
0914;055;▒. Лозенг░ад╢и;44080;00
0914;056;▒. Малко╖;46680;00
0914;057;▒. Медев╢и;47531;00
0914;060;▒. Ме▓ли╖ка;47891;00
0914;061;▒. Могил┐не;48845;00
0914;062;▒. М║глене;49480;00
0914;064;▒. О░ли╢а;53878;00
0914;065;▒. О▒▓░ове╢;54393;00
0914;067;▒. Пловка;56808;00
0914;071;▒. Подкова;57039;00
0914;072;▒. П░е▒ека;58178;00
0914;075;▒. П║░ви╢а;59063;00
0914;076;▒. Ра▒▓ник;62236;00
0914;077;▒. Самодива;65214;00
0914;079;▒. Самоки▓ка;65228;00
0914;083;▒. С░ед▒ко;68577;00
0914;084;▒. С▓а░ей╕ино;68895;00
0914;085;▒. С▓а░ово;68953;00
0914;086;▒. С▓оман╢и;69482;00
0914;087;▒. С▓░ижба;69866;00
0914;088;▒. Ти╡оми░;72463;00
0914;089;▒. Фо▓иново;76159;00
0914;090;▒. Хаджий▒ко;77092;00
0914;093;▒. Чакала░ово;80090;00
0914;094;▒. Чи╖ево;81493;00
0914;095;▒. Чо░баджий▒ко;81565;00
0914;098;▒. Шоп╢и;83449;00
0914;099;▒. Ш│мна▓и╢а;83538;00
0914;100;▒. Якови╢а;87309;00
0915;001;▒. Ав░ен;00093;00
0915;002;▒. Баг░ил╢и;02141;00
0915;003;▒. Ба░а╢и;02751;00
0915;004;▒. Благ│н;04306;00
0915;006;▒. Б░┐гове╢;06728;00
0915;007;▒. Б│к;06906;00
0915;008;▒. В░ан▒ко;12190;00
0915;009;▒. Гол┐ма Чинка;15713;00
0915;010;▒. Гол┐м Деве▒ил;15727;00
0915;011;▒. Гол┐мо Камен┐не;15878;00
0915;012;▒. Го░на К│ла;16287;00
0915;013;▒. Го░ни Ю░│╢и;16660;00
0915;014;▒. Г░ивка;17868;00
0915;015;▒. Г│лийка;18071;00
0915;016;▒. Г│ли┐;18085;00
0915;017;▒. Деве▒или╢а;20393;00
0915;018;▒. Деве▒илово;20403;00
0915;019;▒. Джанка;20732;00
0915;021;▒. Долна К│ла;22157;00
0915;023;▒. Д║ждовник;24459;00
0915;024;▒. Ег░ек;27036;00
0915;026;▒. Зв║на░ка;30538;00
0915;028;▒. Зла▓оли▒▓;31142;00
0915;031;▒. Кандилка;36021;00
0915;033;▒. Ковил;37558;00
0915;035;▒. Ко▓ла░и;39058;00
0915;036;▒. К░а▒ино;39565;00
0915;037;г░. К░│мовг░ад;39970;00
0915;038;▒. К║кли╢а;40823;00
0915;039;▒. Ле╣а░ка;43596;00
0915;040;▒. Лиме╢;43726;00
0915;041;▒. Л│ли╖ка;44344;00
0915;042;▒. Малка Чинка;46471;00
0915;043;▒. Малко Камен┐не;46601;00
0915;044;▒. Мал║к Деве▒ил;46872;00
0915;045;▒. Ме▓лика;47860;00
0915;046;▒. Мо░┐н╢и;49103;00
0915;047;▒. Ов╖а░и;53206;00
0915;049;▒. Падало;55097;00
0915;050;▒. Па╕ин╢и;55614;00
0915;051;▒. Пелин;55751;00
0915;052;▒. Пе░│ника;55899;00
0915;053;▒. Под░│м╖е;57062;00
0915;054;▒. Полковник Жел┐зово;57248;00
0915;056;▒. По▓о╖ни╢а;57950;00
0915;058;▒. Рибино;62617;00
0915;059;▒. Рога╖;62774;00
0915;061;▒. Самовила;65190;00
0915;063;▒. Синиге░;66545;00
0915;065;▒. Скалак;66716;00
0915;067;▒. Слива░ка;67297;00
0915;068;▒. С▓а░и ╖ал;68936;00
0915;069;▒. С▓░анджево;69688;00
0915;070;▒. С▓│ден кладене╢;70104;00
0915;071;▒. С║░нак;70559;00
0915;072;▒. Тин▓┐ва;72429;00
0915;073;▒. Тока╖ка;72610;00
0915;074;▒. Тополка;72730;00
0915;076;▒. Х░а▒▓ово;77428;00
0915;077;▒. Чал;80145;00
0915;078;▒. Че░ни╖ево;81027;00
0915;079;▒. Че░нооки;81205;00
0916;004;▒. Ба╣ино;03006;00
0916;005;▒. Бели пла▒▓;03499;00
0916;007;▒. Бленика;04409;00
0916;008;▒. Бойно;05205;00
0916;010;▒. Бол┐░╢и;05325;00
0916;014;▒. Б┐ла пол┐на;07658;00
0916;019;▒. Вели╕ане;10358;00
0916;022;▒. Ви▒ока пол┐на;11243;00
0916;031;▒. Волова░╢и;12053;00
0916;036;▒. Гл│╡а░;15216;00
0916;040;▒. Гол┐ма ба░а;15641;00
0916;041;▒. Го░на к░епо▒▓;16267;00
0916;055;▒. Д║ждовни╢а;24462;00
0916;059;▒. Ен╖е╢;27512;00
0916;062;▒. Жинзи┤ово;29407;00
0916;067;▒. Звезделина;30466;00
0916;068;▒. Звезден;30475;00
0916;070;▒. Звини╢а;30524;00
0916;071;▒. Зелениково;30747;00
0916;080;▒. Калинка;35403;00
0916;084;▒. Кало┐н╢и;35540;00
0916;085;▒. Кобил┐не;37438;00
0916;087;▒. Коки╖е;37928;00
0916;092;▒. Конево;38282;00
0916;093;▒. Ко▒▓ино;38981;00
0916;094;▒. К░айно ▒ело;39342;00
0916;098;▒. К░ин;39894;00
0916;105;г░. К║░джали;40909;00
0916;108;▒. К╝о▒ево;41085;00
0916;113;▒. Л╛л┐ково;44700;00
0916;116;▒. Македон╢и;46214;00
0916;119;▒. Миладиново;48074;00
0916;121;▒. Мо▒▓;49120;00
0916;122;▒. М│░гово;49343;00
0916;123;▒. М║д░е╢;49521;00
0916;125;▒. Ненково;51442;00
0916;126;▒. Оп║л╖ен▒ко;53638;00
0916;127;▒. О░е╕ни╢а;53816;00
0916;128;▒. О▒▓░ови╢а;54403;00
0916;133;▒. Пе░пе░ек;55885;00
0916;134;▒. Пе▓лино;56054;00
0916;135;▒. Пове▓;56928;00
0916;136;▒. П░илеп╢и;58342;00
0916;138;▒. П║да░╢и;58997;00
0916;139;▒. Рани ли▒▓;62195;00
0916;141;▒. Резба░╢и;62445;00
0916;142;▒. Р│дина;63170;00
0916;146;▒. Седловина;65975;00
0916;148;▒. Сипей;66603;00
0916;149;▒. Скали╣е;66740;00
0916;150;▒. Скална глава;66754;00
0916;155;▒. Сокол┐не;67982;00
0916;156;▒. Соли╣е;68014;00
0916;162;▒. С▓░ем╢и;69852;00
0916;165;▒. Т░и могили;73136;00
0916;167;▒. Ца░еве╢;78149;00
0916;169;▒. Че░е╕и╢а;80594;00
0916;172;▒. Чилик;81362;00
0916;173;▒. Чи┤лик;81462;00
0916;174;▒. Ши░око поле;83315;00
0916;176;▒. Я▒▓░еб;87672;00
0921;001;▒. А│▒▓а;00828;00
0921;002;▒. Баг░┐нка;02155;00
0921;003;▒. Балабаново;02292;00
0921;004;▒. Бивол┐не;04008;00
0921;005;▒. В░ело;12293;00
0921;006;▒. В║░╡а░и;86030;00
0921;007;▒. Го░▒ко Д╛лево;17186;00
0921;008;▒. Г░│ево;17988;00
0921;009;▒. Г│░г│ли╢а;18126;00
0921;010;▒. Девин╢и;;00
0921;012;▒. Джелеп▒ко;20755;00
0921;013;▒. Д░│м╖е;23830;00
0921;014;▒. Заго░▒ко;30154;00
0921;015;▒. Звездел;30452;00
0921;016;▒. Камене╢;03258;00
0921;017;▒. Ка░ам┤ил;36350;00
0921;018;▒. Кон╖е;38409;00
0921;021;▒. Ко▒;38697;00
0921;022;▒. К░емене╢;80131;00
0921;023;▒. Лале;43102;00
0921;025;▒. Ле▓овник;43493;00
0921;027;г░. Мом╖илг░ад;48996;00
0921;028;▒. Нанови╢а;51097;00
0921;029;▒. Нео┤и▓ Бозвелиево;51473;00
0921;031;▒. Паза░╢и;55169;00
0921;032;▒. Пи┐ве╢;56575;00
0921;033;▒. Пле╕ин╢и;56767;00
0921;035;▒. По▒▓ник;57892;00
0921;036;▒. П░ог░е▒;59361;00
0921;037;▒. П▓и╖а░;58757;00
0921;038;▒. Равен;61063;00
0921;040;▒. Рали╢а;62147;00
0921;041;▒. Садови╢а;65098;00
0921;043;▒. Седе┤╖е;65944;00
0921;046;▒. Седла░и;65961;00
0921;047;▒. Сен╢е;70785;00
0921;049;▒. Синдел╢и;66500;00
0921;053;▒. Соколино;67882;00
0921;054;▒. Та▓│л;72134;00
0921;055;▒. Чайка;80087;00
0921;056;▒. Чобанка;81517;00
0921;058;▒. Ч│ково;81734;00
0935;001;▒. Бакали▓е;02261;00
0935;004;▒. Безводно;03188;00
0935;006;▒. Бели ви░;03410;00
0935;016;▒. Бож│░╢и;05089;00
0935;023;▒. Вода╖;11613;00
0935;028;▒. Габ░ово;14221;00
0935;030;▒. Да▒калово;20167;00
0935;031;▒. Д░аганово;23114;00
0935;036;▒. Д┐дов▒ко;24774;00
0935;037;▒. Железник;29132;00
0935;038;▒. Женда;29252;00
0935;039;▒. Жи▓ни╢а;29461;00
0935;040;▒. Йон╖ево;34117;00
0935;043;▒. Кан┐к;36066;00
0935;047;▒. Ком│нига;38176;00
0935;048;м. Копи▓ник;38491;00
0935;051;▒. Л┐▒ково;44820;00
0935;052;▒. Минз│╡а░;48307;00
0935;055;▒. Нови паза░;51994;00
0935;057;▒. Но╖ево;52372;00
0935;058;▒. Пани╖ково;55395;00
0935;059;▒. Па▓и╢а;55568;00
0935;060;▒. Пе▓елово;55960;00
0935;061;м. П░┐по░е╢;58731;00
0935;062;▒. П╖ела░ово;58829;00
0935;064;▒. Свободиново;65841;00
0935;068;▒. С▓░ажни╢а;69657;00
0935;069;▒. Че░на нива;80830;00
0935;072;▒. Яво░ово;87165;00
[END]

[SEC]
09;0200;001;6;002
09;0200;002;6;002
09;0200;003;6;002
09;0200;004;6;002
09;0200;006;6;004
09;0200;007;6;006
09;0200;008;6;009
09;0200;009;6;010
09;0200;010;6;011
09;0200;011;6;012
09;0200;012;6;015
09;0200;013;6;016
09;0200;014;6;016
09;0200;015;6;018
09;0200;016;6;021
09;0200;017;6;023
09;0200;018;6;067
09;0200;019;6;024
09;0200;020;6;025
09;0200;021;6;027
09;0200;022;6;029
09;0200;023;6;032
09;0200;024;6;035
09;0200;025;6;038
09;0200;026;6;039
09;0200;027;6;008
09;0200;028;6;043
09;0200;029;6;045
09;0200;030;6;049
09;0200;031;6;052
09;0200;032;6;054
09;0200;033;6;055
09;0200;034;6;056
09;0200;035;6;058
09;0200;036;6;060
09;0200;037;6;061
09;0200;038;6;062
09;0200;039;6;064
09;0200;040;6;065
09;0200;041;6;068
09;0200;042;6;069
09;0200;043;6;013
09;0200;044;6;012
09;0800;001;6;009
09;0800;002;6;009
09;0800;003;6;009
09;0800;004;6;009
09;0800;005;6;009
09;0800;006;6;054
09;0800;007;6;019
09;0800;008;6;059
09;0800;009;6;052
09;0800;010;6;036
09;0800;011;6;053
09;0800;012;6;042
09;0800;013;6;006
09;0800;014;6;048
09;0800;015;6;029
09;0800;016;6;005
09;0800;017;6;040
09;0800;018;6;012
09;0800;019;6;045
09;0800;020;6;021
09;0800;021;6;056
09;0800;022;6;062
09;0800;023;6;027
09;0800;024;6;024
09;0800;025;6;058
09;0800;026;6;055
09;0800;027;6;061
09;0800;028;6;016
09;0800;029;6;023
09;0800;030;6;044
09;0800;031;6;026
09;0800;032;6;008
09;0800;033;6;014
09;0800;034;6;010
09;0800;035;6;007
09;0800;036;6;060
09;0800;037;6;035
09;0800;038;6;063
09;1400;001;6;040
09;1400;002;6;012
09;1400;003;6;099
09;1400;004;6;001
09;1400;005;6;055
09;1400;006;6;036
09;1400;007;6;033
09;1400;008;6;083
09;1400;009;6;051
09;1400;010;6;030
09;1400;011;6;093
09;1400;012;6;093
09;1400;013;6;048
09;1400;014;6;022
09;1400;015;6;100
09;1400;016;6;029
09;1400;017;6;014
09;1400;018;6;002
09;1400;019;6;002
09;1400;020;6;002
09;1400;021;6;042
09;1400;022;6;061
09;1400;023;6;076
09;1400;024;6;057
09;1400;025;6;094
09;1400;026;6;062
09;1400;027;6;037
09;1400;028;6;002
09;1400;029;6;025
09;1400;030;6;038
09;1400;031;6;072
09;1400;032;6;039
09;1400;033;6;015
09;1400;034;6;032
09;1400;035;6;032
09;1400;036;6;086
09;1400;037;6;085
09;1400;038;6;077
09;1400;039;6;053
09;1400;040;6;090
09;1400;041;6;089
09;1400;042;6;089
09;1400;043;6;010
09;1400;044;6;034
09;1400;045;6;098
09;1400;046;6;075
09;1400;047;6;065
09;1400;048;6;071
09;1400;049;6;084
09;1400;050;6;060
09;1400;051;6;056
09;1400;052;6;079
09;1400;053;6;067
09;1400;054;6;016
09;1400;055;6;018
09;1400;056;6;095
09;1400;057;6;095
09;1400;058;6;095
09;1400;059;6;009
09;1400;060;6;095
09;1400;061;6;064
09;1400;062;6;087
09;1400;063;6;052
09;1400;064;6;047
09;1400;065;6;088
09;1400;066;6;088
09;1500;001;6;037
09;1500;002;6;037
09;1500;003;6;037
09;1500;004;6;037
09;1500;005;6;037
09;1500;006;6;037
09;1500;007;6;026
09;1500;008;6;071
09;1500;009;6;012
09;1500;010;6;028
09;1500;011;6;008
09;1500;012;6;047
09;1500;013;6;065
09;1500;014;6;054
09;1500;015;6;033
09;1500;016;6;003
09;1500;017;6;019
09;1500;018;6;021
09;1500;019;6;021
09;1500;020;6;041
09;1500;021;6;073
09;1500;022;6;050
09;1500;023;6;039
09;1500;024;6;074
09;1500;025;6;014
09;1500;026;6;007
09;1500;027;6;009
09;1500;028;6;042
09;1500;029;6;045
09;1500;030;6;031
09;1500;031;6;058
09;1500;032;6;061
09;1500;033;6;015
09;1500;034;6;051
09;1500;035;6;067
09;1500;036;6;059
09;1500;037;6;023
09;1500;038;6;002
09;1500;039;6;079
09;1500;040;6;077
09;1500;041;6;052
09;1500;042;6;053
09;1500;043;6;069
09;1500;044;6;006
09;1500;045;6;035
09;1500;046;6;049
09;1500;047;6;056
09;1500;048;6;070
09;1500;049;6;046
09;1500;050;6;036
09;1500;051;6;068
09;1500;052;6;011
09;1500;053;6;016
09;1500;054;6;043
09;1500;055;6;038
09;1500;056;6;076
09;1500;057;6;001
09;1500;058;6;018
09;1500;059;6;044
09;1500;060;6;010
09;1500;061;6;017
09;1500;062;6;040
09;1500;063;6;024
09;1500;064;6;078
09;1500;065;6;063
09;1500;066;6;004
09;1500;067;6;072
09;1500;068;6;013
09;1500;069;6;026
09;1600;001;6;105
09;1600;002;6;105
09;1600;003;6;105
09;1600;004;6;105
09;1600;005;6;105
09;1600;006;6;105
09;1600;007;6;105
09;1600;008;6;105
09;1600;009;6;105
09;1600;010;6;105
09;1600;011;6;105
09;1600;012;6;105
09;1600;013;6;105
09;1600;014;6;105
09;1600;015;6;105
09;1600;016;6;105
09;1600;017;6;105
09;1600;018;6;105
09;1600;019;6;105
09;1600;020;6;105
09;1600;021;6;105
09;1600;022;6;105
09;1600;023;6;105
09;1600;024;6;105
09;1600;025;6;105
09;1600;026;6;105
09;1600;027;6;105
09;1600;028;6;105
09;1600;029;6;105
09;1600;030;6;105
09;1600;031;6;105
09;1600;032;6;105
09;1600;033;6;105
09;1600;034;6;105
09;1600;035;6;105
09;1600;036;6;105
09;1600;037;6;105
09;1600;038;6;105
09;1600;039;6;105
09;1600;040;6;105
09;1600;041;6;105
09;1600;042;6;105
09;1600;043;6;105
09;1600;044;6;105
09;1600;045;6;105
09;1600;046;6;105
09;1600;047;6;105
09;1600;048;6;105
09;1600;049;6;105
09;1600;050;6;105
09;1600;051;6;105
09;1600;052;6;105
09;1600;053;6;105
09;1600;054;6;105
09;1600;055;6;105
09;1600;056;6;105
09;1600;057;6;105
09;1600;058;6;105
09;1600;059;6;105
09;1600;060;6;105
09;1600;061;6;105
09;1600;062;6;105
09;1600;063;6;136
09;1600;064;6;141
09;1600;065;6;134
09;1600;066;6;126
09;1600;067;6;126
09;1600;068;6;128
09;1600;069;6;036
09;1600;070;6;116
09;1600;071;6;031
09;1600;072;6;146
09;1600;073;6;148
09;1600;074;6;135
09;1600;075;6;135
09;1600;076;6;156
09;1600;077;6;139
09;1600;078;6;010
09;1600;079;6;094
09;1600;080;6;059
09;1600;081;6;172
09;1600;082;6;080
09;1600;083;6;167
09;1600;084;6;093
09;1600;085;6;040
09;1600;086;6;150
09;1600;087;6;125
09;1600;088;6;055
09;1600;089;6;007
09;1600;090;6;162
09;1600;091;6;155
09;1600;092;6;165
09;1600;093;6;176
09;1600;094;6;113
09;1600;095;6;041
09;1600;096;6;005
09;1600;097;6;121
09;1600;098;6;169
09;1600;099;6;070
09;1600;100;6;098
09;1600;101;6;004
09;1600;102;6;133
09;1600;103;6;087
09;1600;104;6;084
09;1600;105;6;173
09;1600;106;6;022
09;1600;107;6;122
09;1600;108;6;119
09;1600;109;6;142
09;1600;110;6;092
09;1600;111;6;014
09;1600;112;6;174
09;1600;113;6;067
09;1600;114;6;149
09;1600;115;6;127
09;1600;116;6;068
09;1600;117;6;062
09;1600;118;6;008
09;1600;119;6;019
09;1600;120;6;085
09;1600;121;6;123
09;1600;122;6;108
09;1600;123;6;138
09;1600;124;6;071
09;1600;125;6;007
09;1600;126;6;105
09;1600;127;6;105
09;2100;001;6;027
09;2100;002;6;027
09;2100;003;6;027
09;2100;004;6;027
09;2100;005;6;027
09;2100;006;6;027
09;2100;007;6;027
09;2100;008;6;027
09;2100;009;6;027
09;2100;010;6;027
09;2100;011;6;027
09;2100;012;6;027
09;2100;013;6;008
09;2100;014;6;008
09;2100;015;6;025
09;2100;016;6;003
09;2100;017;6;006
09;2100;018;6;046
09;2100;019;6;041
09;2100;020;6;014
09;2100;021;6;037
09;2100;022;6;016
09;2100;023;6;007
09;2100;024;6;002
09;2100;025;6;036
09;2100;026;6;058
09;2100;027;6;005
09;2100;028;6;033
09;2100;029;6;053
09;2100;030;6;032
09;2100;031;6;047
09;2100;032;6;013
09;2100;033;6;012
09;2100;034;6;015
09;2100;035;6;001
09;2100;036;6;031
09;2100;037;6;017
09;2100;038;6;023
09;2100;039;6;021
09;2100;040;6;018
09;2100;041;6;022
09;2100;042;6;040
09;2100;043;6;049
09;2100;044;6;043
09;2100;045;6;055
09;2100;046;6;029
09;2100;047;6;028
09;2100;048;6;010
09;2100;049;6;035
09;2100;050;6;009
09;2100;051;6;038
09;2100;052;6;056
09;2100;053;6;054
09;2100;054;6;004
09;2100;055;6;004
09;3500;001;6;061
09;3500;002;6;055
09;3500;003;6;037
09;3500;004;6;016
09;3500;005;6;031
09;3500;006;6;059
09;3500;007;6;064
09;3500;008;6;068
09;3500;009;6;039
09;3500;010;6;023
09;3500;011;6;006
09;3500;012;6;036
09;3500;013;6;030
09;3500;014;6;043
09;3500;015;6;072
09;3500;016;6;062
09;3500;017;6;052
09;3500;018;6;060
09;3500;019;6;051
09;3500;020;6;028
09;3500;021;6;047
09;3500;022;6;048
09;3500;023;6;069
09;3500;024;6;001
09;3500;025;6;038
09;3500;026;6;004
09;3500;027;6;058
09;3500;028;6;040
09;3500;029;6;057
[END]

[MAJ]
09;6;   ;01;;;Пе▓║░ Ки░илов Бе░он и С▓о┐н В║л╖ев Анд░еев;, ;ПКБ+СВА;1003;0;1
09;6;   ;02;;;Пе▓║░ С▓е┤анов С▓о┐нов и Нели Пе▓░ова К│╢кова;, ;ПСС+НПК;11554;2;2
09;6;   ;03;;;Богомил Ангелов Бонев и А▓ана▒ Иванов Желез╖ев;, ;БАБ+АИЖ;7343;0;3
09;6;   ;04;;;Жо░ж Ган╖ев Ган╖ев и Ве▒елин С▓о┐нов Бон╖ев;, ;ЖГГ+ВСБ;1232;0;4
09;6;   ;05;;;Гео░ги Седе┤╖ов П║░ванов и Ангел Иванов Ма░ин;, ;ГСП+АИМ;10220;2;5
09;6;   ;06;;;Рене▓а Иванова Инджова и К░║▒▓╛ Николов Илов;, ;РИИ+КНИ;18568;0;6
[END]

[PROP]
[END]

[LISTI]
[END]

[PROT]
6;09;0200;001;963+3+237+237+1+2+3+8+234;5+78+47+7+63+34
6;09;0200;002;854+3+194+194+3+0+3+0+191;5+90+50+0+33+13
6;09;0200;003;979+4+277+277+0+0+0+4+277;6+109+63+3+68+28
6;09;0200;004;788+0+181+181+0+1+1+0+180;3+78+44+5+23+27
6;09;0200;006;110+5+51+51+3+0+3+0+48;1+18+6+1+4+18
6;09;0200;007;200+3+80+80+0+1+1+0+79;2+31+8+5+7+26
6;09;0200;008;305+2+130+130+0+0+0+3+130;2+24+8+1+9+86
6;09;0200;009;343+3+103+103+0+0+0+0+103;1+16+8+0+3+75
6;09;0200;010;271+3+72+72+0+0+0+3+72;4+18+8+1+3+38
6;09;0200;011;802+2+255+255+0+1+1+3+254;7+81+90+6+29+41
6;09;0200;012;141+4+66+66+0+1+1+0+65;2+3+1+1+5+53
6;09;0200;013;395+5+133+133+0+0+0+0+133;8+59+9+8+7+42
6;09;0200;014;200+5+72+72+0+0+0+0+72;3+33+3+0+12+21
6;09;0200;015;207+5+73+73+0+0+0+0+73;1+9+4+2+3+54
6;09;0200;016;519+2+206+206+0+0+0+2+206;4+89+60+4+11+38
6;09;0200;017;224+3+58+58+0+1+1+0+57;3+14+0+2+11+27
6;09;0200;018;193+2+73+73+0+0+0+0+73;4+52+2+1+1+13
6;09;0200;019;94+4+28+28+2+0+2+0+26;0+12+2+0+4+8
6;09;0200;020;236+5+92+92+0+0+0+0+92;4+31+17+9+20+11
6;09;0200;021;1016+2+488+488+2+3+5+22+483;9+405+35+7+26+1
6;09;0200;022;108+4+70+70+0+0+0+0+70;0+2+4+0+3+61
6;09;0200;023;125+5+63+63+0+0+0+3+63;8+21+3+1+5+25
6;09;0200;024;35+5+33+33+0+0+0+0+33;1+3+2+0+2+25
6;09;0200;025;177+4+37+37+0+0+0+0+37;1+6+7+0+3+20
6;09;0200;026;46+1+28+28+0+0+0+0+28;0+1+0+0+0+27
6;09;0200;027;46+3+21+21+0+0+0+1+21;0+12+2+0+1+6
6;09;0200;028;379+2+110+110+0+1+1+0+109;7+49+9+3+6+35
6;09;0200;029;937+3+273+273+0+0+0+0+273;3+147+48+1+60+14
6;09;0200;030;183+6+52+52+0+1+1+0+51;1+20+4+0+5+21
6;09;0200;031;131+3+65+65+0+0+0+0+65;3+5+4+1+7+45
6;09;0200;032;256+5+73+73+3+0+3+0+70;3+25+7+0+4+31
6;09;0200;033;130+2+69+69+0+0+0+0+69;2+23+18+1+23+2
6;09;0200;034;94+4+53+53+0+0+0+0+53;1+14+4+0+2+32
6;09;0200;035;97+1+21+21+0+0+0+0+21;0+11+3+1+2+4
6;09;0200;036;153+3+84+84+0+0+0+0+84;2+18+15+2+45+2
6;09;0200;037;197+5+107+107+0+0+0+0+107;2+16+4+3+4+78
6;09;0200;038;57+4+21+21+0+0+0+0+21;1+3+1+0+5+11
6;09;0200;039;115+3+67+67+0+0+0+0+67;0+17+1+0+4+45
6;09;0200;040;72+3+39+39+0+0+0+0+39;2+7+4+0+2+24
6;09;0200;041;184+6+111+111+0+2+2+0+109;5+32+18+2+6+46
6;09;0200;042;249+4+100+100+0+3+3+0+97;5+11+20+2+9+50
6;09;0200;043;117+4+57+57+0+0+0+0+57;2+39+6+1+7+2
6;09;0200;044;296+2+52+52+0+0+0+3+52;3+21+7+1+3+17
6;09;0800;001;749+14+261+261+0+3+3+0+258;11+74+52+3+32+86
6;09;0800;002;477+1+144+144+0+0+0+0+144;4+47+14+6+12+61
6;09;0800;003;254+3+87+87+0+0+0+0+87;2+47+9+1+6+22
6;09;0800;004;780+3+242+242+0+0+0+5+242;4+39+22+4+46+127
6;09;0800;005;153+1+67+67+0+0+0+0+67;4+14+1+2+2+44
6;09;0800;006;84+3+43+43+1+0+1+0+42;0+0+1+1+2+38
6;09;0800;007;51+4+36+36+0+0+0+0+36;0+2+2+0+2+30
6;09;0800;008;145+2+73+73+0+0+0+0+73;1+15+10+0+6+41
6;09;0800;009;177+2+98+98+2+2+4+0+94;7+18+27+0+7+35
6;09;0800;010;187+2+84+84+1+0+1+0+83;5+15+9+6+12+36
6;09;0800;011;121+2+49+49+0+0+0+0+49;2+12+5+3+5+22
6;09;0800;012;40+4+24+24+0+0+0+0+24;2+5+2+1+1+13
6;09;0800;013;94+3+63+63+1+1+2+0+61;0+5+1+1+7+47
6;09;0800;014;191+1+106+106+1+0+1+0+105;3+41+4+1+1+55
6;09;0800;015;105+2+69+69+1+0+1+0+68;0+20+1+0+6+41
6;09;0800;016;327+1+198+198+0+0+0+0+198;1+6+2+2+2+185
6;09;0800;017;138+5+56+56+0+0+0+0+56;0+6+7+2+4+37
6;09;0800;018;158+3+57+57+0+0+0+0+57;1+8+3+1+3+41
6;09;0800;019;265+2+132+132+0+0+0+0+132;0+16+3+4+5+104
6;09;0800;020;164+7+93+93+0+0+0+0+93;0+10+3+3+7+70
6;09;0800;021;266+0+107+107+2+1+3+2+104;2+19+7+4+4+68
6;09;0800;022;110+4+38+38+0+0+0+0+38;2+9+5+2+3+17
6;09;0800;023;382+3+171+171+0+1+1+0+170;6+23+6+3+8+124
6;09;0800;024;62+3+32+32+0+1+1+0+31;2+4+2+0+4+19
6;09;0800;025;115+3+52+52+0+0+0+0+52;4+15+3+0+9+21
6;09;0800;026;66+4+38+38+0+0+0+0+38;1+14+2+0+1+20
6;09;0800;027;88+2+46+46+3+0+3+0+43;2+6+1+1+4+29
6;09;0800;028;36+1+25+25+0+0+0+0+25;0+1+0+1+0+23
6;09;0800;029;72+2+36+36+0+0+0+0+36;0+6+1+0+1+28
6;09;0800;030;737+0+175+175+0+1+1+12+174;3+46+16+3+104+2
6;09;0800;031;50+2+26+26+0+0+0+0+26;3+12+2+0+2+7
6;09;0800;032;239+3+143+143+0+1+1+6+142;2+13+1+0+1+125
6;09;0800;033;90+1+56+56+0+0+0+0+56;0+1+1+0+1+53
6;09;0800;034;151+2+91+91+0+0+0+0+91;0+9+2+0+4+76
6;09;0800;035;124+1+80+80+0+0+0+0+80;3+5+6+0+1+65
6;09;0800;036;44+1+18+18+0+0+0+0+18;1+2+1+0+4+10
6;09;0800;037;131+2+77+77+0+1+1+0+76;0+8+1+1+1+65
6;09;0800;038;79+4+29+29+0+0+0+0+29;2+6+3+0+3+15
6;09;1400;001;559+5+226+226+0+0+0+0+226;1+38+74+3+104+6
6;09;1400;002;567+3+271+271+1+1+2+15+269;3+60+115+13+71+7
6;09;1400;003;193+2+195+195+0+1+1+6+194;5+40+52+15+71+11
6;09;1400;004;143+2+78+78+0+0+0+0+78;2+9+16+4+42+5
6;09;1400;005;265+4+151+151+0+1+1+0+150;1+11+17+3+115+3
6;09;1400;006;341+2+136+136+0+0+0+0+136;0+20+28+3+83+2
6;09;1400;007;347+2+183+183+0+0+0+0+183;1+18+48+6+103+7
6;09;1400;008;127+3+73+73+0+0+0+0+73;0+33+1+0+8+31
6;09;1400;009;164+6+105+105+7+0+7+0+98;0+48+3+2+20+25
6;09;1400;010;419+0+174+174+0+0+0+0+174;2+40+36+11+75+10
6;09;1400;011;553+0+151+151+0+0+0+6+151;4+41+54+4+36+12
6;09;1400;012;785+1+177+177+0+0+0+0+177;1+65+34+6+53+18
6;09;1400;013;103+3+66+66+1+0+1+0+65;2+4+24+2+28+5
6;09;1400;014;361+1+162+162+0+0+0+0+162;0+32+30+1+95+4
6;09;1400;015;86+0+58+58+2+0+2+0+56;1+13+9+2+31+0
6;09;1400;016;322+2+157+157+1+0+1+0+156;2+67+29+7+45+6
6;09;1400;017;293+1+92+92+0+0+0+0+92;1+15+37+12+23+4
6;09;1400;018;613+3+262+262+1+1+2+0+260;1+45+56+10+115+33
6;09;1400;019;457+2+174+174+0+0+0+0+174;2+28+32+11+53+48
6;09;1400;020;263+1+67+67+1+2+3+0+64;1+14+12+1+20+16
6;09;1400;021;209+2+55+55+0+0+0+0+55;2+16+7+0+4+26
6;09;1400;022;251+1+71+71+0+0+0+0+71;1+3+5+1+2+59
6;09;1400;023;103+3+73+73+0+0+0+0+73;0+3+2+1+0+67
6;09;1400;024;236+3+88+88+0+0+0+0+88;5+5+10+1+4+63
6;09;1400;025;64+0+37+37+0+0+0+0+37;0+9+2+1+0+25
6;09;1400;026;79+2+46+46+0+0+0+0+46;0+5+1+0+8+32
6;09;1400;027;62+1+36+36+0+0+0+0+36;0+2+1+0+0+33
6;09;1400;028;234+0+75+75+0+0+0+0+75;2+14+2+1+1+55
6;09;1400;029;287+1+137+137+0+0+0+0+137;0+13+3+3+17+101
6;09;1400;030;177+1+73+73+0+1+1+0+72;1+9+0+2+2+58
6;09;1400;031;292+3+165+165+0+0+0+0+165;2+23+4+2+11+123
6;09;1400;032;235+2+114+114+0+0+0+0+114;1+51+5+2+5+50
6;09;1400;033;424+6+430+430+22+1+23+0+407;2+26+2+1+7+369
6;09;1400;034;506+0+196+196+0+0+0+0+196;3+48+52+12+79+2
6;09;1400;035;548+0+145+145+0+1+1+0+144;8+36+44+10+44+2
6;09;1400;036;178+1+102+102+0+1+1+0+101;3+14+2+3+1+78
6;09;1400;037;280+3+162+162+0+0+0+0+162;0+20+3+4+3+132
6;09;1400;038;321+4+117+117+1+0+1+0+116;4+15+4+4+13+76
6;09;1400;039;273+2+145+145+0+0+0+0+145;1+9+4+1+3+127
6;09;1400;040;273+2+144+144+0+0+0+0+144;2+7+0+1+8+126
6;09;1400;041;187+6+87+87+0+0+0+0+87;1+25+3+5+8+45
6;09;1400;042;485+4+172+172+0+0+0+1+172;1+16+4+6+13+132
6;09;1400;043;472+2+140+140+0+5+5+0+135;0+16+11+1+8+99
6;09;1400;044;189+5+101+101+0+0+0+0+101;3+7+5+6+12+68
6;09;1400;045;360+2+226+226+0+0+0+0+226;0+13+5+0+9+199
6;09;1400;046;347+2+172+172+0+0+0+0+172;1+10+7+0+15+139
6;09;1400;047;344+3+138+138+3+0+3+0+135;0+27+5+2+7+94
6;09;1400;048;264+0+120+120+0+0+0+0+120;2+9+9+1+9+90
6;09;1400;049;85+4+42+42+0+0+0+0+42;2+4+1+5+15+15
6;09;1400;050;89+1+32+32+0+0+0+0+32;1+4+2+3+2+20
6;09;1400;051;294+2+125+125+0+1+1+1+124;5+38+4+2+7+68
6;09;1400;052;226+2+66+66+0+0+0+0+66;0+6+0+0+5+55
6;09;1400;053;121+4+66+66+1+0+1+0+65;0+4+6+0+7+48
6;09;1400;054;140+3+76+76+0+1+1+0+75;1+14+1+2+7+50
6;09;1400;055;211+3+113+113+0+0+0+0+113;1+11+4+0+8+89
6;09;1400;056;287+3+136+136+0+3+3+3+133;1+14+4+1+7+106
6;09;1400;057;735+5+243+243+0+0+0+0+243;5+41+36+13+68+80
6;09;1400;058;282+2+111+111+1+1+2+0+109;0+8+5+4+1+91
6;09;1400;059;146+3+55+55+0+0+0+0+55;0+17+2+2+5+29
6;09;1400;060;471+2+114+114+0+0+0+0+114;1+9+5+3+5+91
6;09;1400;061;288+3+138+138+1+0+1+4+137;1+13+28+3+86+6
6;09;1400;062;160+2+82+82+0+0+0+0+82;0+16+19+6+31+10
6;09;1400;063;188+2+79+79+0+0+0+0+79;0+33+3+0+8+35
6;09;1400;064;291+3+112+112+0+0+0+0+112;2+40+1+0+3+66
6;09;1400;065;596+0+176+176+0+0+0+0+176;5+55+22+17+60+17
6;09;1400;066;679+0+191+191+0+0+0+0+191;2+51+26+13+94+5
6;09;1500;001;832+3+164+164+0+0+0+0+164;1+53+46+0+25+39
6;09;1500;002;924+55+251+251+0+0+0+5+251;1+62+67+2+94+25
6;09;1500;003;730+0+265+265+0+1+1+0+264;2+33+53+3+163+10
6;09;1500;004;779+0+294+294+0+0+0+0+294;0+31+61+3+183+16
6;09;1500;005;764+1+217+217+0+0+0+15+217;3+36+49+2+99+28
6;09;1500;006;593+4+120+120+0+0+0+3+120;0+43+20+2+27+28
6;09;1500;007;112+3+25+25+0+0+0+0+25;0+6+1+1+2+15
6;09;1500;008;167+2+49+49+0+0+0+0+49;1+18+1+6+2+21
6;09;1500;009;316+3+88+88+2+3+5+0+83;0+23+9+7+10+34
6;09;1500;010;83+1+29+29+0+0+0+0+29;0+2+2+1+5+19
6;09;1500;011;503+4+105+105+2+0+2+0+103;7+36+11+3+6+40
6;09;1500;012;148+2+54+54+0+0+0+0+54;1+6+0+3+3+41
6;09;1500;013;81+0+26+26+1+0+1+0+25;1+6+0+0+3+15
6;09;1500;014;805+2+158+158+2+0+2+0+156;1+50+29+5+12+59
6;09;1500;015;96+2+36+36+0+3+3+0+33;0+4+0+0+1+28
6;09;1500;016;128+5+46+46+0+0+0+0+46;1+10+1+1+1+32
6;09;1500;017;223+3+93+93+0+1+1+0+92;4+27+4+8+8+41
6;09;1500;018;114+3+40+40+0+0+0+0+40;0+3+1+0+1+35
6;09;1500;019;123+4+58+58+2+0+2+4+56;1+17+0+2+3+33
6;09;1500;020;259+2+84+84+1+1+2+2+82;2+16+2+0+7+55
6;09;1500;021;267+4+110+110+0+0+0+0+110;6+40+10+6+7+41
6;09;1500;022;455+3+106+106+2+0+2+0+104;1+14+2+0+6+81
6;09;1500;023;271+4+112+112+0+0+0+2+112;1+13+7+3+2+86
6;09;1500;024;98+2+39+39+0+0+0+0+39;5+9+10+3+4+8
6;09;1500;025;305+5+82+82+0+0+0+0+82;1+13+8+5+6+49
6;09;1500;026;380+4+142+142+2+2+4+5+138;4+30+4+2+2+96
6;09;1500;027;264+2+69+69+0+0+0+5+69;4+29+7+1+7+21
6;09;1500;028;84+2+41+41+0+0+0+0+41;0+9+2+2+3+25
6;09;1500;029;159+5+77+77+0+0+0+0+77;1+5+2+1+3+65
6;09;1500;030;221+4+63+63+0+0+0+0+63;1+13+1+0+2+46
6;09;1500;031;134+3+48+48+0+0+0+0+48;0+4+2+0+1+41
6;09;1500;032;126+1+102+102+0+0+0+0+102;0+2+3+0+3+94
6;09;1500;033;113+3+51+51+0+0+0+0+51;0+12+5+2+8+24
6;09;1500;034;231+3+115+115+3+4+7+5+108;15+31+7+9+7+39
6;09;1500;035;291+2+85+85+0+0+0+0+85;0+6+2+0+8+69
6;09;1500;036;350+5+96+96+0+1+1+5+95;1+41+5+2+6+40
6;09;1500;037;70+3+36+36+0+0+0+0+36;2+0+4+0+2+28
6;09;1500;038;80+3+37+37+0+0+0+0+37;0+3+0+1+1+32
6;09;1500;039;64+5+40+40+0+1+1+0+39;0+4+0+2+1+32
6;09;1500;040;78+21+40+40+0+0+0+0+40;0+1+1+0+3+35
6;09;1500;041;77+4+28+28+0+0+0+0+28;0+2+1+0+2+23
6;09;1500;042;217+1+57+57+0+0+0+2+57;2+15+1+2+2+35
6;09;1500;043;373+3+173+173+0+2+2+1+171;3+15+5+6+15+127
6;09;1500;044;110+3+65+65+0+1+1+0+64;2+10+3+0+9+40
6;09;1500;045;72+3+34+34+0+0+0+0+34;0+1+1+0+6+26
6;09;1500;046;36+2+15+15+0+0+0+0+15;0+0+1+0+3+11
6;09;1500;047;435+5+138+138+0+0+0+3+138;9+25+7+5+4+88
6;09;1500;048;158+3+79+79+0+0+0+0+79;0+9+4+1+4+61
6;09;1500;049;143+2+83+83+0+0+0+4+83;1+9+0+2+6+65
6;09;1500;050;61+2+45+45+0+0+0+0+45;0+1+1+3+4+36
6;09;1500;051;72+2+36+36+1+0+1+0+35;0+4+0+0+5+26
6;09;1500;052;253+4+104+104+0+0+0+0+104;0+6+1+1+3+93
6;09;1500;053;80+2+33+33+0+0+0+0+33;0+5+2+1+2+23
6;09;1500;054;94+2+27+27+0+0+0+1+27;0+2+0+0+3+22
6;09;1500;055;113+3+55+55+0+0+0+0+55;0+3+1+0+1+50
6;09;1500;056;116+0+34+34+0+0+0+0+34;2+19+3+1+5+4
6;09;1500;057;461+3+222+222+1+0+1+6+221;3+58+63+12+78+7
6;09;1500;058;332+1+160+160+0+1+1+0+159;4+77+33+4+35+6
6;09;1500;059;258+2+260+260+0+1+1+5+259;3+92+62+17+78+7
6;09;1500;060;242+1+100+100+0+0+0+0+100;0+39+30+5+17+9
6;09;1500;061;132+1+52+52+1+0+1+0+51;0+5+12+3+23+8
6;09;1500;062;148+0+61+61+0+0+0+0+61;3+13+9+2+21+13
6;09;1500;063;693+0+240+240+0+0+0+0+240;6+74+100+13+39+8
6;09;1500;064;409+2+213+213+0+0+0+6+213;5+70+34+15+75+14
6;09;1500;065;67+1+32+32+0+0+0+4+32;3+12+1+2+3+11
6;09;1500;066;34+1+18+18+0+0+0+0+18;1+1+0+0+0+16
6;09;1500;067;42+1+20+20+0+0+0+0+20;0+1+0+0+1+18
6;09;1500;068;145+0+92+92+0+0+0+0+92;1+46+9+3+22+11
6;09;1500;069;564+3+125+125+0+0+0+0+125;11+58+13+6+16+21
6;09;1600;001;679+1+230+230+3+1+4+0+226;2+61+58+5+88+12
6;09;1600;002;755+0+172+172+0+1+1+3+171;10+59+35+5+47+15
6;09;1600;003;521+0+125+125+1+0+1+3+124;1+42+28+1+46+6
6;09;1600;004;635+0+169+169+0+2+2+7+167;2+45+53+8+48+11
6;09;1600;005;563+1+195+195+0+0+0+0+195;0+31+49+4+98+13
6;09;1600;006;780+0+163+163+1+7+8+10+155;7+83+22+7+17+19
6;09;1600;007;486+0+102+102+0+0+0+10+102;3+74+8+3+4+10
6;09;1600;008;630+1+92+92+1+0+1+4+91;5+52+7+7+12+8
6;09;1600;009;538+0+87+87+1+2+3+12+84;5+45+8+3+17+6
6;09;1600;010;390+1+139+139+0+0+0+4+139;1+38+39+3+50+8
6;09;1600;011;588+0+217+217+0+2+2+9+215;0+54+65+5+82+9
6;09;1600;012;641+0+304+304+0+0+0+10+304;0+89+82+4+121+8
6;09;1600;013;753+1+339+339+0+0+0+18+339;2+96+89+5+126+21
6;09;1600;014;626+4+294+294+0+0+0+0+294;1+76+60+7+146+4
6;09;1600;015;623+2+244+244+1+0+1+10+243;0+55+82+2+98+6
6;09;1600;016;518+0+145+145+0+1+1+7+144;1+27+34+1+66+15
6;09;1600;017;601+0+265+265+0+0+0+0+265;0+59+49+4+146+7
6;09;1600;018;711+2+300+300+0+0+0+20+300;1+89+78+2+125+5
6;09;1600;019;619+2+279+279+0+0+0+17+279;0+68+77+6+121+7
6;09;1600;020;637+0+273+273+0+0+0+3+273;2+73+79+7+102+10
6;09;1600;021;508+0+242+242+2+0+2+0+240;6+55+58+3+109+9
6;09;1600;022;726+1+308+308+0+1+1+0+307;1+55+75+5+165+6
6;09;1600;023;766+1+352+352+0+0+0+0+352;0+76+80+7+176+13
6;09;1600;024;356+1+357+357+0+1+1+27+356;2+64+101+6+178+6
6;09;1600;025;706+1+283+283+0+0+0+19+283;0+56+80+6+130+11
6;09;1600;026;751+0+293+293+2+0+2+9+291;1+44+95+4+142+5
6;09;1600;027;599+0+263+263+0+0+0+20+263;1+38+77+4+138+5
6;09;1600;028;550+1+224+224+3+0+3+10+221;1+30+58+6+109+17
6;09;1600;029;524+0+219+219+0+0+0+8+219;1+44+62+4+102+6
6;09;1600;030;466+0+109+109+2+0+2+5+107;1+7+35+4+37+23
6;09;1600;031;694+0+202+202+0+0+0+15+202;2+40+73+1+77+9
6;09;1600;032;580+0+198+198+0+1+1+9+197;1+35+68+3+83+7
6;09;1600;033;661+0+191+191+0+0+0+0+191;1+43+58+2+75+12
6;09;1600;034;624+1+161+161+0+0+0+0+161;1+37+38+3+78+4
6;09;1600;035;700+0+236+236+0+0+0+8+236;3+35+59+2+121+16
6;09;1600;036;463+0+196+196+0+0+0+15+196;0+38+48+2+106+2
6;09;1600;037;551+0+149+149+0+0+0+10+149;0+28+46+2+71+2
6;09;1600;038;631+1+254+254+1+0+1+7+253;4+30+86+5+123+5
6;09;1600;039;609+2+159+159+0+0+0+0+159;1+29+57+4+55+13
6;09;1600;040;753+1+134+134+0+0+0+4+134;0+24+36+6+59+9
6;09;1600;041;553+1+182+182+0+0+0+7+182;1+30+49+3+88+11
6;09;1600;042;779+0+242+242+0+0+0+0+242;2+33+39+11+134+23
6;09;1600;043;908+0+251+251+0+0+0+0+251;2+38+58+3+127+23
6;09;1600;044;744+0+133+133+2+2+4+1+129;0+29+56+1+34+9
6;09;1600;045;889+1+177+177+0+1+1+0+176;1+58+55+5+51+6
6;09;1600;046;1001+0+214+214+0+0+0+7+214;2+62+71+5+60+14
6;09;1600;047;940+0+175+175+0+0+0+4+175;3+51+51+1+42+27
6;09;1600;048;781+1+131+131+1+1+2+3+129;1+46+35+0+38+9
6;09;1600;049;740+0+135+135+0+0+0+4+135;2+21+42+4+54+12
6;09;1600;050;809+2+141+141+0+0+0+3+141;1+34+61+1+33+11
6;09;1600;051;929+1+229+229+0+0+0+5+229;2+44+67+3+90+23
6;09;1600;052;794+0+136+136+0+1+1+4+135;1+31+41+1+42+19
6;09;1600;053;893+1+215+215+0+0+0+4+215;4+63+60+10+58+20
6;09;1600;054;887+1+172+172+0+0+0+4+172;1+51+56+6+44+14
6;09;1600;055;646+0+73+73+0+0+0+0+73;1+20+20+3+16+13
6;09;1600;056;919+3+176+176+1+2+3+0+173;2+46+50+4+60+11
6;09;1600;057;552+1+79+79+0+1+1+1+78;1+30+25+3+11+8
6;09;1600;058;826+1+138+138+1+0+1+0+137;2+51+34+0+25+25
6;09;1600;059;707+0+89+89+0+1+1+0+88;0+20+25+3+26+14
6;09;1600;060;725+1+95+95+1+0+1+0+94;0+29+30+5+22+8
6;09;1600;061;552+1+61+61+0+2+2+4+59;1+23+11+2+10+12
6;09;1600;062;699+2+84+84+0+0+0+0+84;1+28+2+5+11+37
6;09;1600;063;271+1+76+76+1+0+1+3+75;0+4+1+1+2+67
6;09;1600;064;500+5+149+149+0+3+3+3+146;3+24+42+10+45+22
6;09;1600;065;247+5+93+93+0+0+0+0+93;6+16+4+1+4+62
6;09;1600;066;670+4+119+119+0+1+1+0+118;5+29+21+5+13+45
6;09;1600;067;541+3+102+102+0+0+0+0+102;1+35+10+4+8+44
6;09;1600;068;409+4+137+137+8+0+8+10+129;9+17+9+6+6+82
6;09;1600;069;239+1+240+240+0+1+1+0+239;4+31+10+2+16+176
6;09;1600;070;521+3+194+194+1+0+1+0+193;9+27+7+2+10+138
6;09;1600;071;109+5+41+41+0+0+0+0+41;0+5+1+0+4+31
6;09;1600;072;220+2+113+113+0+2+2+6+111;0+13+6+3+2+87
6;09;1600;073;405+9+119+119+0+3+3+0+116;5+27+8+1+10+65
6;09;1600;074;287+4+70+70+0+2+2+0+68;5+14+6+3+4+36
6;09;1600;075;103+3+4+13+0+1+1+0+12;2+1+4+1+1+3
6;09;1600;076;594+2+190+190+0+8+8+0+182;7+60+23+4+12+76
6;09;1600;077;633+4+207+207+2+1+3+17+204;5+107+9+7+14+62
6;09;1600;078;139+5+77+77+0+0+0+2+77;1+11+4+3+4+54
6;09;1600;079;98+4+102+102+0+5+5+3+97;2+7+2+2+6+78
6;09;1600;080;485+3+136+136+1+2+3+0+133;1+32+5+6+10+79
6;09;1600;081;475+4+150+150+0+0+0+0+150;0+19+9+1+10+111
6;09;1600;082;184+5+74+74+0+1+1+0+73;1+25+17+1+13+16
6;09;1600;083;215+5+56+56+0+1+1+2+55;7+6+2+0+3+37
6;09;1600;084;482+6+151+151+0+0+0+3+151;1+14+8+6+5+117
6;09;1600;085;207+3+117+117+0+1+1+8+116;3+5+3+2+6+97
6;09;1600;086;315+5+94+94+0+3+3+2+91;2+13+5+3+8+60
6;09;1600;087;152+1+72+72+1+0+1+0+71;0+11+0+1+6+53
6;09;1600;088;160+6+78+78+0+0+0+0+78;2+11+9+6+10+40
6;09;1600;089;160+3+59+59+0+0+0+0+59;0+6+2+1+0+50
6;09;1600;090;537+2+215+215+1+4+5+3+210;1+35+8+3+13+150
6;09;1600;091;242+5+123+123+0+2+2+0+121;2+10+10+2+4+93
6;09;1600;092;495+5+167+167+0+0+0+0+167;10+101+12+3+1+40
6;09;1600;093;138+5+138+138+0+4+4+4+134;8+52+10+9+9+46
6;09;1600;094;295+4+95+95+1+1+2+6+93;3+32+22+2+3+31
6;09;1600;095;378+4+170+170+0+1+1+5+169;5+14+5+6+8+131
6;09;1600;096;376+3+125+125+0+0+0+0+125;2+14+3+5+3+98
6;09;1600;097;620+2+182+182+0+2+2+0+180;1+44+9+11+31+84
6;09;1600;098;274+2+98+98+0+0+0+0+98;0+13+11+1+13+60
6;09;1600;099;527+3+220+220+0+3+3+0+217;8+30+12+14+9+144
6;09;1600;100;144+4+85+85+0+0+0+5+85;0+8+2+1+4+70
6;09;1600;101;252+3+162+162+0+2+2+0+160;3+19+2+3+8+125
6;09;1600;102;460+3+191+191+0+0+0+7+191;1+13+9+2+8+158
6;09;1600;103;100+2+54+54+0+0+0+0+54;0+1+6+0+6+41
6;09;1600;104;425+3+208+208+9+3+12+7+196;7+19+12+1+7+150
6;09;1600;105;291+4+112+112+1+3+4+7+108;1+26+11+3+36+31
6;09;1600;106;191+4+92+92+0+2+2+4+90;2+4+3+1+6+74
6;09;1600;107;261+4+146+146+0+0+0+0+146;1+14+9+2+4+116
6;09;1600;108;429+4+204+204+1+1+2+0+202;7+84+28+4+34+45
6;09;1600;109;197+3+65+65+0+1+1+0+64;3+18+2+2+16+23
6;09;1600;110;280+2+130+130+0+1+1+4+129;4+32+4+2+10+77
6;09;1600;111;185+4+102+102+0+0+0+0+102;0+20+3+2+9+68
6;09;1600;112;723+4+221+221+2+5+7+0+214;5+23+11+2+8+165
6;09;1600;113;402+4+135+135+1+0+1+0+134;5+11+6+4+6+102
6;09;1600;114;299+4+136+136+0+1+1+0+135;1+14+7+1+6+106
6;09;1600;115;186+5+92+92+0+0+0+0+92;4+11+3+1+8+65
6;09;1600;116;177+4+81+81+2+1+3+0+78;6+29+3+3+7+30
6;09;1600;117;323+2+116+116+0+2+2+0+114;2+24+5+4+5+74
6;09;1600;118;432+4+187+187+1+1+2+5+185;3+38+7+4+8+125
6;09;1600;119;133+5+67+67+0+0+0+0+67;2+14+0+2+10+39
6;09;1600;120;296+5+145+145+3+0+3+0+142;4+13+5+1+7+112
6;09;1600;121;126+1+60+60+0+0+0+0+60;1+4+0+0+1+54
6;09;1600;122;141+2+69+69+0+2+2+5+67;1+25+1+0+4+36
6;09;1600;123;93+4+47+47+0+0+0+1+47;3+17+1+1+4+21
6;09;1600;124;291+1+71+71+0+0+0+0+71;2+22+0+1+2+44
6;09;1600;125;177+4+62+62+0+0+0+3+62;2+7+2+2+4+45
6;09;1600;126;42+1+16+16+0+0+0+0+16;1+5+0+1+7+2
6;09;1600;127;81+1+82+82+1+1+2+4+81;7+34+11+8+13+8
6;09;2100;001;928+1+284+284+0+3+3+0+281;11+94+54+10+99+13
6;09;2100;002;772+1+108+108+0+1+1+0+107;0+40+11+1+22+33
6;09;2100;003;694+1+117+117+0+0+0+4+117;1+30+31+1+32+22
6;09;2100;004;1053+1+140+140+0+0+0+3+140;7+38+34+0+38+23
6;09;2100;005;990+0+178+178+0+0+0+2+178;1+34+51+4+38+50
6;09;2100;006;956+0+77+77+0+3+3+0+74;2+21+12+0+7+32
6;09;2100;007;1112+1+98+98+0+4+4+0+94;3+32+23+3+13+20
6;09;2100;008;930+0+129+129+0+1+1+2+128;4+42+41+1+21+19
6;09;2100;009;892+3+132+132+0+0+0+0+132;0+41+43+2+32+14
6;09;2100;010;773+0+156+156+2+4+6+0+150;5+42+34+6+32+31
6;09;2100;011;951+1+153+153+1+5+6+5+147;8+78+19+6+6+30
6;09;2100;012;41+0+23+23+0+0+0+2+23;1+12+2+0+4+4
6;09;2100;013;622+1+184+184+12+3+15+3+169;5+58+26+5+6+69
6;09;2100;014;127+4+9+9+0+0+0+0+9;0+3+3+0+2+1
6;09;2100;015;84+3+45+45+0+0+0+3+45;0+3+1+1+6+34
6;09;2100;016;104+5+36+36+0+0+0+0+36;1+11+9+0+6+9
6;09;2100;017;130+4+66+66+4+1+5+1+61;6+26+6+8+7+8
6;09;2100;018;171+3+62+62+0+0+0+0+62;5+37+6+0+3+11
6;09;2100;019;67+6+24+24+0+0+0+0+24;0+1+1+1+3+18
6;09;2100;020;157+5+71+71+0+0+0+2+71;3+20+7+7+10+24
6;09;2100;021;298+2+71+71+0+0+0+0+71;10+13+4+0+6+38
6;09;2100;022;48+3+20+20+0+0+0+0+20;1+11+2+0+2+4
6;09;2100;023;102+3+35+35+0+0+0+0+35;3+16+3+2+8+3
6;09;2100;024;157+4+59+59+0+2+2+1+57;5+23+3+3+5+18
6;09;2100;025;309+5+94+94+1+2+3+0+91;3+44+15+1+13+15
6;09;2100;026;209+5+88+88+0+2+2+0+86;7+33+6+13+7+20
6;09;2100;027;176+3+59+59+0+0+0+0+59;1+21+2+4+9+22
6;09;2100;028;58+4+29+29+0+0+0+0+29;1+14+5+0+6+3
6;09;2100;029;420+1+105+105+0+1+1+0+104;4+26+5+1+3+65
6;09;2100;030;122+3+43+43+0+0+0+0+43;2+19+4+3+3+12
6;09;2100;031;44+5+28+28+0+0+0+0+28;0+8+1+0+2+17
6;09;2100;032;33+3+25+25+0+0+0+0+25;1+12+6+0+2+4
6;09;2100;033;290+3+85+85+0+2+2+3+83;5+44+7+2+12+13
6;09;2100;034;498+4+183+183+6+0+6+0+177;17+42+25+8+13+72
6;09;2100;035;246+4+109+109+2+6+8+0+101;9+50+7+5+10+20
6;09;2100;036;199+5+43+43+0+1+1+0+42;0+8+4+1+3+26
6;09;2100;037;317+4+82+82+0+0+0+4+82;1+19+4+2+9+47
6;09;2100;038;269+4+90+90+0+1+1+3+89;1+10+3+1+3+71
6;09;2100;039;117+2+66+66+0+0+0+0+66;0+7+0+0+2+57
6;09;2100;040;340+4+107+107+0+0+0+0+107;7+25+4+2+5+64
6;09;2100;041;78+3+26+26+1+0+1+0+25;5+6+3+2+6+3
6;09;2100;042;51+3+19+19+0+0+0+0+19;2+2+4+2+3+6
6;09;2100;043;373+3+108+108+0+1+1+0+107;4+33+4+4+4+58
6;09;2100;044;239+6+90+90+0+0+0+0+90;4+26+16+9+19+16
6;09;2100;045;249+3+96+96+1+0+1+2+95;1+11+5+0+4+74
6;09;2100;046;439+3+116+116+0+0+0+0+116;11+24+6+3+16+56
6;09;2100;047;444+6+109+109+0+2+2+0+107;8+26+7+9+17+40
6;09;2100;048;160+1+59+59+0+1+1+0+58;3+24+3+2+5+21
6;09;2100;049;244+2+107+107+0+0+0+0+107;7+77+10+2+6+5
6;09;2100;050;124+4+51+51+0+0+0+0+51;2+7+3+4+2+33
6;09;2100;051;334+5+112+112+0+1+1+0+111;6+55+5+2+11+32
6;09;2100;052;273+3+105+105+1+1+2+0+103;7+47+12+9+14+14
6;09;2100;053;127+2+44+44+0+0+0+0+44;2+29+7+0+2+4
6;09;2100;054;145+0+66+66+0+0+0+0+66;5+20+9+0+2+30
6;09;2100;055;146+5+76+76+2+0+2+4+74;4+12+1+5+13+39
6;09;3500;001;325+5+108+108+0+0+0+0+108;3+18+21+0+3+63
6;09;3500;002;697+2+137+137+0+0+0+6+137;4+22+10+1+7+93
6;09;3500;003;179+2+94+94+1+0+1+0+93;2+4+2+2+2+81
6;09;3500;004;83+2+83+83+0+0+0+0+83;0+9+7+2+0+65
6;09;3500;005;309+2+96+96+0+0+0+0+96;1+10+3+0+2+80
6;09;3500;006;76+2+76+76+0+0+0+0+76;1+14+0+0+6+55
6;09;3500;007;274+2+88+88+0+3+3+5+85;3+7+3+3+2+67
6;09;3500;008;247+2+78+78+0+0+0+3+78;2+15+5+3+1+52
6;09;3500;009;226+2+92+92+0+0+0+0+92;0+4+1+2+2+83
6;09;3500;010;232+3+127+127+0+0+0+0+127;0+6+3+1+1+116
6;09;3500;011;465+2+266+266+0+0+0+15+266;2+10+4+2+5+243
6;09;3500;012;354+4+122+122+0+0+0+0+122;5+7+9+2+1+98
6;09;3500;013;354+2+155+155+0+0+0+0+155;1+17+8+1+6+122
6;09;3500;014;211+3+74+74+0+0+0+0+74;2+14+3+1+2+52
6;09;3500;015;183+2+71+71+2+0+2+3+69;1+14+3+1+3+47
6;09;3500;016;154+5+129+129+0+0+0+14+129;2+9+24+6+86+2
6;09;3500;017;434+3+246+246+3+0+3+0+243;0+34+4+0+6+199
6;09;3500;018;224+6+116+116+0+1+1+2+115;7+19+9+2+14+64
6;09;3500;019;575+4+179+179+0+0+0+3+179;2+20+9+3+8+137
6;09;3500;020;621+3+260+260+0+0+0+0+260;1+42+17+2+2+196
6;09;3500;021;726+3+210+210+0+1+1+0+209;2+46+11+2+34+114
6;09;3500;022;354+4+98+98+0+1+1+0+97;3+37+4+1+16+36
6;09;3500;023;210+1+70+70+0+0+0+4+70;4+13+1+4+12+36
6;09;3500;024;130+0+55+55+0+0+0+0+55;2+13+5+0+8+27
6;09;3500;025;250+0+70+70+0+0+0+0+70;1+10+4+0+11+44
6;09;3500;026;95+1+60+60+0+0+0+0+60;0+13+5+0+0+42
6;09;3500;027;433+2+166+166+0+0+0+0+166;2+25+24+0+5+110
6;09;3500;028;170+3+75+75+0+0+0+0+75;2+5+5+0+2+61
6;09;3500;029;117+1+78+78+0+0+0+0+78;1+9+0+0+0+68
[END]

[AGGR]
09;6;   ;6+427+427+147779+1144+50332+50341+189+234+423+788+49919;1003+11554+7343+1232+10220+18568
[END]

