[INFO]
10;К╛▒▓ендил;201
[END]

[IZB]
10;6;   ;;11.11.2001;1;6;305
[END]

[NM]
1004;001;▒. Бабино;02049;00
1004;002;▒. Бабин▒ка ░ека;02052;00
1004;003;▒. Бла▓о;04371;00
1004;004;г░. Бобов дол;04501;00
1004;005;▒. Голема Ф│╖а;15446;00
1004;006;▒. Голем В║░бовник;15457;00
1004;007;▒. Големо ▒ело;15535;00
1004;008;▒. Го░на Козни╢а;16242;00
1004;009;▒. Доли▒▓ово;21974;00
1004;010;▒. Ко░кина;38635;00
1004;012;▒. Мала Ф│╖а;46262;00
1004;013;▒. Мали В║░бовник;46317;00
1004;014;▒. Мало ▒ело;46824;00
1004;015;▒. Мламолово;48711;00
1004;016;▒. Ново▒ел┐не;52297;00
1004;017;▒. Пан╖а░ево;55364;00
1004;018;▒. Ша▓░ово;83082;00
1005;001;▒. Бадино;02172;00
1005;002;▒. Блажиево;04314;00
1005;003;г░. Бобо╕ево;04532;00
1005;004;▒. Ви▒ока могила;11232;00
1005;005;▒. В│ково;12351;00
1005;006;▒. Доб░ово;21565;00
1005;007;▒. Каменик;35804;00
1005;008;▒. Ск░ино;66888;00
1005;009;▒. Сла▓ино;67252;00
1005;010;▒. Сопово;68062;00
1005;011;▒. У▒ойка;75174;00
1005;012;▒. Циклово;78495;00
1027;001;▒. Ба░аково;02748;00
1027;002;▒. Бо░ове╢;05565;00
1027;003;▒. Б│░аново;07065;00
1027;004;▒. Д░агодан;23323;00
1027;005;г░. Ко╖е░иново;39116;00
1027;006;▒. К░│мово;39997;00
1027;007;▒. М│░▒алево;49360;00
1027;008;м. О░еви╢а;;00
1027;009;▒. По░оминово;57830;00
1027;010;▒. С▓об;69261;00
1027;011;▒. Ф░оло╕;76180;00
1027;012;▒. Ц║░ви╣е;78625;00
1029;001;▒. Баг░ен╢и;02138;00
1029;002;▒. Бе░▒ин;03962;00
1029;003;▒. Бла▓е╢;04323;00
1029;004;▒. Бобе╕ино;04491;00
1029;005;▒. Бого▒лов;04796;00
1029;006;▒. Б│ново;07048;00
1029;007;▒. В░а▓╢а;48355;00
1029;008;▒. Ги░╖ев╢и;14917;00
1029;009;▒. Го░анов╢и;16026;00
1029;010;▒. Го░на Б░е▒▓ни╢а;16141;00
1029;011;▒. Го░на Г░а╣и╢а;16198;00
1029;012;▒. Го░но Уйно;16995;00
1029;013;▒. Г░амаждано;17680;00
1029;015;▒. Г░ани╢а;17751;00
1029;016;▒. Г│░банов╢и;18112;00
1029;017;▒. Г║░бино;18318;00
1029;018;▒. Г║░л┐но;18352;00
1029;020;▒. Г╛е╕ево;18455;00
1029;021;▒. Дво░и╣е;20208;00
1029;022;▒. Дождеви╢а;21782;00
1029;023;▒. Долна Г░а╣и╢а;22071;00
1029;024;▒. Долно ▒ело;22811;00
1029;026;▒. Долно Уйно;22862;00
1029;027;▒. Д░агови╣и╢а;23282;00
1029;028;▒. Жабок░║▓;29026;00
1029;029;▒. Же░авино;29266;00
1029;030;▒. Жилен╢и;29386;00
1029;031;▒. Иванов╢и;32144;00
1029;033;▒. Камени╖ка Скакави╢а;35835;00
1029;034;▒. Ка▓░и╣е;36659;00
1029;035;▒. Кон┐во;38432;00
1029;036;▒. Копилов╢и;38474;00
1029;039;▒. Коп░ива;38515;00
1029;040;▒. К│▓│ге░╢и;40765;00
1029;041;г░. К╛▒▓ендил;41112;00
1029;043;▒. К║░╕алево;40991;00
1029;044;▒. Лелин╢и;43267;00
1029;045;▒. Ли▒е╢;43815;00
1029;046;▒. Лозно;44183;00
1029;047;▒. Ломни╢а;44255;00
1029;048;▒. Маза░а╖ево;46108;00
1029;049;▒. Николи╖ев╢и;52400;00
1029;050;▒. Нови ╖и┤лик;52026;00
1029;052;▒. Ново ▒ело;52194;00
1029;053;▒. Пипе░ков ╖и┤лик;56378;00
1029;054;▒. Поле▓ин╢и;57188;00
1029;056;▒. Пол▒ка Скакави╢а;57319;00
1029;057;▒. П░еколни╢а;58129;00
1029;058;▒. Радлов╢и;61457;00
1029;059;▒. Ранен╢и;62181;00
1029;060;▒. Раждави╢а;63536;00
1029;061;▒. Режин╢и;62428;00
1029;062;▒. Р║▒ово;63608;00
1029;063;▒. Савой▒ки;65047;00
1029;065;▒. Сажданик;65142;00
1029;067;▒. Ск░ин┐но;66891;00
1029;068;▒. Слоко╣и╢а;67461;00
1029;069;▒. Совол┐но;67790;00
1029;070;▒. С▓ен▒ко;69167;00
1029;071;▒. Тавали╖ево;72045;00
1029;072;▒. Т║░новлак;73691;00
1029;073;▒. Т║░▒ино;73750;00
1029;074;▒. Це░ови╢а;78447;00
1029;075;▒. Ц░е╕н╝ово;78543;00
1029;076;▒. Ц║░вен┐но;78611;00
1029;077;▒. Че░вена ┐б║лка;78598;00
1029;078;▒. Ч│дин╢и;81606;00
1029;079;▒. Шипо╖ано;83257;00
1029;080;▒. Ши╕ков╢и;83354;00
1029;081;▒. Яб║лково;87062;00
1029;082;▒. Ле▒ка;43373;00
1029;083;▒. Ц║░вендол;78608;00
1031;001;▒. Вак▒ево;10050;00
1031;002;▒. Ве▓░ен;10817;00
1031;003;▒. Дл║╡╖ево Сабл┐░;21292;00
1031;004;▒. Долна Козни╢а;22112;00
1031;005;▒. Д░│мо╡а░;23827;00
1031;006;▒. Е░еми┐;27574;00
1031;007;▒. Зг│░ово;30613;00
1031;008;▒. Или┐;32696;00
1031;009;▒. Кад░ови╢а;35119;00
1031;010;▒. Лил┐╖;43709;00
1031;011;▒. М║░водол;49566;00
1031;012;▒. Неве▒▓ино;51216;00
1031;013;▒. Неделкова Г░а╣и╢а;51336;00
1031;014;▒. Па▒▓│╡;55542;00
1031;015;▒. Пела▓иково;55734;00
1031;016;▒. Раково;62058;00
1031;017;▒. Ра╕ка Г░а╣и╢а;62284;00
1031;018;▒. Смоли╖ано;67619;00
1031;019;▒. С▓░адалово;69571;00
1031;020;▒. Ти╕аново;72494;00
1031;021;▒. Ц║░ва░и╢а;78584;00
1031;023;▒. Че▓и░╢и;81284;00
1038;001;▒. Падала;55083;00
1038;002;▒. Па▒▓░а;55539;00
1038;003;г░. Рила;62671;00
1038;004;Рил▒ки мана▒▓и░;62685;00
1038;005;▒. Смо╖ево;67698;00
1041;001;▒. Ов╖а░╢и;53254;00
1041;002;▒. Ре▒илово;62520;00
1041;003;г░. Сапа░ева бан┐;65365;00
1041;004;▒. Сапа░ево;65379;00
1048;001;▒. Баланово;02350;00
1048;002;▒. Би▒▓░и╢а;04220;00
1048;003;▒. Бла▓ино;04354;00
1048;004;▒. Г░амаде;17659;00
1048;005;▒. Дел┐н;20612;00
1048;006;▒. Дже░ман;20763;00
1048;007;г░. Д│пни╢а;68789;00
1048;008;▒. Д┐ково;24791;00
1048;009;▒. К░айни дол;39325;00
1048;010;▒. К░айни╢и;39339;00
1048;011;▒. К░еменик;39640;00
1048;012;▒. Пала▓ово;55230;00
1048;013;▒. Пипе░ево;56349;00
1048;014;▒. Само░аново;65245;00
1048;015;▒. Тополни╢а;72758;00
1048;016;▒. Че░вен б░ег;80491;00
1048;017;▒. Я╡иново;87727;00
1050;003;▒. Габ░е╕ев╢и;14101;00
1050;004;▒. Го░ни Ко░▓ен;16554;00
1050;006;▒. Доб░и дол;21422;00
1050;007;▒. Долни Ко░▓ен;22410;00
1050;008;▒. Долно Кобиле;22650;00
1050;010;▒. Злого╕;31200;00
1050;011;▒. Ки▒ели╢а;36960;00
1050;012;▒. Ко▒ово;38786;00
1050;013;▒. Ме▓о╡и┐;47929;00
1050;015;▒. С░едо░ек;68535;00
1050;016;▒. С│╕и╢а;70411;00
1050;017;▒. Т░екл┐но;73047;00
1050;018;▒. У╕и;75232;00
1050;019;▒. Че╕л┐н╢и;81325;00
[END]

[SEC]
10;0400;001;6;004
10;0400;002;6;004
10;0400;003;6;004
10;0400;004;6;004
10;0400;005;6;004
10;0400;006;6;004
10;0400;007;6;004
10;0400;008;6;004
10;0400;009;6;015
10;0400;010;6;014
10;0400;011;6;007
10;0400;012;6;009
10;0400;013;6;002
10;0400;014;6;001
10;0400;015;6;005
10;0400;016;6;012
10;0400;017;6;010
10;0400;018;6;010
10;0400;019;6;008
10;0400;020;6;016
10;0400;021;6;018
10;0400;022;6;017
10;0400;023;6;013
10;0400;024;6;006
10;0400;025;6;003
10;0400;026;6;004
10;0500;001;6;003
10;0500;002;6;003
10;0500;003;6;003
10;0500;004;6;009
10;0500;005;6;011
10;0500;006;6;002
10;0500;007;6;010
10;0500;008;6;004+012
10;0500;009;6;005
10;0500;010;6;006
10;0500;011;6;008
10;0500;012;6;007
10;0500;013;6;001
10;2700;001;6;005
10;2700;002;6;005
10;2700;003;6;005
10;2700;004;6;005
10;2700;005;6;001
10;2700;006;6;010
10;2700;007;6;010
10;2700;008;6;009
10;2700;009;6;007
10;2700;010;6;006
10;2700;011;6;003
10;2700;012;6;002
10;2700;013;6;004
10;2700;014;6;012
10;2700;015;6;008
10;2700;016;6;011
10;2900;001;6;041
10;2900;002;6;041
10;2900;003;6;041
10;2900;004;6;041
10;2900;005;6;041
10;2900;006;6;041
10;2900;007;6;041
10;2900;008;6;041
10;2900;009;6;041
10;2900;010;6;041
10;2900;011;6;041
10;2900;012;6;041
10;2900;013;6;041
10;2900;014;6;041
10;2900;015;6;041
10;2900;016;6;041
10;2900;017;6;041
10;2900;018;6;041
10;2900;019;6;041
10;2900;020;6;041
10;2900;021;6;041
10;2900;022;6;041
10;2900;023;6;041
10;2900;024;6;041
10;2900;025;6;041
10;2900;026;6;041
10;2900;027;6;041
10;2900;028;6;041
10;2900;029;6;041
10;2900;030;6;041
10;2900;031;6;041
10;2900;032;6;041
10;2900;033;6;041
10;2900;034;6;041
10;2900;035;6;041
10;2900;036;6;041
10;2900;037;6;041
10;2900;038;6;041
10;2900;039;6;041
10;2900;040;6;041
10;2900;041;6;041
10;2900;042;6;041
10;2900;043;6;041
10;2900;044;6;041
10;2900;045;6;041
10;2900;046;6;041
10;2900;047;6;041
10;2900;048;6;041
10;2900;049;6;041
10;2900;050;6;041
10;2900;051;6;041
10;2900;052;6;041
10;2900;053;6;041
10;2900;054;6;041
10;2900;055;6;041
10;2900;056;6;041
10;2900;057;6;041
10;2900;058;6;041
10;2900;059;6;041
10;2900;060;6;041
10;2900;061;6;041
10;2900;062;6;041
10;2900;063;6;041
10;2900;064;6;020
10;2900;065;6;033
10;2900;066;6;057
10;2900;067;6;059
10;2900;068;6;024+082+083
10;2900;069;6;004+029+039+075
10;2900;070;6;040+016
10;2900;071;6;074
10;2900;072;6;062
10;2900;073;6;018
10;2900;074;6;007
10;2900;075;6;010
10;2900;076;6;030
10;2900;077;6;030
10;2900;078;6;013
10;2900;079;6;005
10;2900;080;6;063+065
10;2900;081;6;077
10;2900;082;6;052
10;2900;083;6;068
10;2900;084;6;068
10;2900;085;6;015
10;2900;086;6;044+073
10;2900;087;6;002
10;2900;088;6;050
10;2900;089;6;072
10;2900;090;6;001
10;2900;091;6;053
10;2900;092;6;053
10;2900;093;6;008
10;2900;094;6;028
10;2900;095;6;081
10;2900;096;6;081
10;2900;097;6;021
10;2900;098;6;035
10;2900;099;6;076
10;2900;100;6;006
10;2900;101;6;011
10;2900;102;6;023
10;2900;103;6;071
10;2900;104;6;034
10;2900;105;6;049
10;2900;106;6;067
10;2900;107;6;036
10;2900;108;6;079
10;2900;109;6;080
10;2900;110;6;060+017
10;2900;111;6;046
10;2900;112;6;003+022+045
10;2900;113;6;058
10;2900;114;6;047+031+043+061+078
10;2900;115;6;048
10;2900;116;6;069
10;2900;117;6;070
10;2900;118;6;027
10;2900;119;6;009
10;2900;120;6;026
10;2900;121;6;012
10;2900;122;6;054
10;2900;123;6;056
10;2900;125;6;041
10;2900;126;6;041
10;3100;001;6;001
10;3100;002;6;002
10;3100;003;6;003
10;3100;004;6;004
10;3100;005;6;005
10;3100;006;6;006
10;3100;007;6;007
10;3100;008;6;008
10;3100;009;6;009
10;3100;010;6;010
10;3100;011;6;011
10;3100;012;6;012
10;3100;013;6;013
10;3100;014;6;014
10;3100;015;6;015
10;3100;016;6;016
10;3100;017;6;017
10;3100;018;6;018
10;3100;019;6;019
10;3100;020;6;020
10;3100;021;6;023
10;3100;022;6;021
10;3800;001;6;003
10;3800;002;6;003
10;3800;003;6;003
10;3800;004;6;003
10;3800;005;6;005
10;3800;006;6;002
10;3800;007;6;001
10;3800;008;6;004
10;4100;001;6;004
10;4100;002;6;004
10;4100;003;6;003
10;4100;004;6;003
10;4100;005;6;003
10;4100;006;6;003
10;4100;007;6;001
10;4100;008;6;002
10;4100;009;6;002
10;4800;001;6;007
10;4800;002;6;007
10;4800;003;6;007
10;4800;004;6;007
10;4800;005;6;007
10;4800;006;6;007
10;4800;007;6;007
10;4800;008;6;007
10;4800;009;6;007
10;4800;010;6;007
10;4800;011;6;007
10;4800;012;6;007
10;4800;013;6;007
10;4800;014;6;007
10;4800;015;6;007
10;4800;016;6;007
10;4800;017;6;007
10;4800;018;6;007
10;4800;019;6;007
10;4800;020;6;007
10;4800;021;6;007
10;4800;022;6;007
10;4800;023;6;007
10;4800;024;6;007
10;4800;025;6;007
10;4800;026;6;007
10;4800;027;6;007
10;4800;028;6;007
10;4800;029;6;007
10;4800;030;6;007
10;4800;031;6;007
10;4800;032;6;007
10;4800;033;6;007
10;4800;034;6;007
10;4800;035;6;007
10;4800;036;6;007
10;4800;037;6;007
10;4800;038;6;007
10;4800;039;6;007
10;4800;040;6;007
10;4800;041;6;007
10;4800;042;6;007
10;4800;043;6;007
10;4800;044;6;007
10;4800;045;6;007
10;4800;046;6;007
10;4800;047;6;007
10;4800;048;6;002
10;4800;049;6;002
10;4800;050;6;006
10;4800;051;6;006
10;4800;052;6;009
10;4800;053;6;014
10;4800;054;6;014
10;4800;055;6;013
10;4800;056;6;003
10;4800;057;6;017
10;4800;058;6;017
10;4800;059;6;017
10;4800;060;6;001
10;4800;061;6;012
10;4800;062;6;004
10;4800;063;6;008
10;4800;064;6;011
10;4800;065;6;005
10;4800;066;6;015
10;4800;067;6;016
10;4800;068;6;016
10;4800;069;6;010
10;4800;070;6;010
10;4800;071;6;010
10;4800;072;6;007
10;5000;001;6;017
10;5000;002;6;003
10;5000;003;6;012
10;5000;004;6;018
10;5000;005;6;015
10;5000;006;6;019
10;5000;007;6;004
10;5000;008;6;013
10;5000;009;6;011
10;5000;010;6;008
10;5000;011;6;010
10;5000;012;6;006
10;5000;013;6;016
10;5000;014;6;007
[END]

[MAJ]
10;6;   ;01;;;Пе▓║░ Ки░илов Бе░он и С▓о┐н В║л╖ев Анд░еев;, ;ПКБ+СВА;600;0;1
10;6;   ;02;;;Пе▓║░ С▓е┤анов С▓о┐нов и Нели Пе▓░ова К│╢кова;, ;ПСС+НПК;17760;2;2
10;6;   ;03;;;Богомил Ангелов Бонев и А▓ана▒ Иванов Желез╖ев;, ;БАБ+АИЖ;12946;0;3
10;6;   ;04;;;Жо░ж Ган╖ев Ган╖ев и Ве▒елин С▓о┐нов Бон╖ев;, ;ЖГГ+ВСБ;1689;0;4
10;6;   ;05;;;Гео░ги Седе┤╖ов П║░ванов и Ангел Иванов Ма░ин;, ;ГСП+АИМ;25192;2;5
10;6;   ;06;;;Рене▓а Иванова Инджова и К░║▒▓╛ Николов Илов;, ;РИИ+КНИ;931;0;6
[END]

[PROP]
[END]

[LISTI]
[END]

[PROT]
6;10;0400;001;690+5+160+160+0+0+0+7+160;2+40+51+9+56+2
6;10;0400;002;618+1+139+139+1+0+1+3+138;1+34+36+10+51+6
6;10;0400;003;785+199+199+199+0+0+0+0+199;3+45+74+12+63+2
6;10;0400;004;715+5+189+189+0+5+5+4+184;3+49+35+9+83+5
6;10;0400;005;785+5+233+233+0+0+0+4+233;2+78+73+14+62+4
6;10;0400;006;767+3+238+238+1+1+2+0+236;0+60+69+11+90+6
6;10;0400;007;472+2+213+213+1+0+1+0+212;1+49+42+10+109+1
6;10;0400;008;748+1+318+318+0+0+0+12+318;2+68+72+9+164+3
6;10;0400;009;804+0+361+361+0+2+2+27+359;0+69+84+15+187+4
6;10;0400;010;322+3+178+178+0+1+1+9+177;1+47+48+10+70+1
6;10;0400;011;525+5+237+237+1+1+2+10+235;6+65+100+11+53+0
6;10;0400;012;326+2+182+182+0+1+1+12+181;0+50+25+3+103+0
6;10;0400;013;122+2+55+55+0+0+0+3+55;3+10+10+1+31+0
6;10;0400;014;263+5+154+154+2+1+3+7+151;2+51+43+6+47+2
6;10;0400;015;148+6+110+110+0+0+0+10+110;2+22+26+3+54+3
6;10;0400;016;208+3+135+135+0+0+0+12+135;2+30+26+5+71+1
6;10;0400;017;135+4+80+80+0+0+0+0+80;4+7+16+1+52+0
6;10;0400;018;158+7+107+107+0+0+0+3+107;0+24+16+6+59+2
6;10;0400;019;239+10+145+145+0+0+0+0+145;2+21+20+2+99+1
6;10;0400;020;111+2+77+77+0+0+0+2+77;0+7+15+3+50+2
6;10;0400;021;179+4+107+107+0+0+0+7+107;0+33+9+4+58+3
6;10;0400;022;78+1+55+55+0+0+0+1+55;3+10+7+0+35+0
6;10;0400;023;147+2+125+125+2+2+4+7+121;2+13+6+6+91+3
6;10;0400;024;234+4+134+134+2+0+2+5+132;3+31+22+7+66+3
6;10;0400;025;110+4+86+86+0+0+0+0+86;0+24+8+4+48+2
6;10;0400;026;80+0+66+66+2+0+2+0+64;6+27+5+19+5+2
6;10;0500;001;496+1+218+218+0+0+0+0+218;4+58+45+8+101+2
6;10;0500;002;436+2+218+218+0+0+0+0+218;6+48+45+5+112+2
6;10;0500;003;355+0+137+137+0+2+2+14+135;1+30+39+3+62+0
6;10;0500;004;531+1+215+215+0+2+2+22+213;10+80+30+9+78+6
6;10;0500;005;420+0+143+143+1+0+1+0+142;3+29+28+8+72+2
6;10;0500;006;457+3+193+193+0+1+1+0+192;1+58+30+6+97+0
6;10;0500;007;50+3+41+41+1+0+1+0+40;1+14+3+0+22+0
6;10;0500;008;60+5+49+49+0+0+0+0+49;0+21+13+2+13+0
6;10;0500;009;101+3+69+69+1+0+1+3+68;1+7+5+6+48+1
6;10;0500;010;80+3+43+43+1+0+1+5+42;1+15+6+0+19+1
6;10;0500;011;94+3+65+65+0+0+0+6+65;1+30+9+2+23+0
6;10;0500;012;29+5+14+14+1+0+1+0+13;1+8+2+1+1+0
6;10;0500;013;54+6+44+44+0+0+0+0+44;0+9+3+1+30+1
6;10;2700;001;415+1+194+194+1+1+2+0+192;5+50+30+8+99+0
6;10;2700;002;585+5+315+315+3+2+5+21+310;1+67+45+4+192+1
6;10;2700;003;539+3+258+258+1+1+2+12+256;4+61+40+5+139+7
6;10;2700;004;482+3+181+181+0+0+0+9+181;2+20+31+5+118+5
6;10;2700;005;398+1+151+151+0+1+1+0+150;1+34+44+4+66+1
6;10;2700;006;322+4+134+134+0+0+0+0+134;1+44+18+4+67+0
6;10;2700;007;385+3+169+169+0+0+0+0+169;1+20+33+3+109+3
6;10;2700;008;406+2+173+173+0+1+1+3+172;3+47+22+5+93+2
6;10;2700;009;511+3+261+261+3+1+4+15+257;3+76+34+8+130+6
6;10;2700;010;78+0+59+59+0+0+0+4+59;0+16+10+2+31+0
6;10;2700;011;218+5+145+145+0+0+0+0+145;4+39+12+4+83+3
6;10;2700;012;127+4+76+76+1+0+1+0+75;2+13+10+5+44+1
6;10;2700;013;127+1+89+89+0+0+0+6+89;0+25+5+1+55+3
6;10;2700;014;61+3+22+22+0+0+0+0+22;0+11+2+4+5+0
6;10;2700;015;56+8+34+34+0+0+0+0+34;0+11+5+1+17+0
6;10;2700;016;165+4+113+113+0+1+1+6+112;1+74+14+2+21+0
6;10;2900;001;519+1+228+228+1+0+1+0+227;1+54+51+4+114+3
6;10;2900;002;870+0+382+382+4+0+4+7+378;4+77+109+9+173+6
6;10;2900;003;671+3+302+302+0+1+1+15+301;1+88+68+2+134+8
6;10;2900;004;767+0+273+273+0+1+1+23+272;3+97+57+3+99+13
6;10;2900;005;825+1+369+369+0+0+0+0+369;2+103+74+4+181+5
6;10;2900;006;628+2+320+320+0+0+0+12+320;2+103+70+7+136+2
6;10;2900;007;676+0+308+308+0+2+2+29+306;1+74+63+8+155+5
6;10;2900;008;630+9+283+283+0+2+2+8+281;2+75+74+12+115+3
6;10;2900;009;886+0+411+411+0+2+2+47+409;1+112+102+5+180+9
6;10;2900;010;684+1+328+328+1+1+2+0+326;3+128+66+4+120+5
6;10;2900;011;678+0+300+300+0+0+0+0+300;0+114+57+1+123+5
6;10;2900;012;658+0+291+291+0+0+0+19+291;0+98+57+3+131+2
6;10;2900;013;867+1+383+383+1+1+2+17+381;1+130+87+9+148+6
6;10;2900;014;804+0+303+303+1+0+1+16+302;5+74+91+7+119+6
6;10;2900;015;992+0+381+381+4+0+4+0+377;2+84+103+13+168+7
6;10;2900;016;910+0+395+395+0+0+0+0+395;6+108+114+8+151+8
6;10;2900;017;817+0+336+336+0+0+0+5+336;0+92+90+21+126+7
6;10;2900;018;490+2+262+262+0+0+0+10+262;2+93+65+6+88+8
6;10;2900;019;444+0+180+180+0+0+0+9+180;1+84+48+2+37+8
6;10;2900;020;689+3+255+255+1+0+1+6+254;5+87+68+8+80+6
6;10;2900;021;813+2+319+319+0+0+0+0+319;4+124+81+5+96+9
6;10;2900;022;574+10+278+278+1+0+1+0+277;7+132+59+5+68+6
6;10;2900;023;799+0+284+284+0+0+0+17+284;2+106+59+11+98+8
6;10;2900;024;898+2+404+404+3+0+3+0+401;5+150+87+10+142+7
6;10;2900;025;804+1+329+329+1+1+2+11+327;0+128+89+9+90+11
6;10;2900;026;716+5+302+302+0+0+0+14+302;2+95+99+5+93+8
6;10;2900;027;749+0+339+339+1+1+2+6+337;2+123+81+4+122+5
6;10;2900;028;814+0+328+328+0+0+0+19+328;3+105+109+13+91+7
6;10;2900;029;767+1+274+274+0+0+0+12+274;1+119+83+8+59+4
6;10;2900;030;360+0+328+328+0+0+0+0+328;3+132+50+4+134+5
6;10;2900;031;796+2+336+336+3+0+3+0+333;3+152+72+5+96+5
6;10;2900;032;730+0+330+330+0+0+0+15+330;3+129+70+15+106+7
6;10;2900;033;877+1+443+443+2+0+2+38+441;2+192+112+7+115+13
6;10;2900;034;616+2+311+311+0+0+0+9+311;2+115+55+6+125+8
6;10;2900;035;676+4+343+343+3+0+3+340+340;2+138+87+8+99+6
6;10;2900;036;623+3+318+318+0+0+1+0+317;3+122+63+4+116+9
6;10;2900;037;708+3+326+326+0+0+0+0+326;2+125+73+2+119+5
6;10;2900;038;869+5+416+416+0+0+0+22+416;2+186+80+5+130+13
6;10;2900;039;850+5+370+370+3+1+4+0+366;3+118+87+3+148+7
6;10;2900;040;327+6+327+327+2+0+2+19+325;1+117+73+6+118+10
6;10;2900;041;772+1+322+322+3+0+3+0+319;3+111+70+3+130+2
6;10;2900;042;826+1+341+341+0+0+0+17+341;2+119+85+5+122+8
6;10;2900;043;552+0+274+274+0+1+1+0+273;2+100+57+4+104+6
6;10;2900;044;832+0+364+364+1+1+2+27+362;1+94+108+7+146+6
6;10;2900;045;854+0+370+374+2+2+4+15+370;1+119+97+2+146+5
6;10;2900;046;596+0+244+244+0+1+1+0+243;2+67+66+8+96+4
6;10;2900;047;652+0+229+229+0+0+0+0+229;3+56+64+5+100+1
6;10;2900;048;840+0+293+293+0+0+0+8+293;0+88+91+7+101+6
6;10;2900;049;632+0+254+254+1+0+1+16+253;3+89+60+6+87+8
6;10;2900;050;640+1+249+249+1+0+1+11+248;2+57+62+7+115+5
6;10;2900;051;898+0+330+330+1+0+1+0+329;7+109+102+6+98+7
6;10;2900;052;721+1+266+266+2+0+2+0+264;3+85+75+4+92+5
6;10;2900;053;865+0+362+362+0+1+1+23+361;0+81+88+10+167+15
6;10;2900;054;810+7+330+330+0+0+0+0+330;6+118+82+3+119+2
6;10;2900;055;640+1+233+233+0+1+1+8+232;1+66+71+0+83+11
6;10;2900;056;622+0+269+269+1+0+1+8+268;1+80+75+7+100+5
6;10;2900;057;600+0+260+260+1+0+1+5+259;2+78+74+4+99+2
6;10;2900;058;684+14+118+118+0+0+0+2+118;1+34+23+11+48+1
6;10;2900;059;715+0+141+141+0+0+0+5+141;2+30+32+4+72+1
6;10;2900;060;557+4+119+119+0+0+0+0+119;0+18+34+10+55+2
6;10;2900;061;696+5+202+202+0+0+0+0+202;1+70+39+12+79+1
6;10;2900;062;655+0+163+163+0+0+0+0+163;1+47+31+7+74+3
6;10;2900;063;751+0+117+117+0+0+0+0+117;0+47+19+8+42+1
6;10;2900;064;343+1+183+183+0+0+0+10+183;2+32+30+6+109+4
6;10;2900;065;126+0+79+79+0+1+1+6+78;0+15+11+3+48+1
6;10;2900;066;142+7+50+50+0+0+0+0+50;1+5+4+0+39+1
6;10;2900;067;187+6+79+79+0+0+0+4+79;1+17+13+1+45+2
6;10;2900;068;153+4+78+78+0+0+0+0+78;6+11+13+2+44+2
6;10;2900;069;92+4+52+52+0+0+0+0+52;0+8+5+0+37+2
6;10;2900;070;25+6+18+18+0+0+0+0+18;0+1+1+0+16+0
6;10;2900;071;56+6+44+44+0+0+0+0+44;1+24+5+0+14+0
6;10;2900;072;69+7+41+41+0+0+0+0+41;0+5+5+1+30+0
6;10;2900;073;161+3+109+109+1+1+2+0+107;2+20+24+2+57+2
6;10;2900;074;231+2+93+93+1+0+1+0+92;2+29+19+7+31+4
6;10;2900;075;85+5+57+57+0+1+1+2+56;1+9+10+1+35+0
6;10;2900;076;573+3+278+278+1+1+2+0+276;1+76+70+4+119+6
6;10;2900;077;530+1+243+243+1+0+1+10+242;4+57+54+5+118+4
6;10;2900;078;317+2+165+165+2+0+2+9+163;1+35+60+2+64+1
6;10;2900;079;384+3+179+179+1+1+2+0+177;2+64+47+9+53+2
6;10;2900;080;37+3+13+13+0+0+0+0+13;1+5+2+0+5+0
6;10;2900;081;30+4+21+21+0+0+0+0+21;0+10+2+0+9+0
6;10;2900;082;59+8+41+41+0+0+0+0+41;2+13+14+0+12+0
6;10;2900;083;751+0+363+363+1+6+7+8+356;3+113+102+14+119+5
6;10;2900;084;756+0+277+277+1+0+1+23+276;0+121+78+18+59+0
6;10;2900;085;574+2+273+273+1+1+2+0+271;3+91+45+8+118+6
6;10;2900;086;65+8+39+39+0+0+0+3+39;0+10+7+0+22+0
6;10;2900;087;111+2+113+113+1+0+1+2+112;1+41+16+1+52+1
6;10;2900;088;176+6+87+87+0+0+0+6+87;1+29+16+0+39+2
6;10;2900;089;127+4+98+98+0+0+0+0+98;1+51+23+3+18+2
6;10;2900;090;667+6+328+328+0+0+0+0+328;2+86+35+16+185+4
6;10;2900;091;424+3+205+205+0+0+0+0+205;5+42+57+6+95+0
6;10;2900;092;453+0+244+244+0+2+2+0+242;1+39+88+8+102+4
6;10;2900;093;133+3+88+88+3+2+5+1+83;1+14+34+3+30+1
6;10;2900;094;651+2+331+331+0+0+0+23+331;5+102+58+8+145+13
6;10;2900;095;451+2+220+220+2+0+2+0+218;1+33+66+4+112+2
6;10;2900;096;435+2+223+223+1+1+2+0+221;2+40+85+6+86+2
6;10;2900;097;141+3+72+72+0+0+0+0+72;0+15+17+2+38+0
6;10;2900;098;797+6+381+381+0+2+2+38+379;4+110+98+14+147+6
6;10;2900;099;81+4+52+52+0+0+0+0+52;4+16+9+1+22+0
6;10;2900;100;47+4+37+37+0+1+1+0+36;0+5+6+2+23+0
6;10;2900;101;421+0+236+236+1+0+1+0+235;4+72+39+5+114+1
6;10;2900;102;92+4+92+92+2+3+5+9+87;0+18+17+0+52+0
6;10;2900;103;350+5+196+196+0+0+0+12+196;1+57+45+1+91+1
6;10;2900;104;147+12+122+122+1+0+1+0+121;0+36+9+2+71+3
6;10;2900;105;381+6+197+197+1+0+1+0+196;3+61+55+6+67+4
6;10;2900;106;193+8+99+99+1+1+2+1+97;0+33+12+0+50+2
6;10;2900;107;629+0+266+266+0+0+0+22+266;4+63+54+7+136+2
6;10;2900;108;144+3+100+100+0+0+0+10+100;1+24+12+1+55+7
6;10;2900;109;548+3+313+313+0+3+3+19+310;3+84+48+5+165+5
6;10;2900;110;307+9+199+199+0+1+1+16+198;2+29+33+8+124+2
6;10;2900;111;768+1+362+362+2+0+2+11+360;4+65+99+8+181+3
6;10;2900;112;58+5+44+44+0+0+0+0+44;1+5+3+1+34+0
6;10;2900;113;128+4+89+89+0+0+0+5+89;1+13+8+2+63+2
6;10;2900;114;97+8+54+54+0+0+0+0+54;0+8+4+0+41+1
6;10;2900;115;69+2+71+71+0+0+0+4+71;0+8+5+0+58+0
6;10;2900;116;673+6+312+312+0+1+1+11+311;6+77+55+6+165+2
6;10;2900;117;212+5+115+115+0+0+0+0+115;1+24+12+5+72+1
6;10;2900;118;511+11+295+295+1+0+1+24+294;4+46+66+9+163+6
6;10;2900;119;155+4+99+99+0+0+0+3+99;1+22+9+2+63+2
6;10;2900;120;42+16+36+36+0+0+0+0+36;0+8+5+1+22+0
6;10;2900;121;24+5+9+9+0+0+0+0+9;0+2+3+0+3+1
6;10;2900;122;37+6+26+26+0+0+0+0+26;0+7+2+0+17+0
6;10;2900;123;80+2+50+50+0+0+0+0+50;0+6+5+2+37+0
6;10;2900;125;99+2+61+61+0+0+0+3+61;1+27+13+2+14+4
6;10;2900;126;70+15+57+57+0+0+0+0+57;0+22+18+0+15+2
6;10;3100;001;656+1+312+312+2+2+4+25+308;9+55+62+13+164+5
6;10;3100;002;36+4+31+31+3+0+3+3+28;0+4+2+2+20+0
6;10;3100;003;36+1+23+23+0+0+0+0+23;1+1+1+1+19+0
6;10;3100;004;43+6+49+49+1+0+1+0+48;0+5+7+2+34+0
6;10;3100;005;230+8+144+144+2+1+3+4+141;2+33+20+2+82+2
6;10;3100;006;275+6+139+139+1+0+1+9+138;4+33+13+3+83+2
6;10;3100;007;123+5+87+87+0+0+0+5+87;1+36+10+2+37+1
6;10;3100;008;106+5+82+82+2+0+2+0+80;0+29+4+3+44+0
6;10;3100;009;96+9+77+77+3+0+3+3+74;2+7+9+2+52+2
6;10;3100;010;150+17+112+112+2+0+2+0+110;0+20+16+2+71+1
6;10;3100;011;64+5+49+49+1+0+1+0+48;0+9+5+0+34+0
6;10;3100;012;585+3+292+292+0+1+1+16+291;6+81+90+3+108+3
6;10;3100;013;136+4+94+94+0+0+0+1+94;0+32+7+0+50+5
6;10;3100;014;77+4+59+59+1+0+1+0+58;0+5+8+6+38+1
6;10;3100;015;188+0+109+109+4+2+6+7+103;2+14+20+6+59+2
6;10;3100;016;65+4+43+43+0+0+0+1+43;1+9+2+2+29+0
6;10;3100;017;193+2+124+124+3+0+3+7+121;2+30+19+2+68+0
6;10;3100;018;47+1+21+21+0+0+0+1+21;0+4+0+1+16+0
6;10;3100;019;86+1+49+49+2+2+4+1+45;0+20+5+0+18+2
6;10;3100;020;121+4+74+74+0+1+1+0+73;1+14+6+1+50+1
6;10;3100;021;236+1+137+137+1+0+1+19+136;3+49+10+3+68+3
6;10;3100;022;117+7+89+89+1+0+1+8+88;2+19+5+0+62+0
6;10;3800;001;685+1+235+235+1+0+1+5+234;7+45+40+17+118+7
6;10;3800;002;549+0+238+238+0+3+3+0+235;4+63+38+10+118+2
6;10;3800;003;750+9+283+283+3+1+4+0+279;3+98+54+4+116+4
6;10;3800;004;597+0+269+269+2+0+2+5+267;1+79+38+15+129+5
6;10;3800;005;309+4+165+165+2+0+2+5+163;2+17+56+9+74+5
6;10;3800;006;196+2+101+101+0+0+0+0+101;3+16+18+2+62+0
6;10;3800;007;46+5+40+40+0+0+0+0+40;1+11+6+0+22+0
6;10;3800;008;55+6+18+18+0+0+0+0+18;0+12+2+1+3+0
6;10;4100;001;556+0+211+211+0+0+0+19+211;5+65+50+21+62+8
6;10;4100;002;814+0+328+328+1+0+1+0+327;3+105+96+16+99+8
6;10;4100;003;864+0+304+304+0+0+0+27+304;3+56+82+13+148+2
6;10;4100;004;966+1+410+410+2+1+3+25+407;2+123+92+10+176+4
6;10;4100;005;990+8+393+393+1+3+4+29+389;3+158+86+9+130+3
6;10;4100;006;880+0+295+295+0+0+0+7+295;1+103+67+17+102+5
6;10;4100;007;1018+0+456+456+0+1+1+10+455;5+152+78+17+195+8
6;10;4100;008;656+0+210+210+2+0+2+23+208;2+66+60+6+73+1
6;10;4100;009;514+0+159+159+1+0+1+0+158;2+50+42+5+53+6
6;10;4800;001;853+3+377+377+0+3+3+0+377;12+145+54+16+142+8
6;10;4800;002;792+0+253+253+1+0+1+0+252;3+87+51+10+98+3
6;10;4800;003;981+0+319+319+0+0+0+0+319;7+97+67+20+124+4
6;10;4800;004;660+2+231+231+2+0+2+0+229;3+72+66+4+81+3
6;10;4800;005;605+1+209+209+0+0+0+20+209;0+73+47+8+81+0
6;10;4800;006;725+0+228+228+0+0+0+0+228;1+70+57+9+89+2
6;10;4800;007;522+1+226+226+0+0+0+0+226;1+87+42+4+90+2
6;10;4800;008;531+1+232+232+3+0+3+0+229;1+83+49+6+85+5
6;10;4800;009;187+1+187+187+1+1+2+0+185;1+77+35+3+68+1
6;10;4800;010;772+1+296+296+1+2+3+0+293;6+98+71+0+116+2
6;10;4800;011;823+0+388+388+1+1+2+29+386;1+159+70+4+147+5
6;10;4800;012;576+3+292+292+1+0+1+0+291;2+87+78+4+118+2
6;10;4800;013;734+0+257+257+1+0+1+0+256;1+101+70+2+80+2
6;10;4800;014;459+0+196+196+0+0+0+0+196;1+56+35+3+93+8
6;10;4800;015;757+0+287+287+0+0+0+17+287;1+106+52+6+117+5
6;10;4800;016;733+0+240+240+0+0+0+17+240;2+62+37+8+128+3
6;10;4800;017;778+0+339+339+0+0+0+12+339;3+76+105+7+143+5
6;10;4800;018;759+0+301+301+0+1+1+0+300;1+87+80+15+115+2
6;10;4800;019;663+0+255+255+0+1+1+10+254;3+58+34+10+141+8
6;10;4800;020;995+6+332+332+0+0+0+14+332;7+116+71+14+119+5
6;10;4800;021;654+0+236+236+0+0+0+7+236;1+99+66+6+63+1
6;10;4800;022;905+0+229+229+1+0+1+0+228;0+71+64+7+86+0
6;10;4800;023;945+0+240+240+0+0+0+9+240;1+82+55+6+95+1
6;10;4800;024;1044+5+289+289+0+0+0+11+289;2+94+80+11+102+0
6;10;4800;025;978+0+237+237+0+0+0+0+237;0+80+48+8+97+4
6;10;4800;026;800+0+203+203+0+0+0+5+203;0+73+57+12+58+3
6;10;4800;027;581+0+229+229+0+0+0+0+229;1+81+63+3+79+2
6;10;4800;028;731+0+272+272+3+0+3+6+269;2+96+58+5+104+4
6;10;4800;029;191+0+191+191+0+0+0+14+191;2+68+42+3+74+2
6;10;4800;030;807+2+282+282+0+0+0+0+282;4+94+51+6+124+3
6;10;4800;031;821+0+360+360+0+0+0+0+360;3+133+72+10+133+9
6;10;4800;032;647+0+207+207+2+0+2+0+205;0+58+51+7+86+3
6;10;4800;033;717+1+264+264+2+0+2+0+262;3+102+49+6+101+1
6;10;4800;034;969+0+278+278+1+1+2+0+276;1+85+57+12+118+3
6;10;4800;035;706+6+219+219+1+0+1+0+218;2+57+36+6+113+4
6;10;4800;036;749+0+233+233+0+1+1+0+232;2+95+42+4+83+6
6;10;4800;037;537+0+201+201+0+2+2+0+199;1+60+36+7+90+5
6;10;4800;038;797+0+340+340+1+1+2+19+338;1+104+85+9+136+3
6;10;4800;039;894+1+372+372+0+0+0+20+372;1+153+63+13+140+2
6;10;4800;040;836+2+306+306+1+0+1+0+305;1+125+67+6+102+4
6;10;4800;041;792+0+306+306+0+2+2+10+304;0+100+68+6+126+4
6;10;4800;042;880+0+303+303+1+0+1+6+302;1+112+71+11+105+2
6;10;4800;043;567+0+227+227+0+1+1+0+226;1+92+44+5+81+3
6;10;4800;044;660+1+283+283+1+0+1+0+282;2+88+87+4+95+6
6;10;4800;045;717+0+211+211+1+1+2+0+209;2+59+59+11+73+5
6;10;4800;046;862+0+241+241+0+0+0+0+241;9+80+56+10+81+5
6;10;4800;047;920+0+324+324+0+0+0+0+324;5+111+75+12+119+2
6;10;4800;048;606+0+161+161+0+1+1+6+160;0+46+40+14+55+5
6;10;4800;049;897+0+293+293+0+3+3+22+290;4+65+55+10+154+2
6;10;4800;050;554+0+208+208+0+0+0+0+208;2+53+53+5+94+1
6;10;4800;051;616+1+254+254+1+0+1+0+253;5+79+46+19+102+2
6;10;4800;052;61+6+44+44+0+0+0+0+44;2+23+3+0+15+1
6;10;4800;053;663+0+245+245+0+0+0+17+245;1+45+57+10+129+3
6;10;4800;054;779+1+322+322+0+0+0+16+322;5+75+60+8+170+4
6;10;4800;055;165+0+76+76+0+1+1+2+75;2+20+25+2+26+0
6;10;4800;056;94+0+94+94+0+0+0+0+94;1+29+19+4+41+0
6;10;4800;057;638+1+204+204+0+2+2+0+202;3+47+42+6+103+1
6;10;4800;058;573+1+193+193+0+0+0+0+193;2+40+52+6+89+4
6;10;4800;059;636+1+228+228+2+0+2+0+226;0+67+35+5+115+4
6;10;4800;060;500+4+250+250+0+1+1+21+249;4+78+40+8+118+1
6;10;4800;061;215+2+127+127+0+1+1+8+126;4+65+12+2+43+0
6;10;4800;062;65+0+50+50+0+0+0+3+50;1+13+9+2+25+0
6;10;4800;063;366+4+201+201+0+2+2+12+199;2+54+30+4+108+1
6;10;4800;064;55+2+46+46+0+0+0+0+46;1+1+7+0+37+0
6;10;4800;065;106+0+71+71+1+0+1+0+70;1+23+8+0+36+2
6;10;4800;066;212+1+158+158+0+0+0+13+158;8+51+30+5+62+2
6;10;4800;067;566+3+203+203+2+2+4+5+199;3+48+44+4+97+3
6;10;4800;068;568+0+201+201+0+2+2+0+199;3+64+55+3+73+1
6;10;4800;069;648+3+293+293+0+1+1+0+292;1+85+49+15+141+1
6;10;4800;070;650+2+264+264+1+2+3+0+261;6+92+36+5+116+6
6;10;4800;071;484+0+227+227+0+0+0+0+227;3+66+21+3+132+2
6;10;4800;072;53+0+24+24+0+1+1+1+23;0+2+12+1+8+0
6;10;5000;001;290+8+186+186+2+0+2+7+184;1+35+33+6+107+2
6;10;5000;002;41+17+48+48+1+0+1+6+47;0+6+6+1+34+0
6;10;5000;003;43+6+33+33+0+0+0+0+33;0+6+8+0+19+0
6;10;5000;004;51+2+37+37+0+0+0+0+37;1+6+8+3+19+0
6;10;5000;005;63+8+71+71+0+0+0+2+71;0+17+8+1+44+1
6;10;5000;006;52+2+34+34+0+0+0+0+34;0+1+7+0+26+0
6;10;5000;007;45+3+25+25+0+0+0+0+25;0+3+7+0+15+0
6;10;5000;008;29+2+18+18+0+0+0+0+18;0+0+4+0+14+0
6;10;5000;009;25+2+18+18+0+0+0+0+18;0+2+0+0+15+1
6;10;5000;010;17+4+21+21+0+0+0+0+21;0+2+1+1+16+1
6;10;5000;011;75+1+51+51+0+0+0+4+51;0+15+6+2+26+2
6;10;5000;012;68+0+44+44+1+0+1+3+43;0+14+10+0+18+1
6;10;5000;013;56+5+34+34+0+0+0+0+34;2+6+5+0+21+0
6;10;5000;014;25+4+20+20+0+0+0+0+20;0+3+5+0+12+0
[END]

[AGGR]
10;6;   ;6+305+305+140136+1021+59421+59425+178+131+310+2095+59118;600+17760+12946+1689+25192+931
[END]

