[INFO]
11;Лове╖;201
[END]

[IZB]
11;6;   ;;11.11.2001;1;6;286
[END]

[NM]
1102;001;г░. Ап░ил╢и;52218;00
1102;003;▒. Вел╖ево;10567;00
1102;004;▒. Д░а╕кова пол┐на;23621;00
1102;005;▒. Скандало▓о;66771;00
1117;001;▒. Го░▒ко Сливово;17244;00
1117;002;▒. К░│╕│на;40261;00
1117;003;▒. К║░па╖ево;40943;00
1117;004;г░. Ле▓ни╢а;43476;00
1118;001;▒. Аблани╢а;00028;00
1118;002;▒. Алек▒анд░ово;00299;00
1118;003;▒. Ба╡ови╢а;02935;00
1118;004;▒. Б░е▒▓ово;06536;00
1118;005;▒. Б║лга░ене;07260;00
1118;006;▒. Владин┐;11452;00
1118;007;▒. Го░ан;16002;00
1118;008;▒. Го░но Павликени;16883;00
1118;009;▒. Го▒▓ин┐;17378;00
1118;010;▒. Деве▓аки;20420;00
1118;011;▒. Дой░ен╢и;21823;00
1118;012;▒. Д░енов;23666;00
1118;013;▒. Д║б░ава;24373;00
1118;014;м. Изво░╖е;32500;00
1118;015;▒. Йоглав;34093;00
1118;016;▒. Каза╖ево;35198;00
1118;017;▒. К║к░ина;40837;00
1118;018;▒. Ле╕ни╢а;43579;00
1118;019;▒. Ли▒е╢;43829;00
1118;020;г░. Лове╖;43952;00
1118;021;▒. Малиново;46396;00
1118;022;▒. П░елом;58150;00
1118;023;▒. П░е▒┐ка;58308;00
1118;024;▒. Рад╛вене;69523;00
1118;025;▒. Скобелево;66799;00
1118;026;▒. Слав┐ни;67060;00
1118;027;▒. Сла▓ина;67218;00
1118;028;▒. Сливек;67324;00
1118;029;▒. Смо╖ан;67670;00
1118;030;▒. Соколово;67948;00
1118;031;▒. С▓е┤аново;69225;00
1118;033;▒. Тепава;72254;00
1118;034;▒. Ума░ев╢и;75112;00
1118;035;▒. Хлевене;77311;00
1118;036;▒. Чавда░╢и;80039;00
1119;001;▒. Бежаново;03143;00
1119;002;▒. Белен╢и;03373;00
1119;003;▒. Де░ман╢и;20688;00
1119;004;▒. Д║бен;24236;00
1119;005;▒. Ка░л│ково;36511;00
1119;006;г░. Л│кови▓;44327;00
1119;007;▒. Пе▓░евене;56099;00
1119;008;▒. Пе╣е░на;56318;00
1119;009;▒. Р│м┐н╢ево;63327;00
1119;010;▒. Тодо░и╖ене;72552;00
1119;011;▒. То░о▒;43058;00
1119;012;▒. Ъглен;85010;00
1133;003;▒. Бабин╢и;07884;00
1133;004;▒. Б║лга░▒ки изво░;07357;00
1133;005;▒. Ва▒ил╝ово;10272;00
1133;006;▒. Гала▓а;14386;00
1133;007;▒. Глогово;15148;00
1133;008;▒. Гложене;15165;00
1133;009;▒. Гол┐м изво░;15758;00
1133;013;▒. Г░аде╕ни╢а;17419;00
1133;014;▒. Див╖ово▓о;20996;00
1133;020;▒. Малка Жел┐зна;46437;00
1133;023;▒. Риба░и╢а;62579;00
1133;024;г░. Те▓евен;72343;00
1133;026;▒. Че░ни Ви▓;80902;00
1133;027;м. А▒ен;00686;00
1134;002;▒. Балабан▒ко;02302;00
1134;003;▒. Балкане╢;02448;00
1134;004;▒. Бели О▒║м;03486;00
1134;005;▒. Бели╕;03558;00
1134;006;▒. Бо░има;05445;00
1134;007;▒. В░абево;12108;00
1134;009;▒. Гол┐ма Жел┐зна;15703;00
1134;010;▒. Го░но Т░апе;16986;00
1134;011;▒. Г│мо╣ник;18109;00
1134;012;▒. Дебнево;20300;00
1134;013;▒. Доб░одан;21590;00
1134;015;▒. Д║лбок дол;24476;00
1134;016;▒. Калей╢а;35290;00
1134;019;▒. Ломе╢;44241;00
1134;020;▒. О░е╕ак;53707;00
1134;021;▒. Па▓░е╕ко;55587;00
1134;023;▒. С▓а░о ▒ело;70500;00
1134;024;▒. Те░зий▒ко;72309;00
1134;025;г░. Т░о┐н;73198;00
1134;026;▒. Че░ни О▒║м;80981;00
1134;027;▒. Чи┤лик;81476;00
1134;028;▒. Шипково;83212;00
1136;001;▒. Голе╢;15552;00
1136;002;▒. Д░агана;23060;00
1136;003;▒. Каленик;35331;00
1136;004;▒. Ка▓│не╢;36662;00
1136;005;▒. Ки░╖ево;36943;00
1136;006;▒. Ле▒ид░ен;43325;00
1136;007;▒. Мик░е;48060;00
1136;008;▒. О░л┐не;53967;00
1136;009;▒. Слав╣и╢а;67057;00
1136;011;▒. Сопо▓;68076;00
1136;012;г░. Уг║░╖ин;75054;00
1138;001;▒. Ба▓│л╢и;02909;00
1138;002;▒. Б░е▒▓ни╢а;06450;00
1138;003;▒. Гол┐ма Б░е▒▓ни╢а;15655;00
1138;004;▒. Доб░ев╢и;21381;00
1138;005;▒. Д║б░ава▓а;24390;00
1138;006;▒. Зла▓на Панега;31098;00
1138;007;▒. Мал║к изво░;46886;00
1138;009;▒. О░е╕ене;53730;00
1138;012;г░. Яблани╢а;87014;00
[END]

[SEC]
11;0200;001;6;001
11;0200;002;6;001
11;0200;003;6;001
11;0200;004;6;001
11;0200;005;6;005
11;0200;006;6;003
11;0200;007;6;004
11;1700;001;6;004
11;1700;002;6;004
11;1700;003;6;004
11;1700;004;6;004
11;1700;005;6;004
11;1700;006;6;001
11;1700;007;6;001
11;1700;008;6;002
11;1700;009;6;003
11;1800;001;6;020
11;1800;002;6;020
11;1800;003;6;020
11;1800;004;6;020
11;1800;005;6;020
11;1800;006;6;020
11;1800;007;6;020
11;1800;008;6;020
11;1800;009;6;020
11;1800;010;6;020
11;1800;011;6;020
11;1800;012;6;020
11;1800;013;6;020
11;1800;014;6;020
11;1800;015;6;020
11;1800;016;6;020
11;1800;017;6;020
11;1800;018;6;020
11;1800;019;6;020
11;1800;020;6;020
11;1800;021;6;020
11;1800;022;6;020
11;1800;023;6;020
11;1800;024;6;020
11;1800;025;6;020
11;1800;026;6;020
11;1800;027;6;020
11;1800;028;6;020
11;1800;029;6;020
11;1800;030;6;020
11;1800;031;6;020
11;1800;032;6;020
11;1800;033;6;020
11;1800;034;6;020
11;1800;035;6;020
11;1800;036;6;020
11;1800;037;6;025
11;1800;038;6;027
11;1800;039;6;027
11;1800;040;6;007
11;1800;041;6;034
11;1800;042;6;003
11;1800;043;6;003
11;1800;044;6;019
11;1800;045;6;019
11;1800;046;6;026
11;1800;047;6;026
11;1800;048;6;024
11;1800;049;6;024
11;1800;050;6;017
11;1800;051;6;004
11;1800;052;6;021
11;1800;053;6;021
11;1800;054;6;005
11;1800;055;6;031
11;1800;056;6;013
11;1800;057;6;022
11;1800;058;6;016
11;1800;059;6;008
11;1800;060;6;028
11;1800;061;6;018
11;1800;062;6;001
11;1800;063;6;035
11;1800;064;6;023
11;1800;065;6;029
11;1800;066;6;009
11;1800;067;6;020
11;1800;068;6;020
11;1800;069;6;020
11;1800;070;6;020
11;1800;071;6;002
11;1800;072;6;002
11;1800;073;6;002
11;1800;074;6;006
11;1800;075;6;012
11;1800;076;6;011
11;1800;077;6;011
11;1800;078;6;010
11;1800;079;6;036
11;1800;080;6;015
11;1800;081;6;033
11;1800;082;6;020
11;1800;083;6;020
11;1800;084;6;020
11;1800;085;6;020
11;1800;086;6;020
11;1800;087;6;020
11;1800;088;6;020
11;1800;089;6;020
11;1800;090;6;020
11;1800;091;6;020
11;1800;092;6;020
11;1800;093;6;020
11;1800;094;6;020
11;1800;095;6;020
11;1800;096;6;020
11;1800;097;6;030
11;1800;098;6;014
11;1800;099;6;020
11;1800;100;6;020
11;1800;101;6;020
11;1800;102;6;020
11;1800;103;6;020
11;1800;104;6;028
11;1800;105;6;020
11;1900;001;6;006
11;1900;002;6;006
11;1900;003;6;006
11;1900;004;6;006
11;1900;005;6;006
11;1900;006;6;006
11;1900;007;6;006
11;1900;008;6;006
11;1900;009;6;006
11;1900;010;6;006
11;1900;011;6;005
11;1900;012;6;002
11;1900;013;6;009
11;1900;015;6;007
11;1900;016;6;010
11;1900;018;6;004
11;1900;019;6;008
11;1900;020;6;011
11;1900;021;6;011
11;1900;022;6;003
11;1900;023;6;003
11;1900;024;6;003
11;1900;025;6;012
11;1900;027;6;001
11;1900;028;6;001
11;3300;001;6;003
11;3300;002;6;004
11;3300;003;6;004
11;3300;004;6;005
11;3300;005;6;006
11;3300;006;6;006
11;3300;007;6;006
11;3300;008;6;007
11;3300;009;6;007
11;3300;010;6;008
11;3300;011;6;008
11;3300;012;6;008+027
11;3300;013;6;009
11;3300;014;6;009
11;3300;015;6;009
11;3300;016;6;013
11;3300;017;6;013
11;3300;018;6;014
11;3300;019;6;020
11;3300;020;6;023
11;3300;021;6;023
11;3300;022;6;023
11;3300;023;6;024
11;3300;024;6;024
11;3300;025;6;024
11;3300;026;6;024
11;3300;027;6;024
11;3300;028;6;024
11;3300;029;6;024
11;3300;030;6;024
11;3300;031;6;024
11;3300;032;6;024
11;3300;033;6;024
11;3300;034;6;024
11;3300;035;6;024
11;3300;036;6;024
11;3300;037;6;024
11;3300;038;6;026
11;3300;039;6;026
11;3300;040;6;026
11;3300;041;6;024
11;3400;001;6;025
11;3400;002;6;025
11;3400;003;6;025
11;3400;004;6;025
11;3400;005;6;025
11;3400;006;6;025
11;3400;007;6;025
11;3400;008;6;025
11;3400;009;6;025
11;3400;010;6;025
11;3400;011;6;025
11;3400;012;6;025
11;3400;013;6;025
11;3400;014;6;025
11;3400;015;6;025
11;3400;016;6;025
11;3400;017;6;025
11;3400;018;6;025
11;3400;019;6;025
11;3400;020;6;025
11;3400;021;6;025
11;3400;022;6;025
11;3400;023;6;025
11;3400;024;6;025
11;3400;025;6;025
11;3400;026;6;025
11;3400;027;6;025
11;3400;029;6;025
11;3400;030;6;025
11;3400;032;6;003
11;3400;033;6;016
11;3400;034;6;016
11;3400;035;6;010
11;3400;037;6;002
11;3400;038;6;005
11;3400;039;6;027
11;3400;040;6;027
11;3400;041;6;024
11;3400;042;6;024
11;3400;043;6;004
11;3400;044;6;004
11;3400;045;6;004
11;3400;046;6;028
11;3400;047;6;028
11;3400;048;6;028
11;3400;050;6;020
11;3400;051;6;020
11;3400;052;6;026
11;3400;053;6;026
11;3400;054;6;021
11;3400;055;6;012
11;3400;056;6;012
11;3400;058;6;011
11;3400;059;6;007
11;3400;060;6;007
11;3400;061;6;013
11;3400;062;6;015
11;3400;063;6;019
11;3400;064;6;006
11;3400;065;6;006
11;3400;066;6;023
11;3400;067;6;009
11;3400;068;6;009
11;3400;069;6;025
11;3400;070;6;025
11;3400;071;6;025
11;3400;072;6;025
11;3400;073;6;025
11;3400;074;6;025
11;3400;075;6;025
11;3400;076;6;025
11;3600;001;6;012
11;3600;002;6;012
11;3600;003;6;012
11;3600;004;6;002
11;3600;005;6;004
11;3600;006;6;003
11;3600;007;6;008
11;3600;008;6;006
11;3600;009;6;006
11;3600;010;6;005
11;3600;011;6;009
11;3600;012;6;011
11;3600;013;6;007
11;3600;014;6;001
11;3800;001;6;012
11;3800;002;6;012
11;3800;003;6;012
11;3800;004;6;012
11;3800;005;6;012
11;3800;006;6;012
11;3800;007;6;001
11;3800;008;6;002
11;3800;009;6;003
11;3800;010;6;004
11;3800;011;6;005
11;3800;012;6;006
11;3800;013;6;007
11;3800;014;6;009
[END]

[MAJ]
11;6;   ;01;;;Пе▓║░ Ки░илов Бе░он и С▓о┐н В║л╖ев Анд░еев;, ;ПКБ+СВА;756;0;1
11;6;   ;02;;;Пе▓║░ С▓е┤анов С▓о┐нов и Нели Пе▓░ова К│╢кова;, ;ПСС+НПК;22521;2;2
11;6;   ;03;;;Богомил Ангелов Бонев и А▓ана▒ Иванов Желез╖ев;, ;БАБ+АИЖ;11262;0;3
11;6;   ;04;;;Жо░ж Ган╖ев Ган╖ев и Ве▒елин С▓о┐нов Бон╖ев;, ;ЖГГ+ВСБ;1958;0;4
11;6;   ;05;;;Гео░ги Седе┤╖ов П║░ванов и Ангел Иванов Ма░ин;, ;ГСП+АИМ;23699;2;5
11;6;   ;06;;;Рене▓а Иванова Инджова и К░║▒▓╛ Николов Илов;, ;РИИ+КНИ;1705;0;6
[END]

[PROP]
[END]

[LISTI]
[END]

[PROT]
6;11;0200;001;880+6+463+463+1+1+2+15+461;4+258+63+8+125+3
6;11;0200;002;759+0+368+368+0+0+0+22+368;2+131+54+11+162+8
6;11;0200;003;612+1+200+200+0+0+0+5+200;1+69+32+7+80+11
6;11;0200;004;765+3+346+346+0+0+0+14+346;3+166+58+7+108+4
6;11;0200;005;84+0+62+62+0+0+0+0+62;0+26+4+0+31+1
6;11;0200;006;225+2+117+117+1+1+2+7+115;4+28+17+3+62+1
6;11;0200;007;54+0+27+27+0+0+0+0+27;0+8+4+1+14+0
6;11;1700;001;655+0+293+293+2+3+5+0+288;2+94+51+10+124+7
6;11;1700;002;616+1+268+268+1+0+1+9+267;4+117+45+7+86+8
6;11;1700;003;547+2+222+222+0+0+0+0+222;1+86+29+12+88+6
6;11;1700;004;743+0+193+193+0+1+1+4+192;2+49+22+11+106+2
6;11;1700;005;721+1+243+243+0+0+0+0+243;5+57+25+16+132+8
6;11;1700;006;412+5+202+202+1+1+2+0+200;3+51+18+14+104+10
6;11;1700;007;374+5+168+168+0+1+1+0+167;3+54+21+6+70+13
6;11;1700;008;361+0+192+192+2+1+3+3+189;1+57+13+2+114+2
6;11;1700;009;120+2+75+75+0+0+0+2+75;1+29+17+4+23+1
6;11;1800;001;783+15+226+226+0+1+1+9+225;2+72+47+10+73+21
6;11;1800;002;823+0+391+391+2+1+3+16+388;1+172+67+6+136+6
6;11;1800;003;677+0+308+308+1+0+1+16+307;3+140+56+4+98+6
6;11;1800;004;745+0+327+327+1+0+1+14+326;1+123+74+3+123+2
6;11;1800;005;667+1+251+251+0+1+1+10+250;2+87+66+10+80+5
6;11;1800;006;955+1+410+410+0+1+1+17+409;3+163+67+0+165+11
6;11;1800;007;666+27+263+263+1+1+2+8+261;1+98+58+2+97+5
6;11;1800;008;739+0+232+232+0+0+0+6+232;2+89+47+1+83+10
6;11;1800;009;561+0+214+214+0+0+0+13+214;1+82+51+9+66+5
6;11;1800;010;522+1+186+186+0+0+0+0+186;2+67+48+3+64+2
6;11;1800;011;611+1+203+203+0+0+0+6+203;2+80+59+8+44+10
6;11;1800;012;674+0+168+168+2+0+2+4+166;0+62+49+2+50+3
6;11;1800;013;871+0+274+274+0+0+0+0+274;1+94+81+4+87+7
6;11;1800;014;710+0+250+250+0+1+1+8+249;0+94+75+7+65+8
6;11;1800;015;870+1+315+315+0+1+1+4+314;3+106+83+3+108+11
6;11;1800;016;778+31+324+324+0+0+0+0+324;1+151+55+12+97+8
6;11;1800;017;628+0+244+244+0+0+0+12+244;1+88+52+6+85+12
6;11;1800;018;687+0+307+307+0+1+1+21+306;3+96+61+7+129+10
6;11;1800;019;775+0+282+282+0+0+0+5+282;4+92+70+2+103+11
6;11;1800;020;888+0+302+302+0+0+0+0+302;1+117+87+10+79+8
6;11;1800;021;676+15+272+272+0+1+1+12+271;1+117+52+1+98+2
6;11;1800;022;636+0+253+253+0+1+1+0+252;1+100+42+5+97+7
6;11;1800;023;580+0+216+216+0+0+0+6+216;0+110+36+3+62+5
6;11;1800;024;713+0+265+265+0+1+1+0+264;1+101+60+2+98+2
6;11;1800;025;710+0+238+238+0+4+4+7+234;0+85+55+6+80+8
6;11;1800;026;937+1+395+395+0+1+1+0+394;2+164+92+8+124+4
6;11;1800;027;551+0+240+240+0+0+0+0+240;2+68+60+8+96+6
6;11;1800;028;662+0+250+250+0+0+0+0+250;2+114+68+5+54+7
6;11;1800;029;756+0+287+287+0+2+2+21+285;1+110+63+14+93+4
6;11;1800;030;371+0+73+73+0+0+0+0+73;5+30+11+2+19+6
6;11;1800;031;655+2+204+204+2+0+2+6+202;3+71+53+4+61+10
6;11;1800;032;737+0+303+303+0+0+0+0+303;0+115+61+9+102+16
6;11;1800;033;646+0+230+230+0+1+1+0+229;0+69+40+16+86+18
6;11;1800;034;456+0+189+189+0+1+1+9+188;1+84+26+8+65+4
6;11;1800;035;791+0+329+329+1+2+3+0+326;4+117+84+9+99+13
6;11;1800;036;655+0+271+271+0+0+0+15+271;2+110+54+5+93+7
6;11;1800;037;148+2+150+150+0+0+0+0+150;0+62+25+2+57+4
6;11;1800;038;516+1+226+226+0+0+0+11+226;4+41+34+6+136+5
6;11;1800;039;322+1+175+175+0+0+0+8+175;0+55+32+5+81+2
6;11;1800;040;216+2+216+216+0+4+4+12+212;0+42+42+6+121+1
6;11;1800;041;385+1+216+216+0+0+0+13+216;0+90+20+3+103+0
6;11;1800;042;401+1+209+209+1+0+1+0+208;2+58+41+7+91+9
6;11;1800;043;535+1+263+263+1+2+3+13+260;1+70+46+30+111+2
6;11;1800;044;513+9+301+301+5+0+5+0+296;5+101+43+14+128+5
6;11;1800;045;284+1+160+160+1+0+1+0+159;0+42+30+13+70+4
6;11;1800;046;365+2+224+224+0+1+1+25+223;0+70+25+2+120+6
6;11;1800;047;359+1+153+153+0+0+0+7+153;2+58+30+4+55+4
6;11;1800;048;443+8+300+300+0+1+1+18+299;6+74+56+6+152+5
6;11;1800;049;322+9+211+211+0+3+3+13+208;0+52+32+9+111+4
6;11;1800;050;326+4+226+226+1+0+1+0+225;2+26+18+7+165+7
6;11;1800;051;225+8+164+164+1+0+1+0+163;3+32+4+3+115+6
6;11;1800;052;419+2+202+202+0+0+0+0+202;4+87+31+3+53+24
6;11;1800;053;414+2+199+199+0+1+1+0+198;10+68+36+2+50+32
6;11;1800;054;203+5+136+136+0+1+1+7+135;0+26+7+4+89+9
6;11;1800;055;137+3+89+89+0+0+0+0+89;0+24+10+2+53+0
6;11;1800;056;41+8+40+40+1+1+2+5+38;0+1+7+2+25+3
6;11;1800;057;125+1+96+96+1+0+1+3+95;2+38+15+1+36+3
6;11;1800;058;244+4+159+159+0+1+1+12+158;6+52+24+4+65+7
6;11;1800;059;303+8+225+225+0+1+1+19+224;5+32+18+8+154+7
6;11;1800;060;122+2+62+62+0+0+0+1+62;3+27+7+4+19+2
6;11;1800;061;186+10+144+144+0+0+0+0+144;2+44+15+4+76+3
6;11;1800;062;154+9+123+123+0+1+1+0+122;3+47+24+1+46+1
6;11;1800;063;217+5+222+222+3+0+3+15+219;5+62+37+13+94+8
6;11;1800;064;322+2+139+139+2+0+2+2+137;5+35+28+6+57+6
6;11;1800;065;265+4+187+187+0+0+0+14+187;3+62+21+7+89+5
6;11;1800;066;186+4+136+136+1+0+1+0+135;2+26+16+4+84+3
6;11;1800;067;772+0+203+203+0+0+0+5+203;0+87+62+8+41+5
6;11;1800;068;733+0+221+221+0+0+0+8+221;1+71+69+12+57+11
6;11;1800;069;554+0+151+151+0+0+0+0+151;7+50+40+5+42+7
6;11;1800;070;827+0+259+259+0+0+0+11+259;1+101+68+3+81+5
6;11;1800;071;357+3+137+137+0+0+0+0+137;2+42+23+10+57+3
6;11;1800;072;773+5+252+252+1+4+5+0+247;4+66+33+11+123+10
6;11;1800;073;587+4+198+198+0+0+0+6+198;1+62+30+8+74+23
6;11;1800;074;233+8+241+241+0+0+0+22+241;7+73+17+7+130+7
6;11;1800;075;411+1+234+234+1+1+2+23+232;6+53+17+7+143+6
6;11;1800;076;507+6+213+213+0+0+0+6+213;0+51+25+0+137+0
6;11;1800;077;564+3+265+265+0+2+2+0+263;4+61+46+10+136+6
6;11;1800;078;292+3+154+154+0+1+1+11+153;1+36+16+3+93+4
6;11;1800;079;380+6+204+204+1+0+1+12+203;7+73+7+5+102+9
6;11;1800;080;350+6+200+200+0+1+1+9+199;1+46+38+5+106+3
6;11;1800;081;120+5+92+92+0+0+0+4+92;2+31+5+2+49+3
6;11;1800;082;756+1+269+269+1+0+1+7+268;4+107+47+5+100+5
6;11;1800;083;827+0+265+265+0+0+0+12+265;1+116+66+5+64+13
6;11;1800;084;641+0+200+200+0+0+0+3+200;1+62+62+8+62+5
6;11;1800;085;902+0+289+289+4+0+4+0+285;0+117+68+7+84+9
6;11;1800;086;662+1+186+186+0+0+0+6+186;1+68+63+8+43+3
6;11;1800;087;626+1+248+248+0+0+0+0+248;1+129+33+7+74+4
6;11;1800;088;535+0+208+208+0+0+0+9+208;1+73+49+4+74+7
6;11;1800;089;718+0+293+293+1+0+1+15+292;1+103+81+7+94+6
6;11;1800;090;520+0+238+238+1+0+1+2+237;2+114+43+3+65+10
6;11;1800;091;776+0+282+282+0+1+1+0+281;5+100+85+4+80+7
6;11;1800;092;702+0+281+281+0+0+0+0+281;2+116+69+11+76+7
6;11;1800;093;863+0+254+254+3+0+3+6+251;2+86+68+9+78+8
6;11;1800;094;690+0+217+217+0+0+0+8+217;0+85+70+5+55+2
6;11;1800;095;639+0+213+213+0+0+0+5+213;1+98+29+5+73+7
6;11;1800;096;578+0+205+205+1+0+1+6+204;3+76+37+6+57+25
6;11;1800;097;162+2+110+110+2+3+5+5+105;0+57+14+2+31+1
6;11;1800;098;48+1+34+34+1+0+1+1+33;1+12+3+1+15+1
6;11;1800;099;463+0+170+170+0+1+1+0+169;0+56+31+6+71+5
6;11;1800;100;739+5+260+260+0+0+0+6+260;1+115+53+10+77+4
6;11;1800;101;687+0+248+248+0+0+0+0+248;0+91+58+5+83+11
6;11;1800;102;79+0+58+58+1+0+1+8+57;0+25+10+4+16+2
6;11;1800;103;169+0+152+152+3+0+3+5+149;1+50+8+73+10+7
6;11;1800;104;39+0+23+23+1+0+1+5+22;3+5+1+3+9+1
6;11;1800;105;29+0+28+28+0+0+0+2+28;0+10+2+1+12+3
6;11;1900;001;918+0+318+318+0+0+0+0+318;6+73+76+18+143+2
6;11;1900;002;875+0+294+294+0+2+2+16+292;0+94+72+6+119+1
6;11;1900;003;888+1+346+346+0+0+0+0+346;2+98+82+18+141+5
6;11;1900;004;676+0+286+286+1+0+1+11+285;1+103+78+5+88+10
6;11;1900;005;910+0+357+357+0+0+0+10+357;3+117+63+8+160+6
6;11;1900;006;868+0+336+336+0+0+0+10+336;2+140+60+4+122+8
6;11;1900;007;895+2+250+250+0+3+3+0+247;2+84+44+6+105+6
6;11;1900;008;620+0+152+152+0+2+2+11+150;5+77+9+2+47+10
6;11;1900;009;916+0+281+281+0+0+0+21+281;0+103+73+6+91+8
6;11;1900;010;622+0+159+159+0+0+0+4+159;9+69+16+4+59+2
6;11;1900;011;296+5+301+301+0+1+1+11+300;3+58+55+12+167+5
6;11;1900;012;407+8+218+218+1+0+1+20+217;8+68+28+7+101+5
6;11;1900;013;700+8+325+325+1+2+3+17+322;3+46+55+6+208+4
6;11;1900;015;475+4+252+252+0+4+4+12+248;2+77+37+12+112+8
6;11;1900;016;494+6+237+237+4+1+5+0+232;4+68+17+15+121+7
6;11;1900;018;224+4+145+145+0+0+0+0+145;2+37+19+0+86+1
6;11;1900;019;184+2+124+124+0+0+0+0+124;1+41+12+1+63+5
6;11;1900;020;781+6+361+361+1+2+3+0+358;7+102+85+6+156+2
6;11;1900;021;790+0+334+334+0+0+0+10+334;5+100+35+10+178+6
6;11;1900;022;703+8+302+302+0+0+0+5+302;5+69+67+6+149+6
6;11;1900;023;572+3+271+271+3+1+4+14+267;2+64+52+5+142+2
6;11;1900;024;836+3+270+270+0+2+2+12+268;10+76+55+9+111+7
6;11;1900;025;903+0+434+434+5+2+7+0+427;3+142+55+10+200+17
6;11;1900;027;762+8+291+291+0+0+0+5+291;3+92+23+5+164+4
6;11;1900;028;405+5+196+196+1+2+3+9+193;5+56+12+6+114+0
6;11;3300;001;233+2+131+131+1+0+1+1+130;3+48+16+10+50+3
6;11;3300;002;445+0+225+225+0+0+0+7+225;9+113+28+2+70+3
6;11;3300;003;601+0+296+296+0+0+1+0+295;6+127+49+11+94+8
6;11;3300;004;274+1+99+99+0+1+1+6+98;1+22+17+7+46+5
6;11;3300;005;732+0+420+420+5+5+10+0+410;9+211+37+24+116+13
6;11;3300;006;635+0+360+360+1+7+8+5+352;12+148+48+30+98+16
6;11;3300;007;507+0+310+310+0+3+3+11+307;6+168+21+17+83+12
6;11;3300;008;574+1+207+207+0+0+0+0+207;6+89+18+1+88+5
6;11;3300;009;676+0+285+285+3+2+5+6+280;4+52+37+5+164+18
6;11;3300;010;519+2+285+285+0+0+0+6+285;5+72+45+5+149+9
6;11;3300;011;510+0+308+308+0+0+0+0+308;2+63+46+11+183+3
6;11;3300;012;76+2+44+44+0+0+0+0+44;0+20+6+2+15+1
6;11;3300;013;206+12+142+142+0+0+0+6+142;2+26+21+1+89+3
6;11;3300;014;172+5+124+124+0+0+0+7+124;1+27+22+5+68+1
6;11;3300;015;110+1+64+64+0+0+0+1+64;2+18+15+0+29+0
6;11;3300;016;570+0+252+252+0+2+2+0+250;4+142+25+1+74+4
6;11;3300;017;847+0+308+308+1+2+3+0+305;8+98+42+8+144+5
6;11;3300;018;186+2+117+117+0+0+0+0+117;3+30+37+3+39+5
6;11;3300;019;158+3+110+110+0+1+1+0+109;0+32+8+1+64+4
6;11;3300;020;643+0+293+293+1+1+2+15+291;1+62+90+11+123+4
6;11;3300;021;328+3+156+156+0+0+0+11+156;0+54+46+2+50+4
6;11;3300;022;222+1+110+110+3+0+3+2+107;2+37+23+5+38+2
6;11;3300;023;765+0+313+313+1+0+1+6+312;7+137+42+19+91+16
6;11;3300;024;598+0+201+201+0+0+0+1+201;1+78+57+4+55+6
6;11;3300;025;583+0+177+177+1+1+2+0+175;6+63+56+13+33+4
6;11;3300;026;832+0+324+324+0+1+1+10+323;5+140+65+9+100+4
6;11;3300;027;570+0+232+232+3+0+3+6+229;5+110+32+11+63+8
6;11;3300;028;846+2+354+354+0+0+0+4+354;1+164+81+11+89+8
6;11;3300;029;775+0+334+334+3+3+6+9+328;5+139+67+15+98+4
6;11;3300;030;494+0+217+217+0+0+0+12+217;1+82+43+7+73+11
6;11;3300;031;685+0+316+316+2+1+3+19+313;4+147+69+10+74+9
6;11;3300;032;778+0+285+285+0+1+1+0+284;3+164+34+9+70+4
6;11;3300;033;717+0+313+313+0+0+0+7+313;5+133+59+11+100+5
6;11;3300;034;639+0+298+298+2+0+2+9+296;0+121+73+2+95+5
6;11;3300;035;430+2+200+200+0+3+3+6+197;2+71+61+4+55+4
6;11;3300;036;480+1+205+205+1+0+1+6+204;4+65+42+6+84+3
6;11;3300;037;445+2+164+164+0+1+1+0+163;3+50+48+5+52+5
6;11;3300;038;347+2+205+205+2+2+4+8+201;3+80+41+4+66+7
6;11;3300;039;206+3+89+89+0+0+0+0+89;2+22+20+4+39+2
6;11;3300;040;189+3+109+109+1+1+2+5+107;0+37+14+7+45+4
6;11;3300;041;25+1+14+14+0+0+0+0+14;0+6+1+0+7+0
6;11;3400;001;643+0+251+251+0+0+0+0+251;5+96+69+2+72+7
6;11;3400;002;587+0+206+206+0+0+0+11+206;5+84+43+4+62+8
6;11;3400;003;621+4+217+217+0+0+0+7+217;4+117+38+2+56+0
6;11;3400;004;561+1+226+226+2+1+3+0+223;1+91+54+6+66+5
6;11;3400;005;790+0+298+298+0+1+1+0+297;0+128+42+4+117+6
6;11;3400;006;544+0+203+203+0+1+1+0+202;3+94+39+6+56+4
6;11;3400;007;628+6+202+202+0+0+0+0+202;0+70+32+4+92+4
6;11;3400;008;598+0+240+240+1+0+1+6+239;1+118+41+3+72+4
6;11;3400;009;340+0+127+127+0+0+0+0+127;0+65+24+0+36+2
6;11;3400;010;745+0+277+277+0+0+0+0+277;2+138+43+4+84+6
6;11;3400;011;410+0+149+149+0+0+0+0+149;1+74+29+5+38+2
6;11;3400;012;687+0+260+260+0+0+0+0+260;1+139+37+3+74+6
6;11;3400;013;608+0+289+289+0+0+0+0+289;1+115+47+9+108+9
6;11;3400;014;741+0+308+308+0+0+0+0+308;1+134+53+10+107+3
6;11;3400;015;819+2+329+329+3+0+3+10+326;3+197+27+8+87+4
6;11;3400;016;709+1+280+280+0+0+0+5+280;1+140+46+5+75+13
6;11;3400;017;605+1+247+247+0+0+0+0+247;4+132+35+3+66+7
6;11;3400;018;814+0+329+329+0+0+0+18+329;1+147+55+4+114+8
6;11;3400;019;718+0+253+253+1+1+2+11+251;3+131+37+5+66+9
6;11;3400;020;575+0+262+262+0+0+0+0+262;3+95+55+10+93+6
6;11;3400;021;865+0+358+358+2+0+2+16+356;7+153+83+18+84+11
6;11;3400;022;583+0+237+237+3+1+4+12+233;0+97+56+7+68+5
6;11;3400;023;495+2+154+154+0+0+0+0+154;0+67+35+3+45+4
6;11;3400;024;868+2+262+262+1+0+1+0+261;0+125+60+9+63+4
6;11;3400;025;477+2+140+140+0+0+0+1+140;1+49+28+4+51+7
6;11;3400;026;212+0+94+94+1+0+1+5+93;0+50+20+4+15+4
6;11;3400;027;158+0+83+83+0+0+0+0+83;0+21+28+4+30+0
6;11;3400;029;25+3+13+13+0+0+0+0+13;1+2+2+2+4+2
6;11;3400;030;700+1+229+229+1+1+2+6+227;1+101+57+9+54+5
6;11;3400;032;259+1+163+163+0+0+0+0+163;5+46+48+7+55+2
6;11;3400;033;389+3+199+199+0+0+0+17+199;4+86+13+4+91+1
6;11;3400;034;229+2+132+132+0+0+0+4+132;0+73+9+3+47+0
6;11;3400;035;154+13+112+112+0+1+1+0+111;2+12+8+7+81+1
6;11;3400;037;131+5+95+95+3+0+3+6+92;1+25+14+5+42+5
6;11;3400;038;193+5+110+110+0+0+0+0+110;0+27+12+8+59+4
6;11;3400;039;204+1+108+108+0+0+0+0+108;0+29+17+3+56+3
6;11;3400;040;149+0+64+64+0+0+0+0+64;3+27+14+1+19+0
6;11;3400;041;163+5+95+95+1+0+1+6+94;2+39+17+1+35+0
6;11;3400;042;277+2+174+174+1+0+1+0+173;6+61+28+11+67+0
6;11;3400;043;164+0+95+95+1+2+3+5+92;0+29+31+2+29+1
6;11;3400;044;236+4+133+133+0+0+0+0+133;1+54+33+2+43+0
6;11;3400;045;300+0+157+157+0+0+0+0+157;2+52+39+13+49+2
6;11;3400;046;102+4+73+73+0+0+0+0+73;1+21+22+3+23+3
6;11;3400;047;274+2+141+141+0+0+0+0+141;5+28+29+5+73+1
6;11;3400;048;412+0+211+211+0+1+1+0+210;3+67+40+4+94+2
6;11;3400;050;951+0+351+351+0+1+1+14+350;3+156+73+14+89+15
6;11;3400;051;963+4+335+335+0+0+0+17+335;4+168+56+11+79+17
6;11;3400;052;401+0+212+212+1+0+1+4+211;4+115+29+8+50+5
6;11;3400;053;524+1+201+201+1+0+1+8+200;3+103+35+10+44+5
6;11;3400;054;84+3+46+46+0+0+0+0+46;1+19+6+0+18+2
6;11;3400;055;302+0+165+165+0+1+1+0+164;1+51+30+0+80+2
6;11;3400;056;439+2+215+215+0+2+2+15+213;3+59+46+4+98+3
6;11;3400;058;231+4+127+127+1+0+1+2+126;0+64+17+1+41+3
6;11;3400;059;404+5+242+242+0+1+1+14+241;1+61+46+6+123+4
6;11;3400;060;423+2+280+280+0+2+2+18+278;3+71+29+9+160+6
6;11;3400;061;276+4+183+183+1+0+1+15+182;2+75+13+3+86+3
6;11;3400;062;361+3+158+158+1+0+1+5+157;3+41+26+4+81+2
6;11;3400;063;300+1+168+168+1+1+2+9+166;2+50+26+7+80+1
6;11;3400;064;334+0+179+179+1+0+1+0+178;2+55+39+4+73+5
6;11;3400;065;562+0+265+265+0+2+2+5+263;6+114+47+3+72+21
6;11;3400;066;282+4+157+157+1+0+1+0+156;3+61+24+4+62+2
6;11;3400;067;302+5+197+197+0+0+0+11+197;3+66+35+3+86+4
6;11;3400;068;427+4+246+246+1+2+3+11+243;4+67+36+11+112+13
6;11;3400;069;547+0+214+214+0+0+0+1+214;0+109+54+4+41+6
6;11;3400;070;512+0+133+133+0+0+0+0+133;0+67+33+7+22+4
6;11;3400;071;791+0+283+283+1+0+1+0+282;3+131+56+7+77+8
6;11;3400;072;563+2+214+214+1+0+1+0+213;1+95+34+9+62+12
6;11;3400;073;685+0+231+231+0+1+1+0+230;1+94+42+9+79+5
6;11;3400;074;656+1+214+214+1+0+1+5+213;0+78+45+6+78+6
6;11;3400;075;545+1+150+150+0+0+0+7+150;0+83+38+4+23+2
6;11;3400;076;461+4+146+146+2+0+2+1+144;1+63+44+1+30+5
6;11;3600;001;1013+4+478+478+3+3+6+13+472;10+123+76+22+216+25
6;11;3600;002;851+1+461+461+4+0+4+45+457;4+99+60+27+237+30
6;11;3600;003;589+1+321+321+4+4+8+30+313;4+80+56+11+149+13
6;11;3600;004;310+6+204+204+1+1+2+14+202;5+60+14+10+111+2
6;11;3600;005;436+2+239+239+0+1+1+9+238;7+88+24+16+85+18
6;11;3600;006;200+1+143+143+3+0+3+7+140;4+64+8+5+58+1
6;11;3600;007;126+4+106+106+0+1+1+0+105;1+34+9+1+56+4
6;11;3600;008;618+2+311+311+1+0+1+0+310;10+104+48+12+128+8
6;11;3600;009;658+4+369+369+1+3+4+0+365;4+104+70+10+163+14
6;11;3600;010;990+1+412+412+1+1+2+11+410;17+122+83+23+155+10
6;11;3600;011;204+1+155+155+3+0+3+9+152;2+68+4+4+72+2
6;11;3600;012;244+5+132+132+4+2+6+13+126;5+41+10+9+56+5
6;11;3600;013;340+4+205+205+1+3+4+15+201;14+63+39+17+58+10
6;11;3600;014;297+1+186+186+1+1+2+9+184;2+94+8+6+68+6
6;11;3800;001;754+2+292+292+0+0+0+11+292;1+111+84+6+83+7
6;11;3800;002;658+3+302+302+0+1+1+15+301;13+142+63+13+67+3
6;11;3800;003;770+4+395+395+1+1+2+17+393;5+133+80+8+163+4
6;11;3800;004;159+5+84+84+0+0+0+3+84;0+23+18+2+40+1
6;11;3800;005;23+15+25+25+0+0+0+0+25;1+10+6+0+8+0
6;11;3800;006;91+3+45+45+0+0+0+3+45;1+9+14+1+18+2
6;11;3800;007;210+2+127+127+1+2+3+6+124;4+43+18+3+56+0
6;11;3800;008;638+3+383+383+1+5+6+14+377;4+105+33+8+222+5
6;11;3800;009;193+8+124+124+0+2+2+13+122;3+31+18+5+63+2
6;11;3800;010;491+3+292+292+2+1+3+13+289;2+74+43+18+148+4
6;11;3800;011;82+0+46+46+0+0+0+1+46;2+18+11+1+13+1
6;11;3800;012;649+2+325+325+0+3+3+17+322;5+112+74+20+106+5
6;11;3800;013;254+2+155+155+0+0+0+0+155;2+43+37+3+65+5
6;11;3800;014;236+6+171+171+2+0+2+6+169;4+43+21+2+93+6
[END]

[AGGR]
11;6;   ;6+286+286+143618+646+62260+62260+175+182+358+1744+61902;756+22521+11262+1958+23699+1705
[END]

