[INFO]
12;Мон▓ана;201
[END]

[IZB]
12;6;   ;;11.11.2001;1;6;289
[END]

[NM]
1202;001;▒. Бал╛ви╢а;02542;00
1202;002;г░. Бе░кови╢а;03928;00
1202;003;▒. Би▒▓░или╢а;04203;00
1202;004;▒. Бокилов╢и;05253;00
1202;005;▒. Бо░ов╢и;05654;00
1202;006;▒. Б║░зи┐;07510;00
1202;007;▒. Гагани╢а;14297;00
1202;008;▒. Зам┤и░ово;30301;00
1202;009;▒. Кома░ево;38131;00
1202;010;▒. Ко▒▓ен╢и;38933;00
1202;011;▒. Ко▓енов╢и;39044;00
1202;012;▒. Ле▒кове╢;43414;00
1202;013;▒. Мезд░е┐;47723;00
1202;014;▒. Пе▒о╖ни╢а;55930;00
1202;015;▒. П║░ли╖ево;59118;00
1202;017;▒. Ра╕ови╢а;62311;00
1202;019;▒. Сла▓ина;67221;00
1202;020;▒. Цве▓кова ба░а;78286;00
1202;021;▒. Че░е╕ови╢а;80635;00
1202;022;▒. Ягодово;87237;00
1204;001;▒. Бели б░ег;03383;00
1204;002;▒. Бели б░од;03397;00
1204;003;г░. Бой╖инов╢и;05236;00
1204;004;▒. Владими░ово;11418;00
1204;005;▒. Г░ом╕ин;17943;00
1204;006;▒. Е░ден;27557;00
1204;007;▒. Кобил┐к;37424;00
1204;008;▒. Ле╡╖ево;43517;00
1204;009;▒. Мадан;46036;00
1204;010;▒. М║░╖ево;49607;00
1204;011;▒. О╡░ид;54496;00
1204;012;▒. Пали л│ла;55258;00
1204;013;▒. По░▓и▓ов╢и;57844;00
1207;001;г░. Б░│▒а░╢и;06570;00
1207;002;▒. Б│кове╢;06971;00
1207;003;▒. Ва▒илов╢и;10255;00
1207;004;▒. Донд│ково;22945;00
1207;005;▒. Д║бова ма╡ала;24298;00
1207;006;▒. Ки▒елево;36957;00
1207;007;▒. Кн┐жева ма╡ала;37397;00
1207;008;▒. К░ива ба░а;39743;00
1207;010;▒. Одо░ов╢и;53401;00
1207;011;▒. Сми░нен▒ки;67564;00
1211;001;▒. Бо▓ево;05852;00
1211;002;▒. Б║зове╢;07209;00
1211;003;г░. В║л╖ед░║м;12543;00
1211;004;▒. Го░ни Циб║░;16639;00
1211;005;▒. Долни Циб║░;22530;00
1211;006;▒. Зла▓и┐;31053;00
1211;007;▒. Игна▓ово;32295;00
1211;008;▒. Мок░е╕;48859;00
1211;009;▒. Разг░ад;61707;00
1211;010;▒. Сеп▓емв░ий╢и;16184;00
1211;011;▒. Че░ни в░║╡;80933;00
1212;001;г░. В║░╕е╢;12961;00
1212;002;▒. Го░на бела ░е╖ка;16119;00
1212;003;▒. Го░но Ози░ово;16866;00
1212;004;▒. Долна бела ░е╖ка;22019;00
1212;005;▒. Долно Ози░ово;22747;00
1212;006;▒. Д░агани╢а;23073;00
1212;008;▒. Спан╖ев╢и;68179;00
1212;009;▒. С▓о┐ново;69537;00
1212;010;▒. Че░ка▒ки;80683;00
1214;001;▒. Видли╢а;10999;00
1214;002;▒. Гав░ил Геново;14283;00
1214;003;▒. Гео░ги Дам┐ново;14773;00
1214;004;▒. Главанов╢и;14965;00
1214;005;▒. Говежда;15299;00
1214;006;▒. Го░но Це░овене;17018;00
1214;007;▒. Дива Сла▓ина;20941;00
1214;008;▒. Д║лги Дел;24534;00
1214;009;▒. Елови╢а;27348;00
1214;010;▒. Камена Рик▒а;35871;00
1214;011;▒. Копилов╢и;38488;00
1214;012;▒. Мел┐не;47771;00
1214;013;▒. Помеждин;57474;00
1214;014;▒. Чеми╕;80368;00
1224;001;▒. Доб░и дол;21436;00
1224;002;▒. Долно Линево;22695;00
1224;003;▒. Зам┤и░;30291;00
1224;004;▒. Кова╖и╢а;37544;00
1224;005;г░. Лом;44238;00
1224;006;▒. О░▒о┐;53970;00
1224;007;▒. Слива▓а;67310;00
1224;008;▒. С▓алий▒ка ма╡ала;68672;00
1224;009;▒. С▓анево;68758;00
1224;010;▒. Т░айково;72940;00
1226;001;▒. А▒па░│╡ово;00792;00
1226;002;▒. Медкове╢;47593;00
1226;003;▒. Пи╕│░ка;56544;00
1226;004;▒. Ра▒ово;62222;00
1226;005;▒. Сливовик;67386;00
1229;001;▒. Бездени╢а;03201;00
1229;002;▒. Бело▓ин╢и;03722;00
1229;003;▒. Долно Бело▓ин╢и;03736;00
1229;004;▒. Благово;04251;00
1229;005;▒. Вини╣е;11137;00
1229;006;▒. Ви░ове;11171;00
1229;007;▒. Войни╢и;11939;00
1229;008;▒. Габ░овни╢а;14180;00
1229;009;▒. Го░на Ве░ени╢а;16153;00
1229;010;▒. Док▓о░ Йо▒и┤ово;21840;00
1229;011;▒. Долна Ве░ени╢а;22040;00
1229;012;▒. Долна Рик▒а;22250;00
1229;013;▒. Кли▒│░и╢а;37304;00
1229;014;▒. К░ап╖ене;39503;00
1229;015;▒. Липен;43730;00
1229;016;г░. Мон▓ана;48489;00
1229;017;▒. Николово;51665;00
1229;018;▒. Славо▓ин;67043;00
1229;019;▒. Смол┐нов╢и;67667;00
1229;020;▒. С▓│бел;70024;00
1229;021;▒. С▓│дено Б│╖е;70113;00
1229;022;▒. С│ме░;70233;00
1229;023;▒. Т░и┤оново;73167;00
1236;001;▒. Белимел;03469;00
1236;002;▒. Го░на Кова╖и╢а;16239;00
1236;003;▒. Го░на Л│ка;16300;00
1236;004;▒. Железна;29115;00
1236;005;▒. Ма░▓иново;47353;00
1236;006;▒. Ми▓░ов╢и;48475;00
1236;007;▒. П░евала;58116;00
1236;008;▒. Равна;61090;00
1236;009;▒. Чел╛▒▓ни╢а;80354;00
1236;010;г░. Чип░ов╢и;81390;00
1238;001;▒. Долно Це░овене;22873;00
1238;002;▒. Д║лгодел╢и;24551;00
1238;003;▒. Комо╣и╢а;38159;00
1238;004;▒. Якимово;87299;00
[END]

[SEC]
12;0200;001;6;002
12;0200;002;6;002
12;0200;003;6;002
12;0200;004;6;002
12;0200;005;6;002
12;0200;006;6;002
12;0200;007;6;002
12;0200;008;6;002
12;0200;009;6;002
12;0200;010;6;002
12;0200;011;6;002
12;0200;012;6;002
12;0200;013;6;002
12;0200;014;6;002
12;0200;015;6;002
12;0200;016;6;002
12;0200;017;6;002
12;0200;018;6;002
12;0200;019;6;002
12;0200;020;6;002
12;0200;021;6;002
12;0200;022;6;013
12;0200;023;6;004
12;0200;024;6;010
12;0200;025;6;009
12;0200;026;6;014
12;0200;027;6;001
12;0200;028;6;007
12;0200;029;6;003
12;0200;031;6;011
12;0200;032;6;012
12;0200;033;6;021
12;0200;034;6;015
12;0200;035;6;022
12;0200;036;6;006
12;0200;037;6;006
12;0200;038;6;020
12;0200;039;6;019
12;0200;040;6;008+017
12;0200;041;6;008
12;0200;043;6;005
12;0400;001;6;003
12;0400;002;6;003
12;0400;003;6;003
12;0400;004;6;004
12;0400;005;6;004
12;0400;006;6;010
12;0400;007;6;009
12;0400;008;6;006
12;0400;009;6;011
12;0400;010;6;013
12;0400;011;6;001
12;0400;012;6;012
12;0400;013;6;002
12;0400;014;6;008
12;0400;015;6;008
12;0400;016;6;008
12;0400;017;6;005
12;0400;018;6;007
12;0400;019;6;004
12;0700;001;6;001
12;0700;002;6;001
12;0700;003;6;011
12;0700;004;6;005
12;0700;005;6;006
12;0700;006;6;007
12;0700;007;6;008
12;0700;008;6;008
12;0700;009;6;003
12;0700;010;6;003
12;0700;011;6;004
12;0700;012;6;002
12;0700;013;6;010
12;1100;001;6;003
12;1100;002;6;003
12;1100;003;6;003
12;1100;004;6;003
12;1100;005;6;003
12;1100;007;6;011
12;1100;008;6;010
12;1100;009;6;010
12;1100;010;6;002
12;1100;011;6;008
12;1100;012;6;008
12;1100;013;6;001
12;1100;014;6;009
12;1100;015;6;009
12;1100;016;6;006
12;1100;017;6;006
12;1100;018;6;007
12;1100;019;6;005
12;1100;020;6;005
12;1100;021;6;004
12;1200;001;6;001
12;1200;002;6;001
12;1200;003;6;001
12;1200;004;6;001
12;1200;005;6;001
12;1200;006;6;001
12;1200;007;6;001
12;1200;008;6;001
12;1200;009;6;008
12;1200;010;6;004
12;1200;011;6;002
12;1200;012;6;005
12;1200;013;6;003
12;1200;014;6;009
12;1200;015;6;010
12;1200;016;6;006
12;1400;001;6;001
12;1400;002;6;006
12;1400;003;6;002
12;1400;004;6;003
12;1400;005;6;004
12;1400;006;6;005
12;1400;007;6;007
12;1400;008;6;008
12;1400;009;6;009
12;1400;010;6;010
12;1400;011;6;011
12;1400;012;6;011
12;1400;013;6;012
12;1400;014;6;013
12;1400;015;6;014
12;2400;001;6;005
12;2400;002;6;005
12;2400;003;6;005
12;2400;004;6;005
12;2400;005;6;005
12;2400;006;6;005
12;2400;007;6;005
12;2400;008;6;005
12;2400;009;6;005
12;2400;010;6;005
12;2400;011;6;005
12;2400;012;6;005
12;2400;013;6;005
12;2400;014;6;005
12;2400;015;6;005
12;2400;016;6;005
12;2400;017;6;005
12;2400;018;6;005
12;2400;019;6;005
12;2400;020;6;005
12;2400;021;6;005
12;2400;022;6;005
12;2400;023;6;005
12;2400;024;6;005
12;2400;025;6;005
12;2400;026;6;005
12;2400;027;6;005
12;2400;028;6;005
12;2400;029;6;005
12;2400;030;6;005
12;2400;031;6;005
12;2400;032;6;005
12;2400;033;6;005
12;2400;034;6;005
12;2400;035;6;002
12;2400;036;6;003
12;2400;037;6;003
12;2400;038;6;010
12;2400;039;6;010
12;2400;040;6;008
12;2400;041;6;008
12;2400;042;6;007
12;2400;043;6;001
12;2400;044;6;006
12;2400;045;6;004
12;2400;046;6;004
12;2400;047;6;009
12;2400;048;6;005
12;2400;049;6;006
12;2400;050;6;005
12;2400;051;6;005
12;2400;052;6;005
12;2600;001;6;005
12;2600;002;6;003
12;2600;003;6;002
12;2600;004;6;002
12;2600;005;6;002
12;2600;006;6;002
12;2600;007;6;001
12;2600;008;6;004
12;2600;009;6;004
12;2900;001;6;016
12;2900;002;6;016
12;2900;003;6;016
12;2900;005;6;016
12;2900;006;6;016
12;2900;007;6;016
12;2900;009;6;016
12;2900;010;6;016
12;2900;011;6;016
12;2900;012;6;016
12;2900;013;6;016
12;2900;014;6;016
12;2900;016;6;016
12;2900;017;6;016
12;2900;019;6;016
12;2900;021;6;016
12;2900;022;6;016
12;2900;024;6;016
12;2900;027;6;016
12;2900;028;6;016
12;2900;029;6;016
12;2900;030;6;016
12;2900;032;6;016
12;2900;033;6;016
12;2900;034;6;016
12;2900;035;6;016
12;2900;036;6;016
12;2900;037;6;016
12;2900;038;6;016
12;2900;039;6;016
12;2900;040;6;016
12;2900;041;6;016
12;2900;042;6;016
12;2900;043;6;016
12;2900;044;6;016
12;2900;045;6;016
12;2900;046;6;016
12;2900;047;6;016
12;2900;049;6;016
12;2900;051;6;016
12;2900;052;6;016
12;2900;054;6;016
12;2900;055;6;016
12;2900;056;6;016
12;2900;057;6;016
12;2900;058;6;016
12;2900;059;6;016
12;2900;060;6;016
12;2900;062;6;016
12;2900;063;6;016
12;2900;064;6;016
12;2900;065;6;016
12;2900;066;6;016
12;2900;067;6;016
12;2900;068;6;011
12;2900;069;6;009
12;2900;070;6;009
12;2900;071;6;005
12;2900;072;6;019
12;2900;073;6;019
12;2900;074;6;002
12;2900;075;6;013
12;2900;076;6;012
12;2900;077;6;018
12;2900;078;6;010
12;2900;079;6;007
12;2900;080;6;021
12;2900;081;6;006
12;2900;082;6;001
12;2900;083;6;008
12;2900;084;6;008
12;2900;085;6;003
12;2900;086;6;017
12;2900;087;6;014
12;2900;088;6;020
12;2900;090;6;015
12;2900;091;6;022
12;2900;092;6;023
12;2900;093;6;004
12;2900;094;6;016
12;2900;096;6;016
12;2900;097;6;016
12;2900;098;6;016
12;3600;001;6;010
12;3600;002;6;010
12;3600;003;6;010
12;3600;004;6;005
12;3600;005;6;004
12;3600;006;6;007
12;3600;007;6;003
12;3600;008;6;006
12;3600;009;6;001
12;3600;010;6;009
12;3600;011;6;002
12;3600;012;6;008
12;3800;001;6;004
12;3800;002;6;004
12;3800;003;6;004
12;3800;004;6;004
12;3800;005;6;002
12;3800;006;6;002
12;3800;007;6;001
12;3800;008;6;003
12;3800;009;6;003
[END]

[MAJ]
12;6;   ;01;;;Пе▓║░ Ки░илов Бе░он и С▓о┐н В║л╖ев Анд░еев;, ;ПКБ+СВА;752;0;1
12;6;   ;02;;;Пе▓║░ С▓е┤анов С▓о┐нов и Нели Пе▓░ова К│╢кова;, ;ПСС+НПК;18724;2;2
12;6;   ;03;;;Богомил Ангелов Бонев и А▓ана▒ Иванов Желез╖ев;, ;БАБ+АИЖ;12422;0;3
12;6;   ;04;;;Жо░ж Ган╖ев Ган╖ев и Ве▒елин С▓о┐нов Бон╖ев;, ;ЖГГ+ВСБ;3701;0;4
12;6;   ;05;;;Гео░ги Седе┤╖ов П║░ванов и Ангел Иванов Ма░ин;, ;ГСП+АИМ;33523;2;5
12;6;   ;06;;;Рене▓а Иванова Инджова и К░║▒▓╛ Николов Илов;, ;РИИ+КНИ;1668;0;6
[END]

[PROP]
[END]

[LISTI]
[END]

[PROT]
6;12;0200;001;329+0+145+145+0+1+1+1+144;9+41+40+9+41+4
6;12;0200;002;750+0+258+258+0+0+0+0+258;3+66+62+16+98+13
6;12;0200;003;802+0+207+207+0+0+0+0+207;1+52+76+14+57+7
6;12;0200;004;642+1+275+275+1+1+2+11+273;3+69+62+10+126+3
6;12;0200;005;641+3+288+288+0+1+1+0+287;3+100+55+5+118+6
6;12;0200;006;716+0+332+332+1+0+1+18+331;3+115+50+14+143+6
6;12;0200;007;637+0+278+278+0+1+1+14+277;1+65+74+17+112+8
6;12;0200;008;771+0+265+265+0+0+0+0+265;0+74+56+7+128+0
6;12;0200;009;591+5+288+288+0+0+0+5+288;1+79+77+7+117+7
6;12;0200;010;523+0+188+188+0+0+0+8+188;3+54+41+11+68+11
6;12;0200;011;766+1+336+336+0+0+0+8+336;6+101+73+7+139+10
6;12;0200;012;741+2+332+332+1+1+2+13+330;1+106+50+14+155+4
6;12;0200;013;600+2+280+280+0+1+1+0+279;3+81+48+6+133+8
6;12;0200;014;578+0+244+244+2+2+4+0+240;3+77+51+7+97+5
6;12;0200;015;718+0+234+234+3+0+3+0+231;1+45+73+9+93+10
6;12;0200;016;830+2+327+327+0+2+2+6+325;5+91+98+18+107+6
6;12;0200;017;679+0+153+153+0+0+0+0+153;2+35+40+11+64+1
6;12;0200;018;751+0+82+82+0+0+0+0+82;1+16+23+4+38+0
6;12;0200;019;787+0+107+107+0+0+0+4+107;2+14+19+10+60+2
6;12;0200;020;202+0+76+76+0+0+0+7+76;4+23+1+5+41+2
6;12;0200;021;27+0+11+11+0+0+0+0+11;2+2+1+0+3+3
6;12;0200;022;272+1+156+156+0+0+0+9+156;5+54+15+7+72+3
6;12;0200;023;156+2+126+126+5+1+6+0+120;0+33+15+11+51+10
6;12;0200;024;112+2+76+76+0+1+1+0+75;1+12+9+2+47+4
6;12;0200;025;99+1+65+65+0+0+0+0+65;0+7+11+6+37+4
6;12;0200;026;56+1+48+48+1+0+1+0+47;1+21+6+1+17+1
6;12;0200;027;75+1+65+65+0+0+0+0+65;0+13+4+3+43+2
6;12;0200;028;409+2+235+235+1+1+2+0+233;4+47+29+11+136+6
6;12;0200;029;172+0+113+113+1+3+4+0+109;1+17+17+8+64+2
6;12;0200;031;173+2+125+125+1+1+2+3+123;3+29+25+10+52+4
6;12;0200;032;105+3+75+75+1+0+1+0+74;0+25+7+5+33+4
6;12;0200;033;98+0+77+77+0+0+0+0+77;1+13+9+7+43+4
6;12;0200;034;115+0+74+74+0+0+0+9+74;0+9+5+7+50+3
6;12;0200;035;230+1+125+125+0+1+1+7+124;1+23+8+1+89+2
6;12;0200;036;730+1+280+280+0+1+1+14+279;1+80+77+15+103+3
6;12;0200;037;791+0+308+308+0+3+3+13+305;4+80+85+22+105+9
6;12;0200;038;29+3+20+20+0+0+0+0+20;1+5+3+1+10+0
6;12;0200;039;351+2+225+225+4+0+4+6+221;5+58+17+11+130+0
6;12;0200;040;696+2+402+402+3+1+4+0+398;2+68+58+17+244+9
6;12;0200;041;758+4+428+428+0+1+1+0+427;2+50+68+21+273+13
6;12;0200;043;642+3+325+325+1+0+1+19+324;2+102+51+16+145+8
6;12;0400;001;794+2+445+445+1+0+1+24+444;4+106+107+5+218+4
6;12;0400;002;619+0+337+337+1+1+2+8+335;0+71+71+23+165+5
6;12;0400;003;255+0+149+149+1+0+1+1+148;2+21+42+6+76+1
6;12;0400;004;589+3+312+312+16+14+2+14+310;5+48+40+16+187+14
6;12;0400;005;635+4+359+359+2+0+2+23+357;5+54+25+25+236+12
6;12;0400;006;889+0+436+436+0+2+2+25+434;7+93+58+26+239+11
6;12;0400;007;856+7+530+530+0+3+3+37+527;7+85+57+27+340+11
6;12;0400;008;554+2+300+300+1+3+4+18+296;7+43+33+9+200+4
6;12;0400;009;440+4+271+271+0+1+1+18+270;0+49+25+6+189+1
6;12;0400;010;340+0+176+176+0+0+0+4+176;2+40+14+14+103+3
6;12;0400;011;141+1+101+101+0+0+0+4+101;2+11+27+3+56+2
6;12;0400;012;86+1+61+61+0+0+0+2+61;0+15+6+2+36+2
6;12;0400;013;330+2+223+223+0+0+0+8+223;0+61+15+12+134+1
6;12;0400;014;626+0+319+319+1+0+1+19+318;5+56+21+9+225+2
6;12;0400;015;633+3+311+311+0+2+2+10+309;2+39+16+31+218+3
6;12;0400;016;637+4+335+335+0+1+1+15+334;5+84+35+13+193+4
6;12;0400;017;903+3+513+513+0+1+1+0+512;5+133+59+26+281+8
6;12;0400;018;375+3+235+235+1+1+2+1+233;7+57+19+10+136+4
6;12;0400;019;49+2+36+36+0+0+0+3+36;3+10+5+1+16+1
6;12;0700;001;807+0+377+377+0+0+0+11+377;3+44+105+27+190+8
6;12;0700;002;584+3+296+296+3+0+3+14+293;4+39+39+12+194+5
6;12;0700;003;604+8+384+384+0+1+1+11+383;2+66+37+17+257+4
6;12;0700;004;105+7+69+69+0+0+0+0+69;0+16+14+0+38+1
6;12;0700;005;257+4+190+190+0+5+5+0+185;3+80+12+1+89+0
6;12;0700;006;149+2+79+79+0+0+0+1+79;0+15+11+4+47+2
6;12;0700;007;582+2+329+329+0+3+3+10+326;6+53+41+35+186+5
6;12;0700;008;452+0+215+215+0+0+0+0+215;3+24+36+12+136+4
6;12;0700;009;602+4+281+281+0+0+0+0+281;1+53+59+15+150+3
6;12;0700;010;711+0+367+367+3+1+4+0+363;1+57+44+22+230+9
6;12;0700;011;466+3+289+289+1+0+1+6+288;1+50+23+19+190+5
6;12;0700;012;251+5+160+160+4+0+4+9+156;1+27+21+4+103+0
6;12;0700;013;30+4+30+30+0+0+0+1+30;0+3+1+4+22+0
6;12;1100;001;746+1+297+297+1+2+3+17+294;8+87+44+16+132+7
6;12;1100;002;769+4+399+399+1+3+4+13+395;6+151+62+23+150+3
6;12;1100;003;714+0+321+321+0+1+1+18+320;2+104+38+16+146+14
6;12;1100;004;855+0+340+340+0+0+0+0+340;5+53+48+15+213+6
6;12;1100;005;975+9+425+425+1+0+0+27+425;2+120+63+31+196+13
6;12;1100;007;508+3+335+335+1+4+5+42+330;7+70+27+26+189+11
6;12;1100;008;668+1+342+342+0+1+1+17+341;2+50+41+21+225+2
6;12;1100;009;504+1+262+262+0+0+0+9+262;2+59+62+14+124+1
6;12;1100;010;228+2+152+152+0+0+0+10+152;1+47+17+4+80+3
6;12;1100;011;547+7+252+252+2+1+3+16+249;3+69+38+6+128+5
6;12;1100;012;383+0+199+199+1+0+1+13+198;2+42+20+13+115+6
6;12;1100;013;94+3+63+63+0+0+0+3+63;1+5+12+1+44+0
6;12;1100;014;400+9+237+237+0+3+3+234+234;4+37+19+15+157+2
6;12;1100;015;485+1+281+281+0+1+1+11+280;8+50+18+14+175+15
6;12;1100;016;577+1+288+288+0+0+0+0+288;8+59+45+5+167+4
6;12;1100;017;517+4+286+286+1+0+1+17+285;6+55+39+25+152+8
6;12;1100;018;303+1+170+170+0+0+0+5+170;1+32+30+7+97+3
6;12;1100;019;647+1+422+422+0+1+1+0+421;7+189+36+21+163+5
6;12;1100;020;439+1+239+239+1+0+1+0+238;3+101+7+11+115+1
6;12;1100;021;190+1+191+191+0+1+1+25+190;6+27+21+6+129+1
6;12;1200;001;771+0+354+354+1+0+1+13+353;6+121+53+13+150+10
6;12;1200;002;784+0+338+338+0+3+3+26+335;8+56+42+31+192+6
6;12;1200;003;662+3+335+335+0+2+2+18+333;2+106+53+12+153+7
6;12;1200;004;924+2+435+435+4+0+4+28+431;3+135+92+17+175+9
6;12;1200;005;789+0+352+352+0+0+0+30+352;1+80+71+14+183+3
6;12;1200;006;620+0+267+267+1+0+1+10+266;1+91+50+10+110+4
6;12;1200;007;524+0+276+276+1+0+1+0+275;0+79+27+17+139+13
6;12;1200;008;593+0+307+307+0+0+0+20+307;6+73+44+14+169+1
6;12;1200;009;409+2+198+198+0+0+0+12+198;2+48+42+9+95+2
6;12;1200;010;132+3+103+103+1+0+1+2+102;2+25+2+5+68+0
6;12;1200;011;92+6+75+75+3+0+3+4+72;1+21+8+2+39+1
6;12;1200;012;446+1+214+214+5+0+5+0+209;1+40+19+10+134+5
6;12;1200;013;430+0+253+253+3+3+6+26+247;1+43+14+10+176+3
6;12;1200;014;91+3+65+65+0+0+0+0+65;1+11+7+1+38+7
6;12;1200;015;367+1+191+191+2+1+3+14+188;1+46+17+15+107+2
6;12;1200;016;325+3+179+179+0+0+0+12+179;1+40+17+6+110+5
6;12;1400;001;123+5+74+74+0+0+0+0+74;1+15+15+3+40+0
6;12;1400;002;455+5+323+323+2+2+4+12+319;7+62+46+15+184+5
6;12;1400;003;282+5+165+165+0+0+0+3+165;0+39+21+11+91+3
6;12;1400;004;477+0+268+268+0+2+2+11+266;0+62+44+18+138+4
6;12;1400;005;106+2+80+80+0+0+0+0+80;1+10+9+2+58+0
6;12;1400;006;543+3+334+334+1+2+3+22+331;5+52+47+20+205+2
6;12;1400;007;163+1+111+111+1+1+2+6+109;3+27+10+3+65+1
6;12;1400;008;252+0+155+155+1+0+1+4+154;3+27+10+7+103+4
6;12;1400;009;80+2+51+51+1+0+1+0+50;0+12+10+1+27+0
6;12;1400;010;185+0+135+135+1+1+2+0+133;1+29+17+15+69+2
6;12;1400;011;318+1+200+200+0+0+0+0+200;1+50+38+11+96+4
6;12;1400;012;410+0+247+247+0+1+1+0+246;0+49+40+10+145+2
6;12;1400;013;210+1+120+120+0+0+0+0+120;2+25+13+9+71+0
6;12;1400;014;25+0+20+20+1+0+1+2+19;1+2+2+0+13+1
6;12;1400;015;121+2+90+90+0+3+3+5+87;0+33+4+4+45+1
6;12;2400;001;787+1+275+275+2+3+5+8+270;0+64+57+16+127+6
6;12;2400;002;784+0+306+306+0+0+0+0+306;2+92+79+10+122+1
6;12;2400;003;742+0+277+277+0+0+0+0+277;1+84+60+8+117+7
6;12;2400;004;467+0+174+174+0+0+0+14+174;1+65+31+3+69+5
6;12;2400;005;559+0+224+224+0+0+0+13+224;1+76+43+9+88+7
6;12;2400;006;573+1+187+187+0+0+0+0+187;0+39+51+11+80+6
6;12;2400;007;716+0+225+225+0+0+0+2+225;1+60+69+10+80+5
6;12;2400;008;742+1+308+308+0+0+0+0+308;0+102+77+6+115+8
6;12;2400;009;648+0+282+282+0+0+0+0+282;2+77+83+18+91+11
6;12;2400;010;655+0+239+239+2+0+2+0+237;5+78+53+5+93+3
6;12;2400;011;826+1+326+326+1+1+2+23+324;2+114+77+6+119+6
6;12;2400;012;226+1+227+227+0+0+0+0+227;0+64+51+10+95+7
6;12;2400;013;552+2+231+231+0+0+0+0+231;1+69+52+6+95+8
6;12;2400;014;737+0+264+264+3+0+3+14+261;2+77+59+14+104+5
6;12;2400;015;846+1+253+253+0+0+0+0+253;2+94+55+8+90+4
6;12;2400;016;777+3+280+280+1+1+2+15+278;0+80+65+6+122+5
6;12;2400;017;657+0+138+138+0+0+0+0+138;3+78+6+18+30+3
6;12;2400;018;667+0+131+131+0+1+1+12+130;6+57+21+10+30+6
6;12;2400;019;598+1+221+221+4+1+5+7+216;3+71+31+14+89+8
6;12;2400;020;751+2+249+249+3+0+3+0+246;1+56+61+18+107+3
6;12;2400;021;644+0+217+217+0+0+0+0+217;2+62+49+8+93+3
6;12;2400;022;605+0+233+233+0+0+0+0+233;0+59+65+5+96+8
6;12;2400;023;1013+0+400+400+0+0+0+0+400;6+116+92+18+151+17
6;12;2400;024;717+1+259+259+1+1+2+0+257;2+56+44+10+133+12
6;12;2400;025;677+0+186+186+0+0+0+12+186;1+46+37+16+79+7
6;12;2400;026;584+1+166+166+0+0+0+0+166;0+53+45+19+41+8
6;12;2400;027;770+2+256+256+0+1+1+10+255;2+102+49+19+76+7
6;12;2400;028;536+0+173+173+0+0+0+0+173;0+78+24+22+45+4
6;12;2400;029;580+2+234+234+0+0+0+0+234;4+82+35+19+88+6
6;12;2400;030;676+1+241+241+0+0+0+0+241;4+66+76+17+75+3
6;12;2400;031;708+1+192+192+1+0+1+0+191;1+95+27+11+57+0
6;12;2400;032;574+2+131+131+0+0+0+0+131;2+87+5+7+25+5
6;12;2400;033;446+1+248+248+0+0+0+0+248;4+178+16+14+35+1
6;12;2400;034;404+3+209+209+0+0+0+0+209;4+60+19+26+92+8
6;12;2400;035;289+4+180+180+0+1+1+0+179;2+47+44+13+69+4
6;12;2400;036;614+2+305+305+1+2+3+30+302;6+81+62+10+141+2
6;12;2400;037;434+3+216+216+0+0+0+0+216;1+59+36+3+112+5
6;12;2400;038;419+3+239+239+0+0+0+10+239;1+82+36+14+103+3
6;12;2400;039;617+1+322+322+1+2+3+0+319;5+73+47+30+160+4
6;12;2400;040;770+1+414+414+1+0+1+0+413;4+90+51+8+247+13
6;12;2400;041;572+3+260+260+2+0+2+0+258;1+63+28+21+143+2
6;12;2400;042;241+2+123+123+0+1+1+3+122;1+26+8+3+79+5
6;12;2400;043;277+6+136+136+0+0+0+8+136;10+44+16+9+54+3
6;12;2400;044;132+6+80+80+0+0+0+0+80;1+30+10+4+32+3
6;12;2400;045;714+3+327+327+2+3+5+0+322;3+86+28+30+172+3
6;12;2400;046;522+4+261+261+0+1+1+14+260;0+84+51+6+117+2
6;12;2400;047;438+6+205+205+0+0+0+0+205;0+35+20+5+139+6
6;12;2400;048;47+0+22+22+0+0+0+0+22;2+3+3+1+13+0
6;12;2400;049;45+4+20+20+0+0+0+0+20;2+5+4+3+4+2
6;12;2400;050;481+2+253+253+1+1+2+6+251;2+176+10+18+41+4
6;12;2400;051;799+0+259+259+1+0+1+0+258;0+94+56+6+94+8
6;12;2400;052;510+2+243+243+0+0+0+15+243;1+79+50+14+93+6
6;12;2600;001;518+1+272+272+1+1+2+14+270;4+94+52+13+96+11
6;12;2600;002;189+2+132+132+1+0+1+0+131;2+33+20+8+62+6
6;12;2600;003;411+2+235+235+0+0+0+0+235;9+73+27+6+110+10
6;12;2600;004;406+0+185+185+1+1+2+0+183;2+66+17+6+91+1
6;12;2600;005;432+4+238+238+0+0+0+4+238;2+59+22+13+139+3
6;12;2600;006;822+1+388+388+1+1+2+10+386;2+96+55+29+188+16
6;12;2600;007;584+0+384+384+0+0+0+0+384;6+81+61+8+222+6
6;12;2600;008;645+3+353+353+1+2+3+19+350;1+92+50+12+185+10
6;12;2600;009;677+4+348+348+0+0+0+0+348;3+75+34+23+204+9
6;12;2900;001;685+1+299+299+2+0+2+8+297;2+121+74+8+85+7
6;12;2900;002;691+0+361+361+0+0+1+11+360;5+116+82+21+120+16
6;12;2900;003;874+1+408+408+2+1+3+8+405;5+122+82+12+166+18
6;12;2900;005;919+1+432+432+3+2+5+15+427;3+137+97+13+161+16
6;12;2900;006;746+0+374+374+0+1+1+40+373;1+110+68+16+171+7
6;12;2900;007;868+0+374+374+0+2+2+0+372;2+102+77+14+164+13
6;12;2900;009;990+1+451+451+1+2+3+23+448;1+133+117+15+167+15
6;12;2900;010;694+0+261+261+1+0+1+16+260;3+93+49+10+95+10
6;12;2900;011;985+0+314+314+0+1+1+8+313;1+89+83+13+118+9
6;12;2900;012;641+1+285+285+0+1+1+15+284;2+83+87+7+101+4
6;12;2900;013;804+2+352+352+1+0+1+0+351;0+101+80+7+154+9
6;12;2900;014;845+0+407+407+2+1+3+13+404;3+112+96+19+158+16
6;12;2900;016;762+0+296+296+0+0+0+12+296;5+86+73+7+118+7
6;12;2900;017;541+2+220+220+0+1+1+0+219;0+58+65+5+86+5
6;12;2900;019;909+2+376+378+2+1+3+11+375;2+93+103+23+144+10
6;12;2900;021;810+6+303+303+0+0+0+0+303;2+73+98+6+113+11
6;12;2900;022;878+2+325+325+0+0+0+7+325;1+64+83+11+153+13
6;12;2900;024;994+0+360+360+1+1+2+12+358;0+93+94+17+144+10
6;12;2900;027;518+0+171+171+0+1+1+5+170;0+43+34+4+88+1
6;12;2900;028;715+0+248+248+0+0+0+6+248;1+71+60+14+99+3
6;12;2900;029;620+0+257+257+2+1+3+0+254;4+80+66+12+88+4
6;12;2900;030;686+0+290+290+0+0+0+7+290;1+72+82+7+119+9
6;12;2900;032;261+0+261+261+4+3+4+5+257;0+85+63+19+74+16
6;12;2900;033;779+0+256+256+0+2+2+9+254;2+66+71+11+98+6
6;12;2900;034;989+0+324+324+3+0+3+0+321;2+79+85+25+126+4
6;12;2900;035;929+1+347+347+3+1+4+0+343;1+110+94+19+110+9
6;12;2900;036;868+0+306+306+0+1+1+9+305;3+59+83+22+125+13
6;12;2900;037;838+0+312+312+1+2+3+0+309;3+99+87+25+85+10
6;12;2900;038;747+0+273+273+0+0+0+24+273;4+61+82+15+107+4
6;12;2900;039;976+0+300+300+0+1+1+4+299;1+65+105+14+106+8
6;12;2900;040;665+0+221+221+0+0+0+0+221;3+64+62+11+69+12
6;12;2900;041;969+0+364+364+1+0+1+9+363;4+120+90+28+113+8
6;12;2900;042;912+0+304+304+2+0+2+13+302;4+78+93+20+97+10
6;12;2900;043;797+2+251+251+1+0+1+6+250;0+72+68+16+78+16
6;12;2900;044;737+0+224+224+0+2+2+16+222;1+74+59+22+58+8
6;12;2900;045;830+1+300+300+0+0+0+8+300;6+68+72+31+117+6
6;12;2900;046;693+0+331+331+2+0+2+6+329;5+111+69+10+124+10
6;12;2900;047;930+0+439+439+2+0+2+28+437;4+139+82+19+178+15
6;12;2900;049;846+0+371+371+0+1+1+17+370;1+78+113+14+155+9
6;12;2900;051;794+2+386+386+1+2+3+17+383;2+109+80+10+174+8
6;12;2900;052;641+2+261+261+0+0+0+0+261;2+61+74+7+110+7
6;12;2900;054;552+0+246+246+2+1+3+19+243;1+79+54+10+90+9
6;12;2900;055;639+0+314+314+1+0+1+0+313;1+100+71+9+114+18
6;12;2900;056;652+0+257+257+0+2+2+5+255;4+68+51+21+107+4
6;12;2900;057;843+0+330+330+0+0+0+0+330;12+162+27+66+55+8
6;12;2900;058;624+2+241+241+0+0+0+9+241;2+60+62+30+77+10
6;12;2900;059;621+0+246+246+1+1+2+3+244;0+59+55+16+113+1
6;12;2900;060;848+7+352+352+0+0+0+0+352;1+99+73+15+158+6
6;12;2900;062;823+0+330+330+0+2+2+0+328;0+102+82+13+119+12
6;12;2900;063;848+0+290+290+0+1+1+0+289;1+78+80+10+108+12
6;12;2900;064;608+1+237+237+2+1+3+0+234;8+60+52+13+90+11
6;12;2900;065;713+0+333+333+1+0+1+35+332;3+77+90+30+118+14
6;12;2900;066;821+0+335+335+0+0+0+0+335;2+87+41+24+175+6
6;12;2900;067;715+0+280+280+1+0+1+29+279;3+55+14+32+164+11
6;12;2900;068;223+5+152+152+2+2+4+0+148;0+28+13+8+97+2
6;12;2900;069;196+5+143+143+1+0+1+8+142;4+34+31+6+64+3
6;12;2900;070;32+0+26+26+0+0+0+2+26;1+2+5+1+15+2
6;12;2900;071;283+1+187+187+0+1+1+0+186;1+73+10+8+89+5
6;12;2900;072;578+2+335+335+1+1+2+9+333;7+78+56+35+150+7
6;12;2900;073;650+2+354+354+3+2+5+24+349;4+74+65+36+159+11
6;12;2900;074;576+1+336+336+0+0+0+0+336;7+50+35+11+225+8
6;12;2900;075;208+147+147+147+1+1+2+0+145;2+58+17+8+58+2
6;12;2900;076;233+9+191+191+0+0+0+0+191;1+49+25+3+113+0
6;12;2900;077;635+2+347+347+3+2+5+10+342;11+110+49+27+139+6
6;12;2900;078;654+11+388+388+0+3+3+20+385;4+84+51+19+216+11
6;12;2900;079;91+3+66+66+0+0+0+5+66;0+32+2+2+29+1
6;12;2900;080;423+7+237+237+0+0+0+19+237;1+60+28+11+132+5
6;12;2900;081;356+2+230+230+0+1+1+9+229;3+96+13+12+104+1
6;12;2900;082;320+4+230+230+4+0+4+0+226;0+71+20+12+123+0
6;12;2900;083;483+3+247+247+0+0+0+12+247;2+56+41+8+137+3
6;12;2900;084;532+6+284+284+0+3+3+14+281;3+50+22+24+177+5
6;12;2900;085;363+5+363+363+0+0+0+0+363;5+95+33+24+200+6
6;12;2900;086;422+2+273+273+2+1+3+21+270;7+65+46+28+118+6
6;12;2900;087;341+1+222+222+1+0+1+17+221;3+53+38+12+112+3
6;12;2900;088;734+14+483+483+1+1+2+0+481;6+133+34+12+282+14
6;12;2900;090;461+2+298+298+3+0+3+0+295;6+57+40+4+181+7
6;12;2900;091;295+2+189+189+1+1+2+15+187;4+16+21+7+114+5
6;12;2900;092;182+1+139+139+3+0+3+0+136;1+45+10+4+73+3
6;12;2900;093;568+2+305+305+2+5+7+0+298;3+83+63+25+112+12
6;12;2900;094;668+0+236+236+0+0+0+8+236;1+54+72+31+75+3
6;12;2900;096;570+0+183+183+0+0+0+1+183;0+58+51+15+52+7
6;12;2900;097;34+0+26+26+0+0+0+0+26;1+8+5+2+9+1
6;12;2900;098;41+1+33+33+0+0+0+1+33;1+12+3+2+14+1
6;12;3600;001;731+1+350+350+1+3+4+17+346;5+123+62+35+117+4
6;12;3600;002;795+3+377+377+0+1+1+17+376;7+124+96+28+112+9
6;12;3600;003;696+2+346+346+2+0+2+15+344;7+119+66+16+127+9
6;12;3600;004;379+0+204+204+0+0+0+13+204;3+92+25+7+74+3
6;12;3600;005;388+0+228+228+1+1+2+0+226;2+48+19+27+122+8
6;12;3600;006;615+2+320+320+2+3+5+10+315;5+51+44+20+186+9
6;12;3600;007;275+0+180+180+2+2+4+9+176;2+25+17+14+117+1
6;12;3600;008;143+1+71+71+0+0+0+3+71;0+15+10+2+44+0
6;12;3600;009;305+3+177+177+2+0+2+0+175;1+41+19+7+100+7
6;12;3600;010;91+5+76+76+1+0+1+0+75;7+18+5+3+39+3
6;12;3600;011;172+2+120+120+0+0+0+0+120;0+20+17+7+73+3
6;12;3600;012;81+0+64+64+1+0+1+0+63;0+7+5+6+45+0
6;12;3800;001;436+9+235+235+2+0+2+23+233;0+60+12+6+151+4
6;12;3800;002;438+1+233+233+3+2+5+12+228;0+84+25+5+106+8
6;12;3800;003;599+5+336+336+0+0+0+13+336;1+77+48+4+197+9
6;12;3800;004;526+1+269+269+0+3+3+21+266;1+59+43+11+149+3
6;12;3800;005;539+1+286+286+1+0+1+4+285;7+33+21+16+199+9
6;12;3800;006;430+1+222+222+1+0+1+15+221;7+62+33+12+103+4
6;12;3800;007;716+5+365+365+0+0+0+28+365;5+78+34+11+235+2
6;12;3800;008;560+1+280+280+2+0+2+0+278;3+62+24+15+172+2
6;12;3800;009;506+4+285+285+0+0+0+22+285;2+72+24+7+176+4
[END]

[AGGR]
12;6;   ;6+289+289+153864+652+71207+71209+225+205+399+2397+70810;752+18724+12422+3701+33523+1668
[END]

