[INFO]
13;Паза░джик;201
[END]

[IZB]
13;6;   ;;11.11.2001;1;6;414
[END]

[NM]
1303;001;г░. Ба▓ак;02837;00
1303;002;▒. Нова ма╡ала;51874;00
1303;003;▒. Фо▓иново;76162;00
1304;001;▒. Аканджиево;00165;00
1304;002;г░. Белово;03592;00
1304;003;▒. Габ░ови╢а;14163;00
1304;004;▒. Гол┐мо Белово;15802;00
1304;005;▒. Д║б░ави▓е;24414;00
1304;007;▒. Мененк╝ово;47812;00
1304;008;▒. Момина кли▒│░а;48903;00
1304;009;▒. Се▒▓░имо;66319;00
1306;001;г░. Б░а╢игово;06207;00
1306;002;▒. Б┐га;07586;00
1306;003;▒. Ж░еби╖ко;29522;00
1306;004;▒. И▒пе░и╡ово;32888;00
1306;005;▒. Коза░▒ко;37705;00
1306;006;▒. Равного░;61220;00
1306;007;▒. Розово;62973;00
1308;001;▒. Аблани╢а;00881;00
1308;002;▒. Би░ково;07836;00
1308;003;▒. Бозево;07853;00
1308;004;▒. Б│▓░ево;07867;00
1308;005;г░. Велинг░ад;10450;00
1308;007;▒. В░анен╢и;12989;00
1308;008;▒. Г░а╕ево;17823;00
1308;010;▒. Го░но Д║бево;18527;00
1308;011;▒. Д░агиново;23234;00
1308;014;▒. К░║▒▓ава;41136;00
1308;015;▒. Медени пол┐ни;47559;00
1308;016;▒. Па╕ово;55631;00
1308;017;▒. Поби▓ кам║к;59224;00
1308;018;▒. Ро╡лево;63687;00
1308;019;▒. Све▓а Пе▓ка;65534;00
1308;020;▒. Аленда░ово;83421;00
1308;022;▒. С║░ни╢а;70648;00
1308;024;▒. Цве▓ино;78272;00
1308;025;▒. Чолаково;81863;00
1308;026;▒. Юндола;86115;00
1314;001;▒. Бо░име╖ково;05459;00
1314;002;▒. Динка▓а;21172;00
1314;003;▒. Кал│ге░ово;35571;00
1314;004;▒. Ле▒и╖ово;43369;00
1314;005;▒. Памидово;55275;00
1314;006;▒. Це░ово;78478;00
1314;007;▒. Щ║░ково;84067;00
1319;001;▒. Алеко Кон▒▓ан▓иново;00254;00
1319;002;▒. Ап░ил╢и;00571;00
1319;003;▒. Б░а▓ани╢а;06149;00
1319;004;▒. Вели╖ково;10505;00
1319;005;▒. Гелеменово;14619;00
1319;006;▒. Главини╢а;15028;00
1319;007;▒. Говеда░е;15271;00
1319;008;▒. Деб░а╣и╢а;20362;00
1319;009;▒. Доб░овни╢а;21556;00
1319;010;▒. Д░аго░;23457;00
1319;011;▒. Зв║ни╖ево;30572;00
1319;012;▒. Ивайло;32010;00
1319;013;▒. К░али Ма░ко;39428;00
1319;014;▒. Л┐╡ово;44879;00
1319;015;▒. Мало Кона░е;46749;00
1319;016;▒. Ми░┐н╢и;48444;00
1319;017;▒. Мок░и╣е;48876;00
1319;018;▒. Ов╖епол╢и;53285;00
1319;019;▒. Огн┐ново;53335;00
1319;020;г░. Паза░джик;55155;00
1319;021;▒. Па▓алени╢а;55556;00
1319;022;▒. Пи╣игово;56561;00
1319;023;▒. Ро▒ен;63032;00
1319;024;▒. Са░а┐;65437;00
1319;025;▒. Сбо░;65468;00
1319;026;▒. Сини▓ево;66559;00
1319;027;▒. Тополи дол;72713;00
1319;028;▒. Хаджиево;77061;00
1319;029;▒. Ца░ А▒ен;78056;00
1319;030;▒. Ц░║н╖а;78570;00
1319;031;▒. Че░ного░ово;81089;00
1319;032;▒. Юна╢и▓е;86074;00
1320;001;▒. Бан┐;02717;00
1320;002;▒. Б║▓а;07572;00
1320;003;▒. Лев▒ки;22681;00
1320;004;▒. Ел╕и╢а;27406;00
1320;005;▒. Обо░и╣е;53103;00
1320;006;г░. Панаг╛░и╣е;55302;00
1320;007;▒. Поиб░ене;57128;00
1320;008;▒. Попин╢и;57580;00
1320;009;▒. Панаг╛░▒ки колони;59375;00
1320;011;▒. С░еб░иново;68271;00
1321;001;▒. Капи▓ан Дими▓░иево;36124;00
1321;002;г░. Пе╣е░а;56277;00
1321;003;▒. Радилово;61371;00
1324;001;▒. До░ково;23008;00
1324;002;▒. Ко▒▓андово;38844;00
1324;003;г░. Раки▓ово;62004;00
1329;002;▒. Бо╕│л┐;05949;00
1329;003;▒. Ва░ва░а;10104;00
1329;004;▒. Ве▓░ен;10820;00
1329;005;▒. Ве▓░ен дол;10851;00
1329;006;▒. Виног░аде╢;11154;00
1329;007;▒. Го░но В║░╕ило;16732;00
1329;009;▒. Злок│╖ене;31214;00
1329;010;▒. Ка░аб│на░;36172;00
1329;011;▒. Кова╖ево;37491;00
1329;012;▒. Лозен;44053;00
1329;013;▒. Сем╖иново;66202;00
1329;014;г░. Сеп▓емв░и;66264;00
1329;015;▒. Симеонове╢;66439;00
1329;016;▒. Славови╢а;67009;00
1332;001;▒. Бла▓ни╢а;04368;00
1332;002;▒. Д╛лево;24726;00
1332;003;▒. Свобода;65807;00
1332;004;▒. Смиле╢;67516;00
1332;005;г░. С▓░ел╖а;69835;00
[END]

[SEC]
13;0300;001;6;001
13;0300;002;6;001
13;0300;003;6;001
13;0300;004;6;001
13;0300;005;6;001
13;0300;006;6;001
13;0300;008;6;002
13;0300;009;6;002
13;0300;010;6;002
13;0300;011;6;003
13;0400;001;6;002
13;0400;002;6;002
13;0400;003;6;002
13;0400;004;6;002
13;0400;005;6;002
13;0400;006;6;004
13;0400;007;6;007
13;0400;008;6;007
13;0400;009;6;005
13;0400;010;6;008
13;0400;011;6;008
13;0400;012;6;009
13;0400;013;6;009
13;0400;014;6;003
13;0400;015;6;002
13;0400;016;6;001
13;0600;001;6;001
13;0600;002;6;001
13;0600;003;6;001
13;0600;004;6;001
13;0600;005;6;001
13;0600;006;6;006
13;0600;007;6;006
13;0600;008;6;007
13;0600;009;6;002
13;0600;010;6;002
13;0600;011;6;004
13;0600;012;6;004
13;0600;013;6;005
13;0600;014;6;005
13;0600;016;6;003
13;0800;001;6;005
13;0800;002;6;005
13;0800;003;6;005
13;0800;004;6;005
13;0800;005;6;005
13;0800;006;6;005
13;0800;007;6;005
13;0800;008;6;005
13;0800;009;6;005
13;0800;010;6;005
13;0800;011;6;005
13;0800;012;6;005
13;0800;013;6;005
13;0800;014;6;005
13;0800;015;6;005
13;0800;016;6;005
13;0800;017;6;005
13;0800;018;6;005
13;0800;019;6;005
13;0800;020;6;005
13;0800;021;6;005
13;0800;022;6;005
13;0800;023;6;005
13;0800;024;6;005
13;0800;025;6;005
13;0800;026;6;005
13;0800;036;6;011
13;0800;037;6;011
13;0800;038;6;011
13;0800;039;6;011
13;0800;041;6;008
13;0800;042;6;008
13;0800;043;6;019
13;0800;044;6;019
13;0800;045;6;019+020
13;0800;046;6;016
13;0800;047;6;018
13;0800;048;6;004
13;0800;049;6;010
13;0800;050;6;007
13;0800;051;6;002
13;0800;052;6;025
13;0800;053;6;024
13;0800;054;6;026
13;0800;055;6;001
13;0800;056;6;014
13;0800;058;6;003
13;0800;059;6;022
13;0800;060;6;022
13;0800;061;6;022
13;0800;062;6;022
13;0800;064;6;017
13;0800;065;6;015
13;1400;001;6;004
13;1400;002;6;004
13;1400;003;6;001
13;1400;004;6;002
13;1400;005;6;003
13;1400;006;6;003
13;1400;007;6;003
13;1400;008;6;005
13;1400;009;6;006
13;1400;010;6;006
13;1400;011;6;007
13;1400;012;6;007
13;1900;001;6;020
13;1900;002;6;020
13;1900;003;6;020
13;1900;004;6;020
13;1900;005;6;020
13;1900;006;6;020
13;1900;007;6;020
13;1900;008;6;020
13;1900;009;6;020
13;1900;010;6;020
13;1900;011;6;020
13;1900;012;6;020
13;1900;013;6;020
13;1900;014;6;020
13;1900;015;6;020
13;1900;016;6;020
13;1900;017;6;020
13;1900;018;6;020
13;1900;019;6;020
13;1900;020;6;020
13;1900;021;6;020
13;1900;022;6;020
13;1900;023;6;020
13;1900;024;6;020
13;1900;025;6;020
13;1900;026;6;020
13;1900;027;6;020
13;1900;028;6;020
13;1900;029;6;020
13;1900;030;6;020
13;1900;031;6;020
13;1900;032;6;020
13;1900;033;6;020
13;1900;034;6;020
13;1900;035;6;020
13;1900;036;6;020
13;1900;037;6;020
13;1900;038;6;020
13;1900;039;6;020
13;1900;040;6;020
13;1900;041;6;020
13;1900;042;6;020
13;1900;043;6;020
13;1900;044;6;020
13;1900;045;6;020
13;1900;046;6;020
13;1900;047;6;020
13;1900;048;6;020
13;1900;049;6;020
13;1900;050;6;020
13;1900;051;6;020
13;1900;052;6;020
13;1900;053;6;020
13;1900;054;6;020
13;1900;055;6;020
13;1900;056;6;020
13;1900;057;6;020
13;1900;058;6;020
13;1900;059;6;020
13;1900;060;6;020
13;1900;061;6;020
13;1900;062;6;020
13;1900;063;6;020
13;1900;064;6;020
13;1900;065;6;020
13;1900;066;6;020
13;1900;067;6;020
13;1900;068;6;020
13;1900;069;6;020
13;1900;070;6;020
13;1900;071;6;020
13;1900;072;6;020
13;1900;073;6;020
13;1900;074;6;020
13;1900;075;6;020
13;1900;076;6;020
13;1900;077;6;020
13;1900;078;6;020
13;1900;079;6;020
13;1900;080;6;020
13;1900;081;6;020
13;1900;082;6;020
13;1900;083;6;020
13;1900;084;6;020
13;1900;085;6;020
13;1900;086;6;020
13;1900;087;6;020
13;1900;088;6;020
13;1900;089;6;020
13;1900;090;6;020
13;1900;091;6;020
13;1900;092;6;020
13;1900;093;6;020
13;1900;094;6;020
13;1900;095;6;020
13;1900;096;6;021
13;1900;097;6;020
13;1900;098;6;020
13;1900;099;6;020
13;1900;100;6;020
13;1900;101;6;020
13;1900;102;6;020
13;1900;103;6;020
13;1900;104;6;020
13;1900;105;6;020
13;1900;106;6;020
13;1900;107;6;020
13;1900;108;6;020
13;1900;109;6;020
13;1900;110;6;020
13;1900;111;6;020
13;1900;151;6;001
13;1900;152;6;001
13;1900;153;6;001
13;1900;154;6;002
13;1900;155;6;003
13;1900;156;6;003
13;1900;157;6;004
13;1900;158;6;004
13;1900;159;6;005
13;1900;160;6;006
13;1900;161;6;006
13;1900;162;6;006
13;1900;163;6;007
13;1900;164;6;007
13;1900;165;6;008
13;1900;166;6;008
13;1900;167;6;009
13;1900;168;6;009
13;1900;169;6;010
13;1900;170;6;011
13;1900;171;6;011
13;1900;172;6;011
13;1900;173;6;012
13;1900;174;6;012
13;1900;175;6;012
13;1900;176;6;012
13;1900;177;6;014
13;1900;178;6;015
13;1900;179;6;015
13;1900;180;6;015
13;1900;181;6;015
13;1900;182;6;015
13;1900;183;6;015
13;1900;184;6;016
13;1900;185;6;017
13;1900;186;6;017
13;1900;187;6;017
13;1900;188;6;019
13;1900;189;6;019
13;1900;190;6;019
13;1900;191;6;021
13;1900;192;6;021
13;1900;193;6;021
13;1900;194;6;024
13;1900;195;6;024
13;1900;196;6;025
13;1900;197;6;026
13;1900;198;6;026
13;1900;199;6;026
13;1900;200;6;028
13;1900;201;6;028
13;1900;202;6;030
13;1900;203;6;030
13;1900;204;6;032
13;1900;205;6;032
13;1900;206;6;031
13;1900;207;6;031
13;1900;208;6;031
13;1900;209;6;018
13;1900;210;6;018
13;1900;211;6;027
13;1900;212;6;023
13;1900;213;6;029
13;1900;214;6;022
13;1900;215;6;022
13;1900;216;6;013
13;1900;217;6;010
13;1900;218;6;015
13;1900;219;6;003
13;1900;220;6;015
13;1900;221;6;001
13;2000;001;6;006
13;2000;002;6;006
13;2000;003;6;006
13;2000;004;6;006
13;2000;005;6;006
13;2000;006;6;006
13;2000;007;6;006
13;2000;008;6;006
13;2000;009;6;006
13;2000;010;6;006
13;2000;011;6;006
13;2000;012;6;006
13;2000;013;6;006
13;2000;014;6;006
13;2000;015;6;006
13;2000;016;6;006
13;2000;017;6;006
13;2000;018;6;006
13;2000;019;6;006
13;2000;020;6;006
13;2000;021;6;006
13;2000;022;6;006
13;2000;023;6;006
13;2000;025;6;001
13;2000;026;6;002
13;2000;027;6;002
13;2000;028;6;004
13;2000;030;6;003
13;2000;031;6;005
13;2000;032;6;005
13;2000;034;6;009
13;2000;035;6;011
13;2000;036;6;007
13;2000;037;6;008
13;2000;038;6;008
13;2000;039;6;008
13;2100;001;6;002
13;2100;002;6;002
13;2100;003;6;002
13;2100;004;6;002
13;2100;005;6;002
13;2100;006;6;002
13;2100;007;6;002
13;2100;008;6;002
13;2100;009;6;002
13;2100;010;6;002
13;2100;011;6;002
13;2100;012;6;002
13;2100;013;6;002
13;2100;014;6;002
13;2100;015;6;002
13;2100;016;6;002
13;2100;017;6;002
13;2100;018;6;002
13;2100;019;6;002
13;2100;020;6;002
13;2100;021;6;002
13;2100;022;6;002
13;2100;023;6;002
13;2100;024;6;002
13;2100;026;6;003
13;2100;027;6;003
13;2100;028;6;001
13;2400;001;6;003
13;2400;002;6;003
13;2400;003;6;003
13;2400;004;6;003
13;2400;005;6;003
13;2400;006;6;003
13;2400;007;6;003
13;2400;008;6;003
13;2400;009;6;002
13;2400;010;6;002
13;2400;011;6;002
13;2400;012;6;002
13;2400;013;6;001
13;2400;014;6;001
13;2400;015;6;001
13;2900;001;6;014
13;2900;002;6;014
13;2900;003;6;014
13;2900;004;6;014
13;2900;005;6;014
13;2900;006;6;014
13;2900;007;6;014
13;2900;008;6;014
13;2900;009;6;014
13;2900;011;6;002
13;2900;012;6;002
13;2900;013;6;003
13;2900;014;6;003
13;2900;015;6;003
13;2900;016;6;005
13;2900;017;6;005
13;2900;018;6;004
13;2900;019;6;004
13;2900;020;6;004
13;2900;021;6;004
13;2900;022;6;004
13;2900;023;6;004
13;2900;024;6;006
13;2900;025;6;006
13;2900;026;6;006
13;2900;027;6;007
13;2900;028;6;009
13;2900;029;6;011
13;2900;030;6;011
13;2900;031;6;011
13;2900;032;6;010
13;2900;033;6;010
13;2900;034;6;010
13;2900;035;6;012
13;2900;037;6;013
13;2900;038;6;013
13;2900;039;6;013
13;2900;040;6;015
13;2900;042;6;016
13;3200;001;6;005
13;3200;002;6;005
13;3200;003;6;005
13;3200;004;6;005
13;3200;005;6;005
13;3200;006;6;002
13;3200;007;6;004
13;3200;008;6;003
13;3200;009;6;001
[END]

[MAJ]
13;6;   ;01;;;Пе▓║░ Ки░илов Бе░он и С▓о┐н В║л╖ев Анд░еев;, ;ПКБ+СВА;974;0;1
13;6;   ;02;;;Пе▓║░ С▓е┤анов С▓о┐нов и Нели Пе▓░ова К│╢кова;, ;ПСС+НПК;32459;2;2
13;6;   ;03;;;Богомил Ангелов Бонев и А▓ана▒ Иванов Желез╖ев;, ;БАБ+АИЖ;17684;0;3
13;6;   ;04;;;Жо░ж Ган╖ев Ган╖ев и Ве▒елин С▓о┐нов Бон╖ев;, ;ЖГГ+ВСБ;3124;0;4
13;6;   ;05;;;Гео░ги Седе┤╖ов П║░ванов и Ангел Иванов Ма░ин;, ;ГСП+АИМ;38096;2;5
13;6;   ;06;;;Рене▓а Иванова Инджова и К░║▒▓╛ Николов Илов;, ;РИИ+КНИ;2479;0;6
[END]

[PROP]
[END]

[LISTI]
[END]

[PROT]
6;13;0300;001;676+2+314+314+0+1+1+17+313;0+64+46+9+190+4
6;13;0300;002;559+0+326+326+0+1+1+18+325;0+48+50+13+210+4
6;13;0300;003;774+0+398+398+0+0+0+0+398;0+105+54+5+229+5
6;13;0300;004;337+0+176+176+0+0+0+6+176;1+35+13+3+122+2
6;13;0300;005;662+1+298+298+0+0+0+0+298;2+65+46+7+174+4
6;13;0300;006;473+1+270+270+2+3+5+9+265;0+45+25+15+174+6
6;13;0300;008;835+0+261+261+0+3+3+0+258;7+86+83+6+18+58
6;13;0300;009;479+1+127+127+0+0+0+0+127;4+34+33+3+10+43
6;13;0300;010;431+1+132+132+0+1+1+0+131;4+39+48+2+15+23
6;13;0300;011;722+2+268+268+0+0+0+0+268;9+71+35+7+115+31
6;13;0400;001;637+0+274+274+0+0+0+0+274;2+82+55+10+116+9
6;13;0400;002;632+0+227+227+0+1+1+17+226;1+78+59+6+76+6
6;13;0400;003;919+0+374+374+2+0+2+10+372;1+156+85+11+109+10
6;13;0400;004;804+3+318+318+2+0+2+13+316;4+77+85+16+120+14
6;13;0400;005;615+0+227+227+0+1+1+0+226;4+74+53+14+79+2
6;13;0400;006;572+0+192+192+0+0+0+6+192;0+65+32+7+81+7
6;13;0400;007;551+2+181+181+0+2+2+11+179;1+52+27+3+95+1
6;13;0400;008;394+2+172+172+3+1+4+10+168;1+34+25+7+100+1
6;13;0400;009;537+0+247+247+0+1+1+13+246;5+50+33+13+143+2
6;13;0400;010;430+0+217+217+2+0+2+2+215;4+74+60+16+58+3
6;13;0400;011;610+0+277+277+1+0+1+18+276;6+74+90+12+88+6
6;13;0400;012;664+0+267+267+2+3+5+15+262;2+110+58+5+82+5
6;13;0400;013;680+0+290+290+1+3+4+6+286;7+121+67+7+83+1
6;13;0400;014;504+2+272+272+1+2+3+3+269;3+56+52+23+122+13
6;13;0400;015;382+0+153+153+0+0+0+153+153;1+56+25+9+58+4
6;13;0400;016;467+3+239+239+0+1+1+7+238;6+90+36+8+94+4
6;13;0600;001;950+7+452+452+1+0+1+29+451;3+152+84+8+199+5
6;13;0600;002;545+8+252+252+0+0+0+12+252;1+112+37+9+91+2
6;13;0600;003;620+6+271+271+0+1+1+20+270;2+99+49+4+110+6
6;13;0600;004;929+3+422+422+0+0+0+8+422;5+151+54+9+198+5
6;13;0600;005;743+4+337+337+0+0+0+20+337;3+117+66+6+143+2
6;13;0600;006;482+0+283+283+3+0+3+0+280;5+111+69+6+86+3
6;13;0600;007;440+1+273+273+1+0+1+0+272;5+104+76+1+83+3
6;13;0600;008;553+7+270+270+1+1+2+27+268;2+65+39+12+150+0
6;13;0600;009;640+3+272+272+0+0+0+0+272;0+42+30+7+191+2
6;13;0600;010;642+0+295+295+0+1+1+18+294;3+92+46+7+143+3
6;13;0600;011;640+3+302+302+1+0+1+15+301;2+102+32+7+155+3
6;13;0600;012;734+0+205+205+1+3+4+10+201;3+34+10+12+126+16
6;13;0600;013;508+0+240+240+1+3+4+14+236;0+70+54+9+101+2
6;13;0600;014;556+0+345+345+0+0+0+28+345;2+105+70+8+153+7
6;13;0600;016;108+1+59+59+0+0+0+0+59;1+19+7+6+26+0
6;13;0800;001;1018+0+413+413+1+1+2+13+411;0+88+113+17+185+8
6;13;0800;002;1002+2+347+347+0+0+0+13+347;5+66+90+13+166+7
6;13;0800;003;1001+0+430+430+0+1+1+12+429;0+88+103+10+220+8
6;13;0800;004;1000+0+491+491+0+0+0+15+491;6+131+121+12+207+14
6;13;0800;005;1000+0+452+452+1+2+3+13+449;4+113+102+4+219+7
6;13;0800;006;1000+3+507+507+0+0+0+0+507;7+126+117+9+237+11
6;13;0800;007;972+2+535+535+0+0+0+0+535;2+157+115+8+248+5
6;13;0800;008;949+0+303+303+3+0+3+0+300;7+59+26+24+172+12
6;13;0800;009;984+0+463+463+0+0+0+0+463;5+176+93+12+169+8
6;13;0800;010;1019+1+459+459+1+0+1+5+458;5+189+99+6+150+9
6;13;0800;011;993+0+349+349+1+0+1+0+348;1+97+76+8+153+13
6;13;0800;012;954+0+357+357+2+0+2+0+355;9+152+72+7+107+8
6;13;0800;013;991+3+434+434+1+1+2+17+432;3+213+78+3+133+2
6;13;0800;014;973+1+374+374+1+1+2+8+372;3+150+65+9+140+5
6;13;0800;015;1062+2+416+416+0+0+0+0+416;3+149+87+5+168+4
6;13;0800;016;935+0+354+354+4+0+4+6+350;5+105+80+7+148+5
6;13;0800;017;1017+9+408+408+0+0+0+8+408;1+104+78+4+217+4
6;13;0800;018;889+0+358+358+1+1+2+0+356;6+102+85+12+142+9
6;13;0800;019;1117+0+361+361+0+0+0+0+361;4+132+54+8+154+9
6;13;0800;020;622+0+298+298+0+0+0+0+298;3+98+10+12+172+3
6;13;0800;021;987+7+401+401+0+0+0+0+401;1+130+62+21+179+8
6;13;0800;022;811+3+282+282+2+0+2+0+280;6+102+45+6+109+12
6;13;0800;023;76+1+42+42+0+0+0+0+42;2+18+5+4+9+4
6;13;0800;024;53+0+7+7+0+0+0+0+7;0+2+0+0+5+0
6;13;0800;025;45+0+45+45+0+0+0+0+45;0+17+11+2+10+5
6;13;0800;026;38+1+39+39+0+0+0+0+39;0+7+17+1+11+3
6;13;0800;036;901+1+208+208+2+0+2+0+206;5+137+39+7+14+4
6;13;0800;037;771+0+252+252+0+0+0+0+252;5+194+20+8+21+4
6;13;0800;038;762+0+215+215+4+0+4+0+211;5+134+48+5+14+5
6;13;0800;039;888+0+265+265+0+0+0+0+265;11+192+44+4+12+2
6;13;0800;041;740+0+233+233+0+0+0+0+233;1+141+19+1+70+1
6;13;0800;042;231+0+62+62+0+0+0+0+62;1+33+14+1+13+0
6;13;0800;043;599+2+195+195+0+1+1+0+194;5+110+30+4+4+41
6;13;0800;044;885+2+167+167+0+0+0+0+167;3+80+37+1+16+30
6;13;0800;045;403+2+110+110+0+0+0+0+110;1+45+24+0+3+37
6;13;0800;046;806+1+188+188+0+1+1+0+187;1+109+31+1+26+19
6;13;0800;047;313+1+68+68+0+0+0+0+68;0+42+13+2+5+6
6;13;0800;048;124+3+58+58+0+0+0+0+58;2+41+2+0+2+11
6;13;0800;049;168+0+36+36+0+0+0+0+36;0+12+11+0+13+0
6;13;0800;050;156+2+43+43+0+0+0+0+43;2+17+4+0+19+1
6;13;0800;051;304+0+82+82+0+0+0+0+82;0+49+19+2+12+0
6;13;0800;052;155+2+38+38+0+1+1+0+37;0+12+13+0+10+2
6;13;0800;053;151+3+58+58+0+0+0+0+58;1+10+5+0+40+2
6;13;0800;054;125+3+62+62+0+0+0+0+62;2+26+18+1+10+5
6;13;0800;055;287+0+56+56+0+0+0+0+56;0+24+14+3+14+1
6;13;0800;056;886+0+179+179+0+0+0+0+179;2+72+47+3+24+31
6;13;0800;058;60+1+27+27+0+0+0+0+27;2+12+3+2+4+4
6;13;0800;059;630+0+195+195+0+0+0+0+195;3+56+78+4+23+31
6;13;0800;060;854+0+249+249+0+0+0+0+249;6+100+68+3+12+60
6;13;0800;061;706+0+173+173+0+0+0+0+173;4+80+50+3+8+28
6;13;0800;062;540+0+155+155+0+0+0+0+155;0+67+48+1+9+30
6;13;0800;064;409+6+144+144+0+0+0+0+144;2+95+25+1+18+3
6;13;0800;065;544+1+183+183+1+0+1+1+182;2+69+42+2+45+22
6;13;1400;001;474+1+307+307+0+2+2+10+305;2+54+22+6+216+5
6;13;1400;002;419+4+261+261+0+0+0+17+261;1+32+25+6+191+6
6;13;1400;003;460+0+191+191+0+4+4+14+187;4+79+15+11+70+8
6;13;1400;004;865+4+381+381+2+2+4+17+377;4+85+30+28+226+4
6;13;1400;005;392+3+197+197+2+0+2+13+195;5+44+23+5+116+2
6;13;1400;006;455+1+269+269+0+1+1+13+268;3+76+32+11+142+4
6;13;1400;007;429+1+213+213+0+1+1+16+212;1+55+22+8+120+6
6;13;1400;008;380+2+253+253+3+4+7+21+246;8+69+41+8+118+2
6;13;1400;009;484+0+260+260+0+0+0+22+260;2+81+23+7+142+5
6;13;1400;010;422+2+243+243+0+0+0+9+243;5+55+22+10+149+2
6;13;1400;011;357+0+163+163+0+0+0+5+163;1+39+26+4+92+1
6;13;1400;012;35+0+19+19+0+0+0+0+19;0+2+5+0+12+0
6;13;1900;001;667+1+239+239+0+0+0+9+239;1+100+48+5+80+5
6;13;1900;002;745+3+313+313+0+0+0+12+313;2+141+63+10+93+4
6;13;1900;003;693+0+296+296+0+0+0+12+296;2+127+77+4+79+7
6;13;1900;004;322+0+322+322+1+1+2+11+320;2+145+62+10+95+6
6;13;1900;005;720+1+366+366+0+0+0+13+366;3+152+53+9+142+7
6;13;1900;006;915+0+406+406+1+0+1+14+405;3+161+76+3+149+13
6;13;1900;007;770+0+345+345+1+1+2+21+343;3+141+44+2+149+4
6;13;1900;008;774+1+357+357+2+0+2+12+355;2+138+94+3+113+5
6;13;1900;009;738+0+321+321+1+0+1+13+320;1+147+67+3+97+5
6;13;1900;010;703+0+297+297+1+0+1+20+296;2+126+54+3+107+4
6;13;1900;011;822+0+376+376+1+1+2+25+374;1+128+74+5+156+10
6;13;1900;012;678+0+298+298+1+0+1+7+297;1+132+38+3+114+9
6;13;1900;013;437+0+166+166+0+0+0+1+166;0+83+29+4+43+7
6;13;1900;014;704+1+313+313+0+0+0+0+313;3+90+58+6+148+8
6;13;1900;015;666+1+278+278+4+0+4+17+274;1+83+54+8+127+1
6;13;1900;016;686+0+224+224+0+0+0+0+224;1+76+58+4+81+4
6;13;1900;017;642+0+272+272+0+0+0+0+272;0+55+64+7+138+8
6;13;1900;018;684+0+285+285+0+0+0+13+285;2+134+62+8+75+4
6;13;1900;019;791+0+273+273+0+0+0+0+273;0+100+47+9+114+3
6;13;1900;020;716+0+306+306+0+0+0+3+306;4+151+50+4+93+4
6;13;1900;021;613+0+288+288+2+0+2+0+286;2+136+53+5+83+7
6;13;1900;022;790+2+377+377+2+0+2+8+375;1+168+69+7+126+4
6;13;1900;023;549+0+311+311+1+0+1+25+310;0+112+41+4+151+2
6;13;1900;024;732+0+351+351+0+0+0+0+351;0+131+64+8+138+10
6;13;1900;025;806+0+383+383+2+0+2+0+381;3+155+83+4+128+8
6;13;1900;026;840+0+320+320+0+0+0+18+320;1+109+81+1+121+7
6;13;1900;027;587+0+214+214+2+0+2+9+212;4+57+43+4+102+2
6;13;1900;028;540+0+149+149+0+0+0+0+149;0+63+29+8+49+0
6;13;1900;029;791+0+291+291+0+0+0+0+291;1+99+70+5+112+4
6;13;1900;030;715+0+178+178+1+0+1+5+177;2+64+52+3+49+7
6;13;1900;031;731+0+276+276+1+0+1+15+275;2+117+76+8+69+3
6;13;1900;032;636+0+216+216+0+0+0+7+216;0+64+65+5+72+10
6;13;1900;033;659+0+284+284+0+0+0+20+284;0+134+38+8+104+0
6;13;1900;034;721+0+303+303+3+0+3+6+300;2+140+69+7+80+2
6;13;1900;035;763+0+345+345+1+0+1+16+344;1+170+76+1+88+8
6;13;1900;036;812+0+334+334+0+2+2+6+332;4+142+82+4+96+4
6;13;1900;037;717+0+319+319+0+1+1+11+318;4+133+59+5+107+10
6;13;1900;038;632+1+281+281+2+1+3+5+278;2+122+57+9+81+7
6;13;1900;039;639+0+214+214+0+0+0+6+214;0+79+64+0+67+4
6;13;1900;040;667+2+259+259+1+0+1+0+258;0+119+48+6+80+5
6;13;1900;041;658+0+230+230+2+0+2+7+228;0+95+58+4+64+7
6;13;1900;042;701+0+268+268+1+1+2+4+266;2+119+68+4+66+7
6;13;1900;043;664+0+141+141+2+1+3+3+138;2+64+39+4+27+2
6;13;1900;044;356+395+314+314+2+1+3+0+311;6+192+40+11+58+4
6;13;1900;045;306+0+151+151+0+0+0+3+151;2+52+30+4+56+7
6;13;1900;046;575+0+239+239+0+0+0+11+239;3+96+43+2+91+4
6;13;1900;047;723+1+246+246+0+0+0+0+246;1+106+50+5+82+2
6;13;1900;048;589+3+215+215+0+0+0+0+215;1+93+37+6+75+3
6;13;1900;049;757+1+262+262+0+1+1+8+261;2+125+51+6+72+5
6;13;1900;050;602+0+64+64+0+0+0+0+64;5+29+14+3+6+7
6;13;1900;051;445+0+72+72+0+3+3+0+69;4+34+17+8+4+2
6;13;1900;052;442+0+41+41+0+1+1+0+40;1+21+4+4+8+2
6;13;1900;053;462+0+208+208+0+1+1+11+207;2+86+34+4+71+10
6;13;1900;054;776+0+322+322+0+0+0+0+322;3+113+74+11+118+3
6;13;1900;055;741+0+288+288+1+0+1+0+287;4+100+46+8+118+11
6;13;1900;056;740+0+288+288+1+0+1+11+287;1+93+57+8+127+1
6;13;1900;057;600+0+204+204+0+1+1+0+203;1+67+60+4+69+2
6;13;1900;058;766+2+248+248+0+0+0+11+248;1+103+42+12+88+2
6;13;1900;059;673+0+170+170+0+0+0+7+170;1+58+56+4+46+5
6;13;1900;060;452+0+124+124+1+0+1+4+123;2+57+22+5+35+2
6;13;1900;061;406+1+70+70+0+0+0+0+70;2+35+12+5+11+5
6;13;1900;062;723+1+169+169+0+0+0+169+169;4+69+63+5+27+1
6;13;1900;063;526+2+96+96+1+0+1+5+95;6+49+14+2+20+4
6;13;1900;064;684+1+216+216+1+0+1+4+215;0+71+60+8+70+6
6;13;1900;065;603+0+216+216+1+1+2+0+214;0+74+34+4+96+6
6;13;1900;066;842+0+263+263+1+1+2+6+261;2+97+61+8+86+7
6;13;1900;067;655+2+210+210+0+2+2+8+208;0+73+51+6+71+7
6;13;1900;068;669+0+217+217+0+0+0+6+217;3+79+48+4+78+5
6;13;1900;069;526+0+170+170+0+0+0+3+170;1+72+39+3+53+2
6;13;1900;070;441+0+179+179+0+0+0+0+179;2+86+25+2+58+6
6;13;1900;071;736+2+292+292+0+1+1+6+291;0+144+76+5+60+6
6;13;1900;072;457+0+110+110+2+2+4+8+106;2+61+12+4+25+2
6;13;1900;073;636+2+160+160+0+2+2+0+158;11+64+31+8+37+7
6;13;1900;074;506+0+135+135+0+2+2+4+133;8+38+44+9+23+11
6;13;1900;075;375+0+46+46+0+0+0+0+46;2+15+18+3+8+0
6;13;1900;076;524+0+221+221+3+1+4+10+217;1+78+42+10+83+3
6;13;1900;077;502+0+171+171+0+0+0+0+171;1+44+33+7+82+4
6;13;1900;078;772+1+269+269+0+0+0+7+269;0+104+50+7+101+7
6;13;1900;079;623+0+192+192+0+0+0+0+192;0+76+40+4+68+4
6;13;1900;080;702+0+196+196+1+0+1+10+195;0+78+33+5+74+5
6;13;1900;081;655+0+196+196+0+0+0+0+196;1+77+57+2+58+1
6;13;1900;082;871+0+249+249+0+0+0+0+249;3+115+63+6+59+3
6;13;1900;083;777+0+229+229+0+0+0+0+229;0+87+43+10+84+5
6;13;1900;084;580+0+195+195+0+0+0+0+195;1+75+43+6+69+1
6;13;1900;085;768+0+231+231+1+0+1+4+230;1+79+79+8+52+11
6;13;1900;086;697+0+268+268+0+0+0+5+268;0+81+66+6+108+7
6;13;1900;087;689+0+263+263+0+0+0+0+263;0+91+65+2+101+4
6;13;1900;088;710+0+220+220+0+0+0+2+220;3+98+59+8+46+6
6;13;1900;089;596+0+172+172+0+0+0+0+172;2+72+52+6+36+4
6;13;1900;090;712+0+241+241+1+0+1+2+240;1+107+66+4+59+3
6;13;1900;091;726+0+238+238+0+0+0+0+238;0+100+41+5+77+15
6;13;1900;092;646+0+121+121+0+0+0+0+121;5+43+24+9+34+6
6;13;1900;093;445+0+68+68+0+0+0+0+68;5+31+5+7+9+11
6;13;1900;094;100+0+9+9+0+0+0+0+9;0+3+5+0+1+0
6;13;1900;095;88+0+19+19+0+0+0+0+19;0+8+4+0+7+0
6;13;1900;096;94+1+51+51+0+0+0+0+51;2+28+5+7+8+1
6;13;1900;097;175+13+123+123+2+0+2+13+121;3+31+12+3+68+4
6;13;1900;098;65+2+57+57+0+0+0+0+57;0+37+2+4+3+11
6;13;1900;099;448+0+162+162+0+0+0+0+162;3+55+43+10+47+4
6;13;1900;100;747+1+255+255+2+0+2+8+253;3+101+44+8+96+1
6;13;1900;101;599+0+271+271+2+1+3+4+268;0+72+56+5+126+9
6;13;1900;102;355+0+31+31+0+0+0+2+31;2+18+6+2+1+2
6;13;1900;103;667+0+278+278+0+0+0+0+278;0+106+54+9+107+2
6;13;1900;104;661+0+165+165+0+0+0+2+165;4+52+44+2+62+1
6;13;1900;105;545+5+117+117+0+0+0+0+117;3+60+20+9+24+1
6;13;1900;106;363+0+28+28+0+0+0+0+28;1+6+14+1+2+4
6;13;1900;107;416+0+52+52+0+0+0+0+52;3+28+9+2+5+5
6;13;1900;108;632+0+167+167+1+0+1+1+166;0+60+47+1+53+5
6;13;1900;109;525+0+220+220+0+0+0+4+220;1+104+46+8+60+1
6;13;1900;110;604+0+124+124+0+3+3+0+121;4+49+28+7+27+6
6;13;1900;111;77+0+77+77+0+1+1+0+76;8+36+14+6+6+6
6;13;1900;151;342+1+89+89+0+1+1+2+88;1+20+12+6+48+1
6;13;1900;152;771+1+226+226+0+0+0+6+226;12+40+54+8+104+8
6;13;1900;153;483+4+181+181+0+0+0+6+181;1+42+28+14+91+5
6;13;1900;154;350+0+183+183+1+0+1+8+182;0+75+10+6+89+2
6;13;1900;155;616+2+218+218+3+1+4+0+214;3+49+59+12+88+3
6;13;1900;156;424+0+147+147+2+0+2+0+145;0+47+40+4+51+3
6;13;1900;157;527+2+275+275+0+0+0+29+275;4+47+24+7+191+2
6;13;1900;158;485+1+249+249+1+0+1+17+248;0+47+23+12+164+2
6;13;1900;159;628+0+236+236+0+0+0+16+236;3+52+51+10+118+2
6;13;1900;160;625+2+220+220+0+0+0+0+220;0+64+46+6+100+4
6;13;1900;161;620+0+186+186+0+0+0+0+186;2+41+38+10+92+3
6;13;1900;162;763+0+226+226+1+0+1+0+225;1+56+59+3+98+8
6;13;1900;163;518+0+230+230+1+3+4+0+226;2+111+37+10+65+1
6;13;1900;164;673+0+224+224+0+3+3+0+221;5+75+67+20+46+8
6;13;1900;165;493+2+230+230+0+0+0+0+230;0+49+53+10+111+7
6;13;1900;166;384+6+183+183+1+2+3+0+180;1+58+37+5+78+1
6;13;1900;167;536+0+160+160+0+1+1+0+159;2+45+33+11+60+8
6;13;1900;168;613+6+193+193+0+0+0+8+193;3+48+29+7+104+2
6;13;1900;169;539+0+214+214+0+0+0+0+214;1+85+35+4+88+1
6;13;1900;170;693+0+257+257+1+0+1+0+256;3+62+63+21+105+2
6;13;1900;171;549+0+218+218+0+0+0+0+218;1+74+58+9+73+3
6;13;1900;172;575+1+150+150+0+0+0+0+150;0+46+43+2+57+2
6;13;1900;173;699+0+221+221+0+2+2+7+219;1+69+46+15+84+4
6;13;1900;174;613+0+271+271+0+0+0+0+271;1+114+59+9+84+4
6;13;1900;175;554+0+213+213+3+1+4+6+209;1+63+40+8+90+7
6;13;1900;176;646+0+125+125+0+1+1+9+124;0+39+26+7+49+3
6;13;1900;177;373+0+155+155+0+0+0+0+155;4+48+14+9+77+3
6;13;1900;178;625+0+245+245+1+3+4+0+241;2+42+51+7+135+4
6;13;1900;179;449+0+162+162+0+0+0+0+162;2+54+40+4+61+1
6;13;1900;180;460+2+167+167+0+1+1+13+166;1+48+22+6+87+2
6;13;1900;181;421+0+162+162+0+0+0+0+162;0+63+38+5+54+2
6;13;1900;182;423+0+151+151+0+0+0+0+151;0+66+23+4+57+1
6;13;1900;183;141+0+141+141+0+0+0+7+141;0+60+37+6+36+2
6;13;1900;184;519+0+211+211+1+0+1+0+210;5+78+44+6+74+3
6;13;1900;185;519+0+195+195+2+0+2+0+193;2+54+38+10+83+6
6;13;1900;186;439+0+166+166+0+0+0+6+166;1+37+34+8+82+4
6;13;1900;187;689+1+224+224+0+0+0+0+224;3+50+39+14+115+3
6;13;1900;188;734+0+297+297+1+1+2+0+295;3+112+55+11+110+4
6;13;1900;189;676+1+297+297+0+0+0+14+297;2+88+78+7+121+1
6;13;1900;190;676+1+187+187+0+0+0+0+187;2+67+49+9+53+7
6;13;1900;191;461+0+125+125+0+1+1+0+124;0+39+23+4+58+0
6;13;1900;192;458+0+185+185+1+0+1+0+184;1+55+26+5+94+3
6;13;1900;193;372+0+100+100+0+0+0+6+100;4+27+11+9+46+3
6;13;1900;194;543+0+175+175+0+0+0+0+175;2+42+26+11+93+1
6;13;1900;195;527+0+250+250+2+2+4+0+246;0+61+45+1+134+5
6;13;1900;196;281+1+162+162+1+0+1+11+161;4+50+16+7+82+2
6;13;1900;197;661+1+251+251+0+0+0+0+251;1+82+41+14+109+4
6;13;1900;198;553+0+189+189+1+0+1+0+188;5+86+29+5+60+3
6;13;1900;199;570+0+173+173+0+0+0+0+173;3+77+35+2+49+7
6;13;1900;200;566+0+264+264+1+0+1+0+263;6+107+37+4+106+3
6;13;1900;201;416+4+172+172+0+0+0+0+172;1+71+37+7+55+1
6;13;1900;202;548+1+266+266+0+0+0+0+266;1+88+40+11+122+4
6;13;1900;203;571+0+286+286+0+0+0+9+286;3+116+47+10+106+4
6;13;1900;204;689+1+255+255+0+0+0+0+255;6+82+31+17+113+6
6;13;1900;205;610+3+200+200+0+0+0+0+200;3+60+24+5+105+3
6;13;1900;206;719+0+320+320+0+1+1+0+319;6+109+49+11+139+5
6;13;1900;207;596+1+274+274+0+2+2+0+272;4+80+56+3+128+1
6;13;1900;208;573+0+249+249+1+0+1+0+248;6+55+42+17+126+2
6;13;1900;209;626+0+338+338+1+1+2+9+336;5+118+51+23+129+10
6;13;1900;210;346+2+180+180+1+0+1+4+179;4+45+26+15+88+1
6;13;1900;211;296+0+177+177+0+0+0+0+177;1+61+8+9+94+4
6;13;1900;212;580+1+248+248+2+1+3+11+245;5+97+36+10+94+3
6;13;1900;213;334+0+198+198+0+0+0+16+198;0+41+27+12+117+1
6;13;1900;214;425+0+159+159+1+0+1+20+158;4+44+22+18+66+4
6;13;1900;215;592+1+238+238+2+0+2+13+236;3+55+12+25+134+7
6;13;1900;216;196+0+109+109+0+1+1+3+108;2+38+21+8+39+0
6;13;1900;217;515+0+116+116+0+0+0+3+116;1+32+15+3+65+0
6;13;1900;218;505+0+110+110+0+2+2+0+108;7+38+11+3+46+3
6;13;1900;219;607+3+172+172+0+1+1+7+171;8+98+3+3+49+10
6;13;1900;220;362+0+87+87+0+3+3+0+84;1+16+6+14+44+3
6;13;1900;221;409+0+135+135+0+0+0+0+135;3+19+18+7+85+3
6;13;2000;001;802+0+320+320+0+2+2+16+318;0+134+59+12+107+6
6;13;2000;002;861+1+297+297+1+0+1+19+296;2+116+64+13+91+10
6;13;2000;003;792+1+372+372+2+2+4+0+368;1+125+69+9+156+8
6;13;2000;004;795+0+285+285+0+0+0+11+285;2+105+74+6+93+5
6;13;2000;005;819+2+318+318+0+1+1+0+317;2+113+83+7+105+7
6;13;2000;006;865+0+272+272+0+0+0+18+272;0+95+51+10+110+6
6;13;2000;007;801+0+229+229+0+1+1+13+228;1+52+32+15+121+7
6;13;2000;008;793+0+372+372+2+0+2+18+370;0+144+54+7+159+6
6;13;2000;009;802+0+307+307+0+0+0+11+307;1+87+71+14+128+6
6;13;2000;010;912+1+330+330+1+0+1+19+329;2+130+52+17+125+3
6;13;2000;011;665+1+295+295+0+0+0+15+295;1+105+46+13+124+6
6;13;2000;012;653+0+272+272+0+0+0+12+272;0+93+47+4+123+5
6;13;2000;013;635+0+294+294+2+0+2+7+292;1+93+52+8+136+2
6;13;2000;014;780+0+294+294+2+0+2+15+292;5+112+50+9+116+0
6;13;2000;015;335+0+335+335+3+0+3+4+332;1+86+51+10+176+8
6;13;2000;016;646+0+231+231+0+2+2+0+229;2+81+49+5+86+6
6;13;2000;017;934+1+258+258+1+1+2+16+256;2+87+39+4+119+5
6;13;2000;018;812+0+280+280+0+0+0+0+280;0+86+38+12+140+4
6;13;2000;019;762+0+318+318+0+0+0+16+318;0+116+43+17+136+6
6;13;2000;020;41+10+27+27+0+0+0+2+27;0+9+3+0+14+1
6;13;2000;021;581+1+226+226+0+1+1+6+225;1+67+61+10+79+7
6;13;2000;022;527+0+234+234+2+2+4+14+230;2+84+29+6+99+10
6;13;2000;023;670+1+189+189+2+1+3+3+186;1+74+51+7+48+5
6;13;2000;025;846+3+417+417+2+1+3+34+414;4+105+52+15+235+3
6;13;2000;026;619+2+254+254+1+0+1+19+253;3+52+16+5+166+11
6;13;2000;027;590+0+266+266+2+1+3+9+263;1+73+26+9+153+1
6;13;2000;028;866+7+491+491+0+3+3+44+488;4+79+86+14+299+6
6;13;2000;030;755+6+424+424+1+1+2+34+422;2+66+34+13+305+2
6;13;2000;031;689+1+225+225+0+1+1+23+224;3+80+39+9+91+2
6;13;2000;032;665+1+245+245+2+0+2+21+243;1+90+35+9+101+7
6;13;2000;034;303+4+167+167+0+0+0+12+167;1+63+24+11+55+13
6;13;2000;035;26+2+17+17+1+0+1+0+16;2+4+2+1+7+0
6;13;2000;036;567+4+275+275+3+5+8+23+267;6+59+30+21+143+8
6;13;2000;037;604+0+258+258+0+0+0+0+258;2+74+49+8+123+2
6;13;2000;038;852+1+331+331+0+0+0+22+331;0+86+59+19+165+2
6;13;2000;039;563+3+201+201+0+1+1+13+200;3+54+21+7+114+1
6;13;2100;001;703+0+127+127+0+1+1+0+126;2+18+6+4+90+6
6;13;2100;002;723+0+92+92+0+2+2+11+90;2+12+1+2+63+10
6;13;2100;003;534+1+181+181+0+0+0+21+181;3+69+34+1+69+5
6;13;2100;004;589+0+227+227+0+0+0+16+227;2+80+51+9+75+10
6;13;2100;005;1003+0+111+111+3+0+3+13+108;0+25+9+1+65+8
6;13;2100;006;846+0+102+102+0+0+0+7+102;1+14+8+2+67+10
6;13;2100;007;595+0+180+180+0+0+0+6+180;3+66+38+6+59+8
6;13;2100;008;720+1+175+175+1+0+1+0+174;2+77+51+2+16+26
6;13;2100;009;787+0+274+274+0+0+0+0+274;3+121+58+7+72+13
6;13;2100;010;639+0+260+260+1+0+1+0+259;1+121+34+1+99+3
6;13;2100;011;689+0+242+242+0+0+0+0+242;2+91+41+8+94+6
6;13;2100;012;696+2+269+269+1+0+1+0+268;1+76+49+5+126+11
6;13;2100;013;522+0+151+151+0+0+0+8+151;1+63+40+5+38+4
6;13;2100;014;661+0+196+196+0+0+0+16+196;5+59+54+2+67+9
6;13;2100;015;524+0+191+191+0+1+1+19+190;1+57+42+5+82+3
6;13;2100;016;666+0+277+277+0+0+0+0+277;4+104+37+1+122+9
6;13;2100;017;546+0+204+204+0+0+0+20+204;0+71+44+1+86+2
6;13;2100;018;723+1+262+262+1+0+1+0+261;2+85+55+6+104+9
6;13;2100;019;769+0+245+245+0+0+0+14+245;3+83+55+6+90+8
6;13;2100;020;855+1+330+330+0+0+0+0+330;4+90+64+7+160+5
6;13;2100;021;661+0+187+187+0+0+0+0+187;0+67+54+10+50+6
6;13;2100;022;462+0+128+128+0+1+1+0+127;0+33+41+6+43+4
6;13;2100;023;887+0+185+185+0+2+2+12+183;4+34+8+9+125+3
6;13;2100;024;8+0+0+0+0+0+0+0+0;0+0+0+0+0+0
6;13;2100;026;763+2+301+301+2+0+2+23+299;3+139+43+1+108+5
6;13;2100;027;635+0+265+265+1+0+1+0+264;4+100+43+6+108+3
6;13;2100;028;733+0+282+282+0+0+0+0+282;1+143+26+15+94+3
6;13;2400;001;854+3+301+301+3+0+3+0+298;1+103+72+8+108+6
6;13;2400;002;821+0+317+317+1+0+1+21+316;1+91+69+5+146+4
6;13;2400;003;799+0+324+324+2+1+3+18+321;4+99+86+5+122+5
6;13;2400;004;769+0+300+300+0+1+1+0+299;4+76+88+8+113+10
6;13;2400;005;526+0+159+159+0+0+0+0+159;1+31+52+2+64+9
6;13;2400;006;833+0+209+209+4+0+4+0+205;4+59+49+6+80+7
6;13;2400;007;1016+0+305+305+0+0+0+0+305;5+27+26+15+226+6
6;13;2400;008;815+0+240+240+4+1+5+0+235;5+20+8+20+177+5
6;13;2400;009;711+0+200+200+0+3+3+0+197;10+85+42+18+37+5
6;13;2400;010;740+0+170+170+0+2+2+12+168;4+89+34+8+25+8
6;13;2400;011;1028+0+270+270+2+0+2+0+268;7+113+65+13+66+4
6;13;2400;012;731+0+179+179+0+1+1+0+178;6+60+29+19+62+2
6;13;2400;013;752+0+262+262+1+2+3+0+259;2+83+33+13+122+6
6;13;2400;014;847+0+258+258+0+0+0+10+258;2+82+20+7+143+4
6;13;2400;015;732+1+231+231+0+3+3+0+228;3+116+23+16+66+4
6;13;2900;001;678+2+172+172+0+0+0+0+172;1+64+35+9+60+3
6;13;2900;002;928+0+312+312+1+2+3+7+309;11+125+38+26+94+15
6;13;2900;003;768+1+274+274+1+0+1+0+273;4+143+36+7+80+3
6;13;2900;004;898+0+324+324+0+1+1+27+323;3+134+73+14+94+5
6;13;2900;005;892+2+374+374+2+2+4+24+370;1+122+69+9+161+8
6;13;2900;006;949+0+369+369+0+2+2+39+367;3+128+81+16+133+6
6;13;2900;007;521+0+239+239+1+1+2+13+237;3+81+35+9+105+4
6;13;2900;008;532+0+258+258+3+1+4+0+254;2+86+51+7+106+2
6;13;2900;009;1004+1+396+396+0+1+1+12+395;2+128+101+16+130+18
6;13;2900;011;314+0+157+157+0+0+0+9+157;4+31+28+5+86+3
6;13;2900;012;439+2+226+226+3+2+5+9+221;1+76+28+11+103+2
6;13;2900;013;582+1+218+218+0+1+1+5+217;1+70+53+5+86+2
6;13;2900;014;857+0+356+356+0+0+0+0+356;0+105+58+18+172+3
6;13;2900;015;445+0+198+198+1+0+1+0+197;1+55+30+9+94+8
6;13;2900;016;591+0+203+203+1+1+2+12+201;1+82+25+9+81+3
6;13;2900;017;732+1+317+317+0+1+1+25+316;3+99+43+9+157+5
6;13;2900;018;847+1+219+219+0+0+0+0+219;1+43+27+63+76+9
6;13;2900;019;520+0+186+186+1+0+1+0+185;6+73+25+1+76+4
6;13;2900;020;704+0+246+246+0+1+1+0+245;1+76+41+3+120+4
6;13;2900;021;307+0+142+142+1+2+3+0+139;3+54+15+1+65+1
6;13;2900;022;464+1+173+173+0+1+1+0+172;1+62+37+4+67+1
6;13;2900;023;319+0+122+122+0+0+0+8+122;3+39+16+7+54+3
6;13;2900;024;529+0+277+277+0+3+3+13+274;2+71+23+3+171+4
6;13;2900;025;444+0+190+190+1+2+3+10+187;0+58+23+1+102+3
6;13;2900;026;510+0+272+272+0+2+2+13+270;1+69+31+11+156+2
6;13;2900;027;71+0+50+50+1+0+1+2+49;0+16+6+2+25+0
6;13;2900;028;581+1+327+327+0+3+3+16+324;5+103+34+23+152+7
6;13;2900;029;575+3+221+221+0+0+0+0+221;2+77+42+4+93+3
6;13;2900;030;680+2+112+112+0+2+2+5+110;2+20+8+1+12+67
6;13;2900;031;506+2+166+166+0+5+5+0+161;3+55+28+4+59+12
6;13;2900;032;326+0+163+163+0+0+0+0+163;2+45+8+7+100+1
6;13;2900;033;377+1+192+192+0+0+0+0+192;0+88+22+3+77+2
6;13;2900;034;594+2+295+295+0+0+0+0+295;8+98+30+19+138+2
6;13;2900;035;945+0+339+339+0+2+2+22+337;3+92+81+17+140+4
6;13;2900;037;408+0+182+182+1+0+1+0+181;0+57+30+7+87+0
6;13;2900;038;629+0+95+95+0+1+1+0+94;0+37+10+13+32+2
6;13;2900;039;528+0+244+244+2+0+2+0+242;1+87+30+8+116+0
6;13;2900;040;836+1+322+322+0+1+1+6+321;1+104+63+20+126+7
6;13;2900;042;403+0+229+229+0+0+0+21+229;3+53+13+2+156+2
6;13;3200;001;781+2+351+351+0+0+0+18+351;2+71+81+18+169+10
6;13;3200;002;979+0+356+356+0+0+0+18+356;5+110+83+18+122+18
6;13;3200;003;787+4+313+313+3+1+4+16+309;3+83+79+17+115+12
6;13;3200;004;686+4+282+282+0+0+0+22+282;6+62+57+9+142+6
6;13;3200;005;669+4+311+311+2+0+2+16+309;2+86+64+9+142+6
6;13;3200;006;182+17+130+130+0+0+0+0+130;1+51+16+1+60+1
6;13;3200;007;286+6+212+212+2+2+4+5+208;0+46+26+11+121+4
6;13;3200;008;260+2+165+165+0+2+2+15+163;3+42+19+11+86+2
6;13;3200;009;202+6+154+154+0+0+0+10+154;3+56+17+9+68+1
[END]

[AGGR]
13;6;   ;6+414+414+251872+781+95268+95268+234+218+452+2956+94816;974+32459+17684+3124+38096+2479
[END]

