[INFO]
14;Пе░ник;201
[END]

[IZB]
14;6;   ;;11.11.2001;1;6;289
[END]

[NM]
1408;001;▒. А░зан;00610;00
1408;002;▒. Баби╢а;02066;00
1408;003;▒. Бани╣е;02614;00
1408;004;▒. Бег│нов╢и;03099;00
1408;006;г░. Б░езник;06286;00
1408;007;▒. Б░езни╕ки изво░;06313;00
1408;009;▒. Велков╢и;10548;00
1408;010;▒. Вид░и╢а;11034;00
1408;011;▒. Гигин╢и;14893;00
1408;013;▒. Го░на Секи░на;16382;00
1408;014;▒. Го░ни Роман╢и;16612;00
1408;015;▒. Г║░ло;18349;00
1408;016;▒. Долна Секи░на;22263;00
1408;018;▒. Д│╕ин╢и;24205;00
1408;019;▒. Завала;30048;00
1408;020;▒. Кон▒ка;41126;00
1408;021;▒. Ко╕а░ево;39150;00
1408;022;▒. К░а▒ава;39517;00
1408;025;▒. Неп░азнен╢и;51490;00
1408;026;▒. Ноев╢и;52324;00
1408;027;▒. Реб░о;62373;00
1408;029;▒. Режан╢и;17796;00
1408;030;▒. Р║жаве╢;63519;00
1408;031;▒. Садовик;65084;00
1408;033;▒. Слаков╢и;67163;00
1408;034;▒. Сопи╢а;68059;00
1408;035;▒. С▓ан╝ов╢и;68833;00
1408;036;▒. Я░о▒лав╢и;87579;00
1419;001;▒. Бе░енде;03887;00
1419;002;▒. Бла▓е╕ни╢а;04340;00
1419;003;▒. В░ан┐ ▒▓ена;12228;00
1419;004;▒. Габ░ов дол;14146;00
1419;005;▒. Го░на В░аб╖а;16167;00
1419;006;▒. Го░на Глогови╢а;16170;00
1419;007;▒. Дивл┐;20972;00
1419;008;▒. Долна В░аб╖а;22054;00
1419;009;▒. Елов дол;27320;00
1419;010;▒. Жабл┐но;29012;00
1419;011;г░. Земен;30778;00
1419;012;▒. Кало▓ин╢и;35482;00
1419;013;▒. М│░ено;49357;00
1419;014;▒. Од░ани╢а;53415;00
1419;015;▒. Падине;55141;00
1419;016;▒. Пе╣е░а;56280;00
1419;017;▒. Ра┐н╢и;62356;00
1419;018;▒. Сми░ов дол;67595;00
1419;019;▒. Чепино;80385;00
1422;001;▒. Ег║лни╢а;27043;00
1422;002;▒. Кали╣а;35434;00
1422;003;▒. Кова╖ев╢и;37513;00
1422;004;▒. Ко▒а╖а;38724;00
1422;005;▒. Лобо╕;43918;00
1422;006;▒. Ракилов╢и;61947;00
1422;007;▒. Све▓л┐;65591;00
1422;009;▒. Си░и╣ник;66648;00
1432;001;г░. Ба▓анов╢и;72223;00
1432;002;кв. Бела вода;;00
1432;003;▒. Богданов дол;04618;00
1432;004;▒. Бо▒нек;05760;00
1432;005;▒. Ви▒к┐░;11209;00
1432;006;▒. Ви▓анов╢и;11288;00
1432;007;▒. Големо Б│╖ино;15504;00
1432;008;▒. Диво▓ино;20986;00
1432;009;▒. Д░аги╖ево;23251;00
1432;010;▒. Зида░╢и;30836;00
1432;011;кв. Калка▒;;00
1432;012;▒. Кладни╢а;37174;00
1432;013;▒. К░алев дол;39387;00
1432;014;▒. Ле▒кове╢;43428;00
1432;015;▒. Л╛лин;44656;00
1432;016;▒. Ме╣и╢а;48037;00
1432;017;г░. Пе░ник;55871;00
1432;018;кв. Пе░ник-Из▓ок;;00
1432;020;▒. Рад│й;61618;00
1432;021;▒. Ра▒ник;62219;00
1432;022;▒. Р│да░╢и;63152;00
1432;024;▒. Сели╣ен дол;66072;00
1432;026;▒. С▓│дена;70038;00
1432;027;кв. Ц║░ква;;00
1432;028;▒. Че░на го░а;81952;00
1432;029;▒. Ч│йпе▓лово;81623;00
1432;030;▒. Я░джилов╢и;87480;00
1436;001;▒. Байкал▒ко;02230;00
1436;003;▒. Бобо░а╢и;04529;00
1436;004;▒. Бо░на░ево;05534;00
1436;005;▒. Владими░;11404;00
1436;006;▒. Го░на Дикан┐;16208;00
1436;007;▒. Г║л║бник;18263;00
1436;008;▒. Дебели Лаг;20256;00
1436;009;▒. Долна Дикан┐;22085;00
1436;010;▒. Долни Ракове╢;22490;00
1436;013;▒. Д░ен;23649;00
1436;014;▒. Д░│ган;24832;00
1436;015;м. Ег░е╢и▓е;;00
1436;016;▒. Жедна;29060;00
1436;018;▒. Жи▓│╕а;29622;00
1436;019;▒. Изво░;32384;00
1436;020;▒. Ка▒илаг;36566;00
1436;021;▒. Кленовик;41232;00
1436;022;▒. Кондо┤░ей;38265;00
1436;023;▒. Копани╢а;38460;00
1436;024;▒. Ко╕а░и▓е;41251;00
1436;025;▒. Негован╢и;51278;00
1436;026;▒. Николаево;51617;00
1436;027;▒. По╢║░нен╢и;57964;00
1436;028;▒. П░ибой;58311;00
1436;029;▒. Радибо╕;61354;00
1436;030;г░. Радоми░;61577;00
1436;031;▒. С▓а░о ▒ело;69064;00
1436;032;▒. С▓е┤аново;69239;00
1436;033;▒. Угл┐░╢и;75023;00
1436;034;▒. Че░вена могила;80488;00
1436;035;▒. Ч│кове╢;81709;00
1451;004;▒. Бо╡ова;05918;00
1451;005;▒. Б│▒ин╢и;07096;00
1451;006;▒. Б│▓░оин╢и;07137;00
1451;007;▒. Велиново;10478;00
1451;009;▒. В░аб╖а;12139;00
1451;010;▒. В│кан;12348;00
1451;011;▒. Главанов╢и;14979;00
1451;012;▒. Глогови╢а;15134;00
1451;013;▒. Го░на Мелна;16331;00
1451;014;▒. Го░о╖ев╢и;17077;00
1451;015;▒. Джин╖ов╢и;20818;00
1451;016;▒. Док╝ов╢и;21854;00
1451;017;▒. Долна Мелна;22201;00
1451;018;▒. Д║лга Л│ка;24517;00
1451;019;▒. Ездими░╢и;27084;00
1451;020;▒. Елови╢а;27351;00
1451;021;▒. Е░│л;27601;00
1451;022;▒. Забел;30017;00
1451;023;▒. Зелениг░ад;30716;00
1451;024;▒. Кожин╢и;37602;00
1451;025;▒. Ко▒▓│░ин╢и;39027;00
1451;027;▒. Лева ░ека;43195;00
1451;029;▒. Ломни╢а;44269;00
1451;030;▒. Л┐лин╢и;44781;00
1451;031;▒. Милк╝ов╢и;48249;00
1451;032;▒. Мило▒лав╢и;48252;00
1451;034;▒. М░амо░;49196;00
1451;035;▒. На▒алев╢и;51130;00
1451;036;▒. Неделково;51343;00
1451;037;▒. Па░ам│н;55453;00
1451;038;▒. Пенк╝ов╢и;55814;00
1451;040;▒. Радово;61501;00
1451;041;▒. Рани л│г;62205;00
1451;043;▒. Сли╕ов╢и;67458;00
1451;044;▒. С▓ай╖ов╢и;68641;00
1451;047;г░. Т░║н;73273;00
1451;048;▒. Т│░оков╢и;73479;00
1451;049;▒. Филипов╢и;76114;00
1451;052;▒. Я░лов╢и;87566;00
[END]

[SEC]
14;0800;001;6;006
14;0800;002;6;006
14;0800;003;6;006
14;0800;004;6;006
14;0800;006;6;002
14;0800;007;6;001
14;0800;008;6;022
14;0800;009;6;014
14;0800;010;6;019
14;0800;011;6;036
14;0800;012;6;010
14;0800;013;6;015
14;0800;014;6;027
14;0800;015;6;007
14;0800;016;6;031
14;0800;017;6;020
14;0800;018;6;029
14;0800;019;6;004
14;0800;020;6;003
14;0800;021;6;035
14;0800;022;6;030
14;0800;023;6;018
14;0800;024;6;016
14;0800;025;6;013
14;0800;026;6;021
14;0800;027;6;011
14;0800;028;6;025
14;0800;029;6;026
14;0800;030;6;009
14;0800;031;6;034
14;0800;032;6;033
14;1900;001;6;011
14;1900;002;6;011
14;1900;003;6;011
14;1900;004;6;002
14;1900;005;6;010
14;1900;006;6;016
14;1900;007;6;003
14;1900;008;6;012
14;1900;009;6;017
14;1900;010;6;007
14;1900;011;6;006
14;1900;012;6;014
14;1900;013;6;008
14;1900;014;6;018
14;1900;015;6;005
14;1900;016;6;013
14;1900;017;6;009
14;1900;018;6;019
14;1900;019;6;015
14;1900;020;6;004
14;1900;021;6;001
14;2200;001;6;004
14;2200;002;6;007
14;2200;003;6;009
14;2200;004;6;003
14;2200;005;6;006
14;2200;006;6;005
14;2200;007;6;002
14;2200;008;6;001
14;3200;001;6;018
14;3200;002;6;018
14;3200;003;6;018
14;3200;004;6;018
14;3200;005;6;018
14;3200;006;6;018
14;3200;007;6;018
14;3200;008;6;018
14;3200;009;6;018
14;3200;010;6;018
14;3200;011;6;018
14;3200;012;6;018
14;3200;013;6;018
14;3200;014;6;018
14;3200;015;6;018
14;3200;016;6;018
14;3200;017;6;018
14;3200;018;6;018
14;3200;019;6;018
14;3200;020;6;018
14;3200;021;6;018
14;3200;022;6;018
14;3200;023;6;018
14;3200;024;6;018
14;3200;025;6;018
14;3200;026;6;018
14;3200;027;6;018
14;3200;028;6;018
14;3200;029;6;018
14;3200;030;6;018
14;3200;031;6;018
14;3200;032;6;018
14;3200;033;6;018
14;3200;034;6;018
14;3200;035;6;007
14;3200;036;6;009
14;3200;037;6;009
14;3200;038;6;009
14;3200;039;6;027
14;3200;040;6;027
14;3200;041;6;027
14;3200;042;6;027
14;3200;043;6;027
14;3200;044;6;027
14;3200;045;6;027
14;3200;046;6;026
14;3200;047;6;026
14;3200;048;6;013
14;3200;049;6;022
14;3200;050;6;012
14;3200;051;6;004
14;3200;052;6;029
14;3200;053;6;017
14;3200;054;6;017
14;3200;055;6;017
14;3200;056;6;017
14;3200;057;6;017
14;3200;058;6;017
14;3200;059;6;017
14;3200;060;6;017
14;3200;061;6;017
14;3200;062;6;017
14;3200;063;6;017
14;3200;064;6;017
14;3200;065;6;017
14;3200;066;6;017
14;3200;067;6;017
14;3200;068;6;017
14;3200;069;6;017
14;3200;070;6;017
14;3200;071;6;017
14;3200;072;6;017
14;3200;073;6;011
14;3200;074;6;017
14;3200;075;6;017
14;3200;076;6;017
14;3200;077;6;017
14;3200;078;6;017
14;3200;079;6;017
14;3200;080;6;017
14;3200;081;6;017
14;3200;082;6;017
14;3200;083;6;017
14;3200;084;6;017
14;3200;085;6;017
14;3200;086;6;017
14;3200;087;6;017
14;3200;088;6;017
14;3200;089;6;017
14;3200;090;6;017
14;3200;091;6;017
14;3200;092;6;017
14;3200;093;6;017
14;3200;094;6;017
14;3200;095;6;017
14;3200;096;6;017
14;3200;097;6;017
14;3200;098;6;017
14;3200;099;6;017
14;3200;100;6;017
14;3200;101;6;017
14;3200;102;6;002
14;3200;103;6;002
14;3200;104;6;017
14;3200;105;6;017
14;3200;106;6;017
14;3200;107;6;017
14;3200;108;6;017
14;3200;109;6;017
14;3200;110;6;017
14;3200;111;6;017
14;3200;112;6;017
14;3200;113;6;017
14;3200;114;6;017
14;3200;115;6;017
14;3200;116;6;017
14;3200;117;6;017
14;3200;118;6;015
14;3200;119;6;008
14;3200;120;6;008
14;3200;121;6;016
14;3200;122;6;006
14;3200;123;6;021
14;3200;124;6;005
14;3200;125;6;020
14;3200;126;6;001
14;3200;127;6;001
14;3200;128;6;001
14;3200;129;6;028
14;3200;130;6;003
14;3200;131;6;030
14;3200;132;6;030
14;3200;133;6;010
14;3200;134;6;014
14;3200;135;6;024
14;3200;138;6;017
14;3600;001;6;030
14;3600;002;6;030
14;3600;003;6;030
14;3600;004;6;030
14;3600;005;6;030
14;3600;006;6;030
14;3600;007;6;030
14;3600;008;6;030
14;3600;009;6;030
14;3600;010;6;030
14;3600;011;6;030
14;3600;012;6;030
14;3600;013;6;030
14;3600;014;6;030
14;3600;015;6;030
14;3600;016;6;030
14;3600;017;6;030
14;3600;018;6;030
14;3600;019;6;013
14;3600;020;6;013
14;3600;021;6;013
14;3600;022;6;009
14;3600;023;6;006
14;3600;024;6;007
14;3600;025;6;014
14;3600;026;6;031
14;3600;027;6;005
14;3600;028;6;035
14;3600;029;6;022
14;3600;030;6;020
14;3600;031;6;016
14;3600;032;6;010
14;3600;033;6;032
14;3600;034;6;015
14;3600;035;6;018
14;3600;036;6;021
14;3600;037;6;019
14;3600;038;6;025
14;3600;039;6;033
14;3600;040;6;001
14;3600;041;6;008
14;3600;042;6;028
14;3600;043;6;024
14;3600;044;6;003
14;3600;045;6;027
14;3600;046;6;023
14;3600;047;6;029
14;3600;048;6;026
14;3600;049;6;004
14;3600;050;6;034
14;3600;051;6;030
14;5100;001;6;047
14;5100;002;6;047
14;5100;003;6;047
14;5100;004;6;047
14;5100;005;6;048
14;5100;006;6;022
14;5100;007;6;023
14;5100;008;6;032
14;5100;009;6;041
14;5100;010;6;043
14;5100;011;6;015
14;5100;012;6;004
14;5100;013;6;011
14;5100;014;6;035
14;5100;015;6;052
14;5100;016;6;040
14;5100;017;6;025
14;5100;018;6;020
14;5100;019;6;044
14;5100;020;6;013
14;5100;021;6;017
14;5100;022;6;018
14;5100;023;6;038
14;5100;024;6;016
14;5100;025;6;027
14;5100;026;6;014
14;5100;027;6;024
14;5100;028;6;021
14;5100;029;6;034
14;5100;030;6;010
14;5100;031;6;005
14;5100;032;6;012
14;5100;033;6;007
14;5100;034;6;031
14;5100;035;6;030
14;5100;036;6;036
14;5100;037;6;037
14;5100;038;6;049
14;5100;039;6;006
14;5100;040;6;009
14;5100;041;6;019
14;5100;042;6;029
[END]

[MAJ]
14;6;   ;01;;;Пе▓║░ Ки░илов Бе░он и С▓о┐н В║л╖ев Анд░еев;, ;ПКБ+СВА;394;0;1
14;6;   ;02;;;Пе▓║░ С▓е┤анов С▓о┐нов и Нели Пе▓░ова К│╢кова;, ;ПСС+НПК;13757;2;2
14;6;   ;03;;;Богомил Ангелов Бонев и А▓ана▒ Иванов Желез╖ев;, ;БАБ+АИЖ;16304;0;3
14;6;   ;04;;;Жо░ж Ган╖ев Ган╖ев и Ве▒елин С▓о┐нов Бон╖ев;, ;ЖГГ+ВСБ;1284;0;4
14;6;   ;05;;;Гео░ги Седе┤╖ов П║░ванов и Ангел Иванов Ма░ин;, ;ГСП+АИМ;24519;2;5
14;6;   ;06;;;Рене▓а Иванова Инджова и К░║▒▓╛ Николов Илов;, ;РИИ+КНИ;1117;0;6
[END]

[PROP]
[END]

[LISTI]
[END]

[PROT]
6;14;0800;001;1009+4+452+452+3+1+4+13+448;3+58+95+23+264+5
6;14;0800;002;923+4+461+461+4+2+6+13+455;3+112+111+8+210+11
6;14;0800;003;893+6+500+500+0+0+0+18+500;1+111+126+13+242+7
6;14;0800;004;721+2+400+400+0+0+0+10+400;5+89+99+9+193+5
6;14;0800;006;28+7+35+35+0+0+0+2+35;0+6+7+0+22+0
6;14;0800;007;42+9+26+26+0+0+0+0+26;1+6+6+0+12+1
6;14;0800;008;58+2+36+36+0+0+0+0+36;0+4+4+0+28+0
6;14;0800;009;28+14+36+36+0+0+0+0+36;0+11+4+0+20+1
6;14;0800;010;37+7+21+21+0+0+0+0+21;0+6+3+0+12+0
6;14;0800;011;30+7+29+29+0+0+0+0+29;0+4+1+1+23+0
6;14;0800;012;39+6+36+36+0+3+3+0+33;0+12+6+0+15+0
6;14;0800;013;79+16+66+66+0+0+0+0+66;1+7+14+4+40+0
6;14;0800;014;75+4+60+60+0+1+1+2+59;1+7+10+0+41+0
6;14;0800;015;74+6+54+54+2+0+2+2+52;0+16+13+1+21+1
6;14;0800;016;168+4+116+116+0+0+0+0+116;2+33+13+0+67+1
6;14;0800;017;117+4+64+64+0+0+0+1+64;0+16+10+1+36+1
6;14;0800;018;114+6+84+84+0+1+1+0+83;1+12+9+1+59+1
6;14;0800;019;156+6+102+102+0+0+0+1+102;2+20+16+4+60+0
6;14;0800;020;95+3+60+60+0+0+0+2+60;2+15+9+0+34+0
6;14;0800;021;86+2+64+64+1+0+1+0+63;0+24+3+0+35+1
6;14;0800;022;43+5+37+37+0+0+0+0+37;0+6+8+1+21+1
6;14;0800;023;28+6+25+31+0+0+0+0+31;0+6+2+0+22+1
6;14;0800;024;226+9+158+158+0+0+0+0+158;0+29+24+2+101+2
6;14;0800;025;28+6+24+24+0+0+0+3+24;0+6+4+0+14+0
6;14;0800;026;362+4+258+258+0+1+1+10+257;5+41+36+3+165+7
6;14;0800;027;196+3+140+140+0+0+0+6+140;3+20+25+3+88+1
6;14;0800;028;62+5+41+41+1+0+1+0+40;0+9+8+0+22+1
6;14;0800;029;626+2+319+319+1+1+2+10+317;3+88+74+6+135+11
6;14;0800;030;234+5+150+150+0+0+0+0+150;2+17+38+4+84+5
6;14;0800;031;121+4+77+77+0+0+0+2+77;0+27+14+2+32+2
6;14;0800;032;280+4+151+151+0+0+0+6+151;0+29+23+5+90+4
6;14;1900;001;530+2+290+290+3+1+4+0+286;3+74+66+13+127+3
6;14;1900;002;744+0+350+350+3+4+7+7+343;3+107+96+1+133+3
6;14;1900;003;655+0+318+318+1+1+2+12+316;4+88+61+11+143+9
6;14;1900;004;128+5+76+76+0+0+0+2+76;1+23+13+2+34+3
6;14;1900;005;180+5+99+99+1+0+1+9+98;1+23+16+3+52+3
6;14;1900;006;176+6+115+115+1+1+2+3+113;1+45+26+2+36+3
6;14;1900;007;72+2+39+39+0+2+2+1+37;0+11+3+0+23+0
6;14;1900;008;79+4+63+63+1+0+1+1+62;0+30+14+0+18+0
6;14;1900;009;29+4+23+23+0+0+0+0+23;1+9+1+0+12+0
6;14;1900;010;237+10+153+153+0+1+1+5+152;0+29+25+1+94+3
6;14;1900;011;53+3+44+44+1+0+1+1+43;0+22+7+0+14+0
6;14;1900;012;30+9+21+21+1+0+1+0+20;0+4+3+1+12+0
6;14;1900;013;33+3+27+27+0+0+0+0+27;0+14+6+0+7+0
6;14;1900;014;20+6+19+19+0+0+0+0+19;0+5+1+1+12+0
6;14;1900;015;78+1+53+53+0+0+0+0+53;1+16+8+0+28+0
6;14;1900;016;116+3+77+77+0+0+0+0+77;2+14+7+1+49+4
6;14;1900;017;174+4+113+113+0+1+1+7+112;2+25+22+1+62+0
6;14;1900;018;55+8+53+53+0+0+0+0+53;0+12+4+0+37+0
6;14;1900;019;22+3+20+20+0+1+1+2+19;0+4+3+0+11+1
6;14;1900;020;77+7+73+73+0+0+0+3+73;0+7+24+6+36+0
6;14;1900;021;52+3+39+39+0+0+0+2+39;0+10+2+0+27+0
6;14;2200;001;138+13+104+104+0+0+0+2+104;1+25+7+2+69+0
6;14;2200;002;151+1+113+113+2+1+3+1+110;1+11+13+0+85+0
6;14;2200;003;305+9+200+200+0+0+0+9+200;0+40+52+3+104+1
6;14;2200;004;297+10+192+192+0+1+1+7+191;1+63+30+0+97+0
6;14;2200;005;91+1+65+65+0+0+0+0+65;0+19+9+0+36+1
6;14;2200;006;219+13+150+150+1+0+1+7+149;1+46+41+1+58+2
6;14;2200;007;352+9+241+241+0+0+0+0+241;4+54+62+6+115+0
6;14;2200;008;244+0+151+151+1+0+1+0+150;0+25+34+6+84+1
6;14;3200;001;642+4+237+237+0+0+0+0+237;3+63+69+9+88+5
6;14;3200;002;573+0+174+174+0+0+0+1+174;0+24+65+4+73+8
6;14;3200;003;941+1+331+331+0+0+0+0+331;7+95+83+9+122+15
6;14;3200;004;652+1+279+279+1+0+1+7+278;0+68+100+6+95+9
6;14;3200;005;616+1+224+224+1+0+1+0+223;2+63+70+2+80+6
6;14;3200;006;590+2+275+275+0+0+0+2+275;1+69+95+11+89+10
6;14;3200;007;652+0+256+256+0+0+0+3+256;3+59+79+13+94+8
6;14;3200;008;660+0+260+260+0+0+0+4+260;0+61+94+3+97+5
6;14;3200;009;810+4+323+323+1+0+1+0+322;4+91+83+13+124+7
6;14;3200;010;670+0+273+273+0+0+0+3+273;0+67+91+10+101+4
6;14;3200;011;693+0+290+290+0+0+0+5+290;3+71+81+7+122+6
6;14;3200;012;612+2+281+281+0+0+0+0+281;1+65+105+6+95+9
6;14;3200;013;890+0+386+386+1+1+2+0+384;1+117+121+13+124+8
6;14;3200;014;596+0+257+257+0+1+1+2+256;0+90+62+5+91+8
6;14;3200;015;678+2+242+242+1+0+1+0+241;2+64+90+6+69+10
6;14;3200;016;610+0+199+199+0+1+1+5+198;1+50+56+6+78+7
6;14;3200;017;711+0+271+271+1+0+1+5+270;5+64+79+10+105+7
6;14;3200;018;1003+1+415+415+3+0+3+16+412;4+113+95+9+180+11
6;14;3200;019;584+0+291+291+0+0+0+13+291;0+78+79+6+126+2
6;14;3200;020;659+0+242+242+0+0+0+0+242;4+67+68+9+88+6
6;14;3200;021;623+1+224+224+0+0+0+5+224;1+49+47+4+120+3
6;14;3200;022;737+0+229+229+0+0+0+0+229;2+54+74+2+90+7
6;14;3200;023;748+1+276+276+2+2+4+0+272;0+67+86+3+105+11
6;14;3200;024;581+2+198+198+0+0+0+5+198;0+37+79+6+70+6
6;14;3200;025;643+0+193+193+0+0+0+0+193;5+66+74+1+42+5
6;14;3200;026;770+2+263+263+0+0+0+3+263;1+85+80+6+83+8
6;14;3200;027;833+0+310+310+1+0+1+0+309;1+85+80+7+127+9
6;14;3200;028;707+0+225+225+0+0+0+0+225;0+57+75+7+76+10
6;14;3200;029;516+1+168+168+0+0+0+6+168;1+36+62+4+64+1
6;14;3200;030;526+0+158+158+1+0+1+0+157;0+44+50+4+57+2
6;14;3200;031;680+0+218+218+1+0+1+0+217;2+60+85+4+65+1
6;14;3200;032;664+1+203+203+1+1+2+1+201;1+63+82+4+49+2
6;14;3200;033;1098+0+379+379+3+0+3+0+376;2+107+111+11+133+12
6;14;3200;034;344+0+344+344+0+1+1+1+343;1+92+125+13+104+8
6;14;3200;035;576+1+297+297+1+0+1+7+296;1+47+93+13+138+4
6;14;3200;036;579+0+234+234+1+1+2+13+232;3+52+67+8+97+5
6;14;3200;037;474+1+217+217+0+1+1+4+216;2+34+62+14+96+8
6;14;3200;038;543+0+172+172+1+0+1+10+171;2+45+36+12+74+2
6;14;3200;039;710+0+271+271+1+0+1+9+270;1+80+71+7+100+11
6;14;3200;040;769+1+309+309+0+1+1+10+308;3+83+103+2+110+7
6;14;3200;041;626+3+238+238+0+0+0+0+238;2+58+63+10+101+4
6;14;3200;042;661+1+241+241+0+1+1+0+240;4+46+69+7+105+9
6;14;3200;043;719+0+251+251+0+0+0+0+251;0+60+62+7+121+1
6;14;3200;044;667+0+203+203+0+0+0+11+203;2+47+60+5+85+4
6;14;3200;045;786+0+303+303+2+2+4+0+299;1+69+101+3+118+7
6;14;3200;046;976+3+358+358+0+0+0+0+358;4+97+100+13+139+5
6;14;3200;047;727+1+280+280+0+0+0+3+280;1+102+62+7+105+3
6;14;3200;048;538+1+281+281+2+2+4+0+277;2+85+48+11+125+6
6;14;3200;049;840+5+385+385+0+0+0+4+385;3+151+65+14+149+3
6;14;3200;050;1004+3+478+478+0+0+0+0+478;11+117+127+16+195+12
6;14;3200;051;156+6+117+117+2+0+2+0+115;0+37+17+1+59+1
6;14;3200;052;31+0+26+26+0+1+1+0+25;0+4+2+0+18+1
6;14;3200;053;548+0+212+212+2+0+2+0+210;3+56+48+8+94+1
6;14;3200;054;679+0+250+250+0+1+1+2+249;2+66+81+7+85+8
6;14;3200;055;610+0+222+222+0+0+0+0+222;0+66+56+5+92+3
6;14;3200;056;634+0+203+203+0+1+1+1+202;2+61+59+7+69+4
6;14;3200;057;639+0+253+253+0+0+0+0+253;1+54+93+11+85+9
6;14;3200;058;574+1+202+202+0+0+0+0+202;0+67+60+7+62+6
6;14;3200;059;611+0+206+206+0+0+0+0+206;0+36+78+5+79+8
6;14;3200;060;618+0+192+192+0+0+0+1+192;0+45+66+7+62+12
6;14;3200;061;616+2+188+188+1+0+1+0+187;1+43+74+8+55+6
6;14;3200;062;955+6+402+402+2+0+2+0+400;6+61+50+4+275+4
6;14;3200;063;600+0+153+153+1+1+2+4+151;1+26+15+6+96+7
6;14;3200;064;1038+0+385+385+0+0+0+10+385;2+78+82+10+199+14
6;14;3200;065;736+0+342+342+0+0+0+14+342;1+103+98+6+127+7
6;14;3200;066;981+1+416+416+0+1+1+12+415;3+119+81+7+195+10
6;14;3200;067;584+0+248+248+1+0+1+0+247;2+69+80+2+93+1
6;14;3200;068;921+0+396+396+1+0+1+0+395;4+122+72+3+182+12
6;14;3200;069;629+0+301+301+0+0+0+0+301;3+110+70+4+110+4
6;14;3200;070;977+0+420+420+0+0+0+19+420;3+126+102+3+174+12
6;14;3200;071;991+1+383+383+3+0+3+0+380;2+97+92+7+178+4
6;14;3200;072;779+1+282+282+0+1+1+4+281;4+47+31+11+178+10
6;14;3200;073;479+2+481+481+0+0+0+17+481;2+132+127+14+197+9
6;14;3200;074;696+0+331+331+0+1+1+0+330;2+124+61+3+135+5
6;14;3200;075;640+0+327+327+1+0+1+10+326;3+77+62+5+173+6
6;14;3200;076;1045+2+500+500+0+0+0+0+500;2+161+120+0+209+8
6;14;3200;077;714+0+342+342+0+1+1+7+341;1+136+77+4+109+14
6;14;3200;078;674+1+335+335+1+0+1+11+334;1+118+77+4+127+7
6;14;3200;079;558+0+247+247+0+0+0+4+247;0+64+47+6+126+4
6;14;3200;080;323+2+325+325+1+0+1+0+324;0+107+60+2+150+5
6;14;3200;081;726+1+331+331+0+1+1+0+330;0+125+65+5+128+7
6;14;3200;082;618+1+297+297+0+0+0+0+297;0+104+46+2+135+10
6;14;3200;083;636+2+292+292+0+0+0+5+292;1+118+62+5+104+2
6;14;3200;084;1075+0+536+536+1+0+1+0+535;5+182+103+6+228+11
6;14;3200;085;684+1+288+288+0+0+0+12+288;4+91+73+2+114+4
6;14;3200;086;607+1+241+241+0+0+0+0+241;1+63+81+8+83+5
6;14;3200;087;630+0+273+273+0+0+0+0+273;1+73+67+5+124+3
6;14;3200;088;983+3+376+376+0+0+0+0+376;2+90+116+9+156+3
6;14;3200;089;567+0+263+263+1+0+1+0+262;0+97+60+3+94+8
6;14;3200;090;657+3+226+226+0+2+2+8+224;1+54+62+11+91+5
6;14;3200;091;641+3+223+223+0+1+1+0+222;4+50+71+2+90+5
6;14;3200;092;1009+0+420+420+2+0+2+0+418;1+153+93+4+156+11
6;14;3200;093;695+1+245+245+1+0+1+0+244;1+79+66+3+88+7
6;14;3200;094;851+0+351+351+0+1+1+15+350;2+93+90+11+144+10
6;14;3200;095;742+1+314+314+0+0+0+0+314;5+86+94+2+116+11
6;14;3200;096;754+0+322+322+0+0+0+0+322;2+72+88+8+143+9
6;14;3200;097;559+1+231+231+0+0+0+10+231;0+73+75+2+79+2
6;14;3200;098;738+1+282+282+0+0+0+0+282;2+62+92+4+118+4
6;14;3200;099;665+0+243+243+0+0+0+12+243;1+46+70+7+112+7
6;14;3200;100;604+1+220+220+0+0+0+0+220;0+47+49+9+114+1
6;14;3200;101;842+0+359+359+2+0+2+7+357;0+84+80+12+174+7
6;14;3200;102;551+2+228+228+0+2+2+0+226;1+58+60+3+100+4
6;14;3200;103;620+1+280+280+0+0+0+5+280;2+60+87+9+115+7
6;14;3200;104;541+0+212+212+2+0+2+0+210;0+57+58+6+83+6
6;14;3200;105;763+0+256+256+0+1+1+0+255;0+44+77+6+116+12
6;14;3200;106;760+0+285+285+0+0+0+0+285;0+61+82+9+122+11
6;14;3200;107;724+0+328+328+0+0+0+3+328;1+69+92+12+148+6
6;14;3200;108;603+0+234+234+1+0+1+0+233;1+87+41+6+93+5
6;14;3200;109;662+1+261+261+0+0+0+0+261;2+62+62+3+124+8
6;14;3200;110;951+4+379+379+1+0+1+0+378;2+80+96+16+177+7
6;14;3200;111;564+1+255+255+0+0+0+14+255;1+48+53+5+141+7
6;14;3200;112;830+0+310+310+0+0+0+0+310;0+85+77+13+129+6
6;14;3200;113;590+0+270+270+0+1+1+0+269;0+58+64+11+129+7
6;14;3200;114;693+0+298+298+1+0+1+0+297;1+73+89+5+119+10
6;14;3200;115;885+2+425+425+0+0+0+22+425;1+90+75+12+235+12
6;14;3200;116;532+1+249+249+0+0+0+4+249;1+63+45+3+134+3
6;14;3200;117;964+3+468+468+2+1+3+0+465;1+105+86+7+258+8
6;14;3200;118;858+1+388+388+0+0+0+17+388;6+118+70+12+172+10
6;14;3200;119;932+0+412+412+0+2+2+0+410;5+132+85+7+173+8
6;14;3200;120;867+4+362+362+1+2+3+4+359;3+80+138+8+127+3
6;14;3200;121;867+6+489+489+0+0+0+17+489;7+120+113+11+231+7
6;14;3200;122;280+2+170+170+0+0+0+2+170;3+27+20+5+107+8
6;14;3200;123;424+4+229+229+0+0+0+0+229;3+31+40+12+142+1
6;14;3200;124;108+5+86+86+0+0+0+0+86;0+9+8+1+68+0
6;14;3200;125;67+9+60+60+0+0+0+0+60;0+9+3+0+47+1
6;14;3200;126;1054+1+422+422+2+4+6+15+416;1+98+99+17+196+5
6;14;3200;127;628+1+275+275+1+1+2+13+273;3+71+61+6+126+6
6;14;3200;128;531+0+219+219+0+1+1+0+218;2+59+36+7+112+2
6;14;3200;129;327+3+170+170+0+0+0+8+170;1+19+26+8+111+5
6;14;3200;130;554+2+227+227+1+0+1+8+226;1+49+50+9+115+2
6;14;3200;131;509+0+238+238+1+2+3+0+235;1+56+59+7+110+2
6;14;3200;132;582+1+281+281+1+1+2+0+279;1+64+45+4+162+3
6;14;3200;133;102+1+57+57+0+0+0+0+57;0+15+8+1+33+0
6;14;3200;134;116+5+83+83+0+1+1+2+82;1+13+11+4+52+1
6;14;3200;135;148+4+109+109+0+0+0+4+109;1+17+14+1+76+0
6;14;3200;138;72+3+34+34+0+0+0+0+34;1+9+8+1+13+2
6;14;3600;001;632+1+323+323+1+1+2+0+321;3+45+174+5+92+2
6;14;3600;002;907+0+331+331+0+0+0+0+331;1+76+198+8+39+9
6;14;3600;003;820+8+328+328+0+0+0+0+328;2+51+216+4+51+4
6;14;3600;004;706+0+370+370+1+0+1+3+369;1+46+206+8+107+1
6;14;3600;005;615+1+365+365+0+0+0+7+365;0+56+228+3+75+3
6;14;3600;006;773+1+395+395+0+0+0+17+395;1+52+234+1+105+2
6;14;3600;007;938+0+478+478+1+0+1+20+477;1+49+350+2+74+1
6;14;3600;008;668+1+343+343+1+1+2+6+341;1+48+201+0+86+5
6;14;3600;009;654+0+267+267+2+0+2+0+265;1+42+190+8+23+1
6;14;3600;010;698+0+254+254+0+0+0+4+254;0+53+165+3+28+5
6;14;3600;011;561+1+279+279+0+0+0+6+279;0+45+132+2+98+2
6;14;3600;012;693+1+312+312+1+0+1+0+311;1+36+193+4+75+2
6;14;3600;013;747+0+368+368+0+0+0+0+368;7+28+230+7+94+2
6;14;3600;014;726+0+302+302+0+0+0+7+302;1+28+195+2+73+3
6;14;3600;015;1060+1+322+322+0+0+0+0+322;3+43+225+4+44+3
6;14;3600;016;432+0+149+149+0+1+1+1+148;0+28+101+2+16+1
6;14;3600;017;941+0+341+341+1+0+1+5+340;2+33+213+5+83+4
6;14;3600;018;676+2+320+320+0+0+0+0+320;2+53+146+5+110+4
6;14;3600;019;385+6+175+175+0+0+0+0+175;3+35+45+4+82+6
6;14;3600;020;474+5+239+239+0+1+1+9+238;2+62+56+3+111+4
6;14;3600;021;280+3+136+136+0+0+0+5+136;2+21+42+4+66+1
6;14;3600;022;425+10+238+238+0+0+0+0+238;1+40+40+7+144+6
6;14;3600;023;225+28+162+162+0+0+0+3+162;1+27+19+4+107+4
6;14;3600;024;330+10+209+209+0+0+0+9+209;1+53+44+3+106+2
6;14;3600;025;517+11+253+253+1+3+4+8+249;1+39+95+8+104+2
6;14;3600;026;187+6+113+113+0+0+0+0+113;2+17+23+2+66+3
6;14;3600;027;221+6+146+146+2+0+2+5+144;2+18+19+1+103+1
6;14;3600;028;142+10+93+93+0+0+0+1+93;0+23+15+0+55+0
6;14;3600;029;206+13+154+154+0+1+1+3+153;0+30+49+9+61+4
6;14;3600;030;72+1+46+46+2+0+2+0+44;1+15+12+1+14+1
6;14;3600;031;121+6+91+91+0+0+0+3+91;0+20+23+1+44+3
6;14;3600;032;367+7+231+231+0+0+0+5+231;4+36+97+5+87+2
6;14;3600;033;438+4+265+265+0+0+0+5+265;0+54+90+3+114+4
6;14;3600;034;56+1+29+29+0+0+0+0+29;0+7+10+0+12+0
6;14;3600;035;125+0+62+62+0+0+0+1+62;1+20+10+1+29+1
6;14;3600;036;259+5+115+115+1+0+1+2+114;2+26+46+2+38+0
6;14;3600;037;556+5+307+307+0+0+0+11+307;1+70+104+3+127+2
6;14;3600;038;130+12+111+111+0+0+0+2+111;1+24+28+2+51+5
6;14;3600;039;98+2+63+63+1+0+1+1+62;2+16+13+0+29+2
6;14;3600;040;101+3+50+50+0+0+0+1+50;0+4+17+1+27+1
6;14;3600;041;192+4+130+130+0+1+1+7+129;0+26+35+10+57+1
6;14;3600;042;257+11+136+136+0+0+0+0+136;0+21+58+2+55+0
6;14;3600;043;111+4+79+79+0+0+0+2+79;1+13+25+2+37+1
6;14;3600;044;112+5+85+85+0+0+0+0+85;3+13+44+0+24+1
6;14;3600;045;105+10+72+72+0+0+0+3+72;4+14+17+0+37+0
6;14;3600;046;248+5+146+146+0+1+1+2+145;1+21+50+3+70+0
6;14;3600;047;77+3+57+57+0+0+0+0+57;1+17+17+0+21+1
6;14;3600;048;65+0+42+42+0+0+0+1+42;1+14+11+2+14+0
6;14;3600;049;89+4+60+60+0+0+0+0+60;0+24+16+0+20+0
6;14;3600;050;78+3+63+63+0+0+0+0+63;0+3+46+1+11+2
6;14;3600;051;75+0+69+69+1+0+1+2+68;1+7+11+5+33+11
6;14;5100;001;560+0+272+272+0+0+0+3+272;2+58+58+4+148+2
6;14;5100;002;496+1+264+264+0+0+0+1+264;1+64+36+7+155+1
6;14;5100;003;610+0+267+267+1+1+2+0+265;5+66+43+9+133+9
6;14;5100;004;548+8+207+207+3+1+4+4+203;3+60+26+6+104+4
6;14;5100;005;130+1+96+96+1+0+1+0+95;1+14+27+1+46+6
6;14;5100;006;37+2+30+30+0+0+0+0+30;0+15+1+2+12+0
6;14;5100;007;108+1+81+81+0+0+0+0+81;2+8+21+4+44+2
6;14;5100;008;41+8+30+30+0+0+0+0+30;0+17+3+0+10+0
6;14;5100;009;51+6+39+39+1+0+1+0+38;1+8+9+0+19+1
6;14;5100;010;67+12+50+50+0+0+0+0+50;0+9+8+1+31+1
6;14;5100;011;25+3+25+25+0+0+0+0+25;1+1+7+1+15+0
6;14;5100;012;43+7+31+31+0+0+0+0+31;0+5+3+0+23+0
6;14;5100;013;89+1+53+53+0+0+0+0+53;0+15+3+0+33+2
6;14;5100;014;28+1+18+18+0+0+0+0+18;0+8+2+0+8+0
6;14;5100;015;65+3+38+38+0+0+0+1+38;0+10+2+0+26+0
6;14;5100;016;63+10+43+43+0+0+0+0+43;0+6+3+0+34+0
6;14;5100;017;37+4+30+30+0+1+1+0+29;0+4+6+0+19+0
6;14;5100;018;39+2+34+34+0+0+0+0+34;1+1+1+0+31+0
6;14;5100;019;54+5+42+42+0+0+0+0+42;2+7+2+0+29+2
6;14;5100;020;25+1+9+9+0+0+0+0+9;0+2+0+0+7+0
6;14;5100;021;53+3+36+36+0+0+0+0+36;1+5+2+0+28+0
6;14;5100;022;19+4+20+20+3+0+3+1+17;0+1+0+0+16+0
6;14;5100;023;54+4+33+33+1+0+1+0+32;1+13+2+0+16+0
6;14;5100;024;45+4+24+24+0+0+0+2+24;0+4+1+1+18+0
6;14;5100;025;119+4+77+77+0+0+0+0+77;0+7+2+1+67+0
6;14;5100;026;30+4+29+29+0+0+0+0+29;0+2+1+0+26+0
6;14;5100;027;58+5+47+47+0+0+0+0+47;0+4+4+1+38+0
6;14;5100;028;43+10+44+44+0+0+0+0+44;0+6+6+1+30+1
6;14;5100;029;46+3+32+32+0+0+0+0+32;2+4+2+0+24+0
6;14;5100;030;30+4+25+25+0+0+0+1+25;0+4+2+1+18+0
6;14;5100;031;38+2+29+29+0+0+0+0+29;0+7+9+0+13+0
6;14;5100;032;103+12+63+63+0+0+0+0+63;0+16+12+0+35+0
6;14;5100;033;48+2+34+34+0+0+0+4+34;0+4+4+0+25+1
6;14;5100;034;41+2+37+37+0+0+0+0+37;2+3+1+0+31+0
6;14;5100;035;43+3+40+40+0+0+0+0+40;0+5+1+0+34+0
6;14;5100;036;66+4+43+43+0+0+0+1+43;0+13+4+1+25+0
6;14;5100;037;69+1+46+46+0+0+0+0+46;2+12+3+1+28+0
6;14;5100;038;231+10+166+166+3+0+3+8+163;0+28+27+4+100+4
6;14;5100;039;40+4+27+27+0+0+0+1+27;0+6+3+1+17+0
6;14;5100;040;81+2+47+47+0+0+0+2+47;0+15+5+5+22+0
6;14;5100;041;49+6+40+40+1+0+1+0+39;0+4+1+2+32+0
6;14;5100;042;95+2+58+58+0+0+0+0+58;1+8+13+0+33+3
[END]

[AGGR]
14;6;   ;6+289+289+127288+865+57574+57580+121+84+205+859+57375;394+13757+16304+1284+24519+1117
[END]

