[INFO]
15;Плевен;201
[END]

[IZB]
15;6;   ;;11.11.2001;1;6;401
[END]

[NM]
1503;001;г░. Белене;03366;00
1503;002;▒. Б┐ла вода;07630;00
1503;003;▒. Деков;20537;00
1503;004;▒. К│лина вода;40573;00
1503;005;▒. Пе▓окладен╢и;56085;00
1503;006;▒. Та▓а░и;72117;00
1508;001;▒. Б░е▒▓;06402;00
1508;002;▒. Гиген;14876;00
1508;003;г░. Г│л┐н╢и;18099;00
1508;004;▒. Долни Ви▓;22335;00
1508;005;▒. Д║бован;24308;00
1508;006;▒. Заг░ажден;30199;00
1508;007;▒. И▒к║░;14888;00
1508;008;▒. К░е▓а;39712;00
1508;009;▒. Ленково;43284;00
1508;010;▒. Милкови╢а;48204;00
1508;011;▒. Сомови▓;68045;00
1508;012;▒. Ши┐ково;83394;00
1510;001;▒. Байкал;02227;00
1510;002;▒. Бивола░е;03993;00
1510;003;▒. Бож│░и╢а;05013;00
1510;004;▒. Б░ега░е;06210;00
1510;005;▒. Го░на Ми▓░ополи┐;16345;00
1510;006;▒. Го▒▓ил┐;17364;00
1510;007;г░. Долна Ми▓░ополи┐;22215;00
1510;008;▒. Кома░ево;38145;00
1510;009;▒. К░│╕овене;40195;00
1510;010;▒. О░е╡ови╢а;53655;00
1510;011;▒. Победа;56865;00
1510;012;▒. Подем;57025;00
1510;013;▒. Рибен;62596;00
1510;014;▒. Славови╢а;67012;00
1510;015;▒. С▓аве░╢и;68607;00
1510;016;г░. Т░║▒▓еник;73359;00
1511;001;▒. Б║░ка╖;07524;00
1511;002;▒. Го░ни Д║бник;16537;00
1511;003;▒. Г░адина;17470;00
1511;004;г░. Долни Д║бник;22407;00
1511;005;▒. К░│╕ови╢а;40213;00
1511;006;▒. Пе▓║░ни╢а;56201;00
1511;007;▒. Садове╢;65070;00
1516;001;▒. А▒енов╢и;00761;00
1516;002;▒. А▒па░│╡ово;00802;00
1516;003;▒. Бож│░л│к;05044;00
1516;004;▒. Б║лга░ене;07274;00
1516;005;▒. Ва░ана;10080;00
1516;006;▒. Г░ади╣е;17556;00
1516;007;▒. Изг░ев;32531;00
1516;008;▒. Коза░ Белене;37647;00
1516;009;г░. Лев▒ки;43236;00
1516;010;▒. Мал╖ика;46841;00
1516;011;▒. Обнова;53089;00
1516;012;▒. С▓еже░ово;69153;00
1516;013;▒. Т░║н╖ови╢а;73345;00
1521;001;▒. А▒еново;00744;00
1521;002;▒. Ба╢ова ма╡ала;02957;00
1521;003;▒. В║бел;12365;00
1521;004;▒. Дебово;20314;00
1521;005;▒. Д░ага╕ войвода;23193;00
1521;006;▒. Евлогиево;27019;00
1521;007;▒. Же░нов;29310;00
1521;008;▒. Лози╢а;44152;00
1521;009;▒. Л╛беново;44536;00
1521;010;▒. М│▒елиево;49415;00
1521;011;г░. Никопол;51723;00
1521;012;▒. Нова╖ене;51932;00
1521;013;▒. Санадиново;65320;00
1521;014;▒. Че░кови╢а;80697;00
1523;001;▒. Долни Л│кови▓;22438;00
1523;002;г░. И▒к║░;55782;00
1523;003;▒. Пи▒а░ово;56493;00
1523;004;▒. С▓а░о▒ел╢и;69095;00
1524;001;▒. Беглеж;03068;00
1524;002;▒. Бо╡о▓;05921;00
1524;003;▒. Б░е▒▓ове╢;06495;00
1524;004;▒. Б░║╕л┐ни╢а;06690;00
1524;005;▒. Б│ковл║к;06999;00
1524;006;▒. В║░би╢а;12752;00
1524;007;▒. Го░▓алово;17258;00
1524;008;▒. Г░иви╢а;17854;00
1524;009;▒. Ди▒еви╢а;24935;00
1524;010;▒. Коилов╢и;37856;00
1524;011;▒. К║░▓ожабене;40974;00
1524;012;▒. К║╕ин;41037;00
1524;013;▒. Ла▒ка░;43147;00
1524;014;▒. Ме╖ка;47963;00
1524;015;▒. Николаево;51620;00
1524;016;▒. Опане╢;53583;00
1524;017;▒. Пели╕а▓;55765;00
1524;018;г░. Плевен;56722;00
1524;019;▒. Ради╕ево;61426;00
1524;020;▒. Ралево;62116;00
1524;021;г░. Слав┐ново;67088;00
1524;022;▒. Тодо░ово;72566;00
1524;023;▒. Т│╖ени╢а;73523;00
1524;024;▒. Т║░нене;73674;00
1524;025;▒. Я▒ен;87597;00
1527;001;▒. Бо░и▒лав;05493;00
1527;002;▒. В║л╖и▓░║н;12601;00
1527;003;▒. Згалево;30590;00
1527;004;▒. Камене╢;35780;00
1527;005;▒. Ка▓е░и╢а;36614;00
1527;006;▒. Од║░не;53446;00
1527;007;г░. По░дим;57772;00
1527;008;▒. То▓лебен;72881;00
1537;001;▒. Б░е▒▓е;06433;00
1537;002;▒. Глава;14934;00
1537;003;▒. Го░ник;16540;00
1537;004;▒. Девен╢и;20383;00
1537;005;г░. Койна░е;37863;00
1537;006;▒. Лепи╢а;43311;00
1537;007;▒. Радоми░╢и;61580;00
1537;008;▒. Раки▓а;61950;00
1537;009;▒. Ре▒еле╢;62503;00
1537;010;▒. Р│п╢и;63361;00
1537;011;▒. С│╡а╖е;70281;00
1537;012;▒. Тели╕;72206;00
1537;013;г░. Че░вен б░┐г;80501;00
1537;014;▒. Чомаков╢и;81551;00
1539;001;▒. Б░ени╢а;06375;00
1539;002;▒. Ени╢а;27509;00
1539;003;г░. Кнежа;37376;00
1539;004;▒. Лаза░ово;43044;00
[END]

[SEC]
15;0300;001;6;001
15;0300;002;6;001
15;0300;003;6;001
15;0300;004;6;001
15;0300;005;6;001
15;0300;006;6;001
15;0300;007;6;001
15;0300;008;6;001
15;0300;009;6;003
15;0300;010;6;006
15;0300;011;6;005
15;0300;012;6;004
15;0300;013;6;002
15;0300;014;6;001
15;0300;015;6;001
15;0300;016;6;001
15;0800;001;6;003
15;0800;002;6;003
15;0800;003;6;003
15;0800;004;6;003
15;0800;005;6;003
15;0800;006;6;012
15;0800;007;6;008
15;0800;008;6;009
15;0800;009;6;010
15;0800;010;6;010
15;0800;011;6;010
15;0800;012;6;010
15;0800;013;6;004
15;0800;014;6;011
15;0800;015;6;011
15;0800;016;6;001
15;0800;017;6;001
15;0800;018;6;001
15;0800;019;6;001
15;0800;020;6;002
15;0800;021;6;002
15;0800;022;6;002
15;0800;023;6;002
15;0800;024;6;007
15;0800;025;6;006
15;0800;026;6;005
15;1000;001;6;001
15;1000;002;6;002
15;1000;003;6;003
15;1000;004;6;003
15;1000;005;6;004
15;1000;006;6;004
15;1000;007;6;005
15;1000;008;6;005
15;1000;009;6;005
15;1000;010;6;006
15;1000;011;6;007
15;1000;012;6;007
15;1000;013;6;007
15;1000;014;6;007
15;1000;015;6;007
15;1000;016;6;007
15;1000;017;6;008
15;1000;018;6;008
15;1000;019;6;008
15;1000;020;6;009
15;1000;021;6;009
15;1000;022;6;009
15;1000;023;6;010
15;1000;024;6;010
15;1000;025;6;010
15;1000;026;6;011
15;1000;027;6;012
15;1000;028;6;012
15;1000;029;6;013
15;1000;030;6;014
15;1000;031;6;015
15;1000;032;6;015
15;1000;033;6;015
15;1000;034;6;016
15;1000;035;6;016
15;1000;036;6;016
15;1000;037;6;016
15;1000;038;6;016
15;1000;039;6;016
15;1000;040;6;016
15;1100;001;6;004
15;1100;002;6;004
15;1100;003;6;004
15;1100;004;6;004
15;1100;005;6;004
15;1100;006;6;004
15;1100;007;6;004
15;1100;008;6;003
15;1100;009;6;006
15;1100;010;6;006
15;1100;011;6;001
15;1100;012;6;005
15;1100;013;6;005
15;1100;014;6;005
15;1100;015;6;007
15;1100;016;6;007
15;1100;017;6;007
15;1100;018;6;007
15;1100;019;6;002
15;1100;020;6;002
15;1100;021;6;002
15;1600;001;6;009
15;1600;002;6;009
15;1600;003;6;009
15;1600;004;6;009
15;1600;005;6;009
15;1600;006;6;009
15;1600;007;6;009
15;1600;008;6;009
15;1600;009;6;009
15;1600;010;6;009
15;1600;011;6;009
15;1600;012;6;009
15;1600;013;6;009
15;1600;015;6;001
15;1600;016;6;001
15;1600;017;6;002
15;1600;018;6;003
15;1600;019;6;004
15;1600;020;6;005
15;1600;021;6;006
15;1600;022;6;006
15;1600;023;6;007
15;1600;024;6;008
15;1600;025;6;010
15;1600;026;6;010
15;1600;027;6;011
15;1600;028;6;011
15;1600;029;6;011
15;1600;030;6;012
15;1600;031;6;013
15;2100;001;6;011
15;2100;002;6;011
15;2100;003;6;011
15;2100;004;6;011
15;2100;005;6;011
15;2100;006;6;011
15;2100;007;6;005
15;2100;008;6;003
15;2100;009;6;003
15;2100;010;6;009
15;2100;011;6;008
15;2100;012;6;014
15;2100;013;6;007
15;2100;014;6;010
15;2100;015;6;010
15;2100;016;6;006
15;2100;017;6;004
15;2100;018;6;001
15;2100;019;6;012
15;2100;020;6;012
15;2100;021;6;012
15;2100;022;6;013
15;2100;023;6;002
15;2300;001;6;002
15;2300;002;6;002
15;2300;003;6;002
15;2300;004;6;002
15;2300;005;6;001
15;2300;006;6;001
15;2300;007;6;001
15;2300;008;6;003
15;2300;009;6;004
15;2300;010;6;004
15;2400;001;6;018
15;2400;002;6;018
15;2400;003;6;018
15;2400;004;6;018
15;2400;005;6;018
15;2400;006;6;018
15;2400;007;6;018
15;2400;008;6;018
15;2400;009;6;018
15;2400;010;6;018
15;2400;011;6;018
15;2400;012;6;018
15;2400;013;6;018
15;2400;014;6;018
15;2400;015;6;018
15;2400;016;6;018
15;2400;017;6;018
15;2400;018;6;018
15;2400;019;6;018
15;2400;020;6;018
15;2400;021;6;018
15;2400;022;6;018
15;2400;023;6;018
15;2400;024;6;018
15;2400;025;6;018
15;2400;026;6;018
15;2400;027;6;018
15;2400;028;6;018
15;2400;029;6;018
15;2400;030;6;018
15;2400;031;6;018
15;2400;032;6;018
15;2400;033;6;018
15;2400;034;6;018
15;2400;035;6;018
15;2400;036;6;018
15;2400;037;6;018
15;2400;038;6;018
15;2400;039;6;018
15;2400;040;6;018
15;2400;041;6;018
15;2400;042;6;018
15;2400;043;6;018
15;2400;044;6;018
15;2400;045;6;018
15;2400;046;6;018
15;2400;047;6;018
15;2400;048;6;018
15;2400;049;6;018
15;2400;050;6;018
15;2400;051;6;018
15;2400;052;6;018
15;2400;053;6;018
15;2400;054;6;018
15;2400;055;6;018
15;2400;056;6;018
15;2400;057;6;018
15;2400;058;6;018
15;2400;059;6;018
15;2400;060;6;018
15;2400;061;6;018
15;2400;062;6;018
15;2400;063;6;018
15;2400;064;6;018
15;2400;065;6;018
15;2400;066;6;018
15;2400;067;6;018
15;2400;068;6;018
15;2400;069;6;018
15;2400;070;6;018
15;2400;071;6;018
15;2400;072;6;018
15;2400;073;6;018
15;2400;074;6;018
15;2400;075;6;018
15;2400;076;6;018
15;2400;077;6;018
15;2400;078;6;018
15;2400;079;6;018
15;2400;080;6;018
15;2400;081;6;018
15;2400;082;6;018
15;2400;083;6;018
15;2400;084;6;018
15;2400;085;6;018
15;2400;086;6;018
15;2400;087;6;018
15;2400;088;6;018
15;2400;089;6;018
15;2400;090;6;018
15;2400;091;6;018
15;2400;092;6;018
15;2400;093;6;018
15;2400;094;6;018
15;2400;095;6;018
15;2400;096;6;018
15;2400;097;6;018
15;2400;098;6;018
15;2400;099;6;018
15;2400;100;6;018
15;2400;101;6;018
15;2400;102;6;018
15;2400;103;6;018
15;2400;104;6;018
15;2400;105;6;018
15;2400;106;6;018
15;2400;107;6;018
15;2400;108;6;018
15;2400;109;6;018
15;2400;110;6;018
15;2400;111;6;018
15;2400;112;6;018
15;2400;113;6;018
15;2400;114;6;018
15;2400;115;6;018
15;2400;116;6;018
15;2400;117;6;018
15;2400;118;6;018
15;2400;119;6;001
15;2400;120;6;002
15;2400;121;6;003
15;2400;122;6;004
15;2400;123;6;005
15;2400;124;6;005
15;2400;125;6;005
15;2400;126;6;006
15;2400;127;6;007
15;2400;128;6;008
15;2400;129;6;008
15;2400;130;6;010
15;2400;131;6;010
15;2400;132;6;011
15;2400;133;6;012
15;2400;134;6;013
15;2400;135;6;014
15;2400;136;6;015
15;2400;137;6;016
15;2400;138;6;016
15;2400;139;6;017
15;2400;140;6;019
15;2400;141;6;020
15;2400;142;6;021
15;2400;143;6;021
15;2400;144;6;021
15;2400;145;6;021
15;2400;146;6;021
15;2400;147;6;022
15;2400;148;6;023
15;2400;149;6;024
15;2400;150;6;025
15;2400;151;6;025
15;2400;152;6;009
15;2400;153;6;002
15;2400;154;6;018
15;2400;155;6;018
15;2400;156;6;018
15;2400;157;6;018
15;2400;158;6;018
15;2400;159;6;018
15;2400;160;6;018
15;2400;161;6;018
15;2700;001;6;007
15;2700;002;6;007
15;2700;003;6;007
15;2700;004;6;001
15;2700;005;6;002
15;2700;006;6;002
15;2700;007;6;003
15;2700;008;6;004
15;2700;009;6;004
15;2700;010;6;005
15;2700;011;6;006
15;2700;012;6;006
15;2700;013;6;008
15;3700;001;6;001
15;3700;002;6;002
15;3700;003;6;002
15;3700;004;6;003
15;3700;005;6;003
15;3700;006;6;004
15;3700;007;6;005
15;3700;008;6;005
15;3700;009;6;005
15;3700;010;6;005
15;3700;011;6;005
15;3700;012;6;006
15;3700;013;6;007
15;3700;014;6;007
15;3700;015;6;008
15;3700;016;6;009
15;3700;017;6;010
15;3700;018;6;011
15;3700;019;6;012
15;3700;020;6;012
15;3700;021;6;013
15;3700;022;6;013
15;3700;023;6;013
15;3700;024;6;013
15;3700;025;6;013
15;3700;026;6;013
15;3700;027;6;013
15;3700;028;6;013
15;3700;029;6;013
15;3700;030;6;013
15;3700;031;6;013
15;3700;032;6;013
15;3700;033;6;013
15;3700;034;6;013
15;3700;035;6;013
15;3700;036;6;013
15;3700;037;6;013
15;3700;038;6;014
15;3700;039;6;014
15;3700;040;6;013
15;3900;001;6;003
15;3900;002;6;003
15;3900;003;6;003
15;3900;004;6;003
15;3900;005;6;003
15;3900;006;6;003
15;3900;007;6;003
15;3900;008;6;003
15;3900;009;6;003
15;3900;010;6;003
15;3900;011;6;003
15;3900;012;6;003
15;3900;013;6;003
15;3900;014;6;003
15;3900;015;6;003
15;3900;016;6;003
15;3900;017;6;001
15;3900;018;6;001
15;3900;019;6;001
15;3900;020;6;002
15;3900;021;6;004
[END]

[MAJ]
15;6;   ;01;;;Пе▓║░ Ки░илов Бе░он и С▓о┐н В║л╖ев Анд░еев;, ;ПКБ+СВА;1223;0;1
15;6;   ;02;;;Пе▓║░ С▓е┤анов С▓о┐нов и Нели Пе▓░ова К│╢кова;, ;ПСС+НПК;38180;2;2
15;6;   ;03;;;Богомил Ангелов Бонев и А▓ана▒ Иванов Желез╖ев;, ;БАБ+АИЖ;21160;0;3
15;6;   ;04;;;Жо░ж Ган╖ев Ган╖ев и Ве▒елин С▓о┐нов Бон╖ев;, ;ЖГГ+ВСБ;4834;0;4
15;6;   ;05;;;Гео░ги Седе┤╖ов П║░ванов и Ангел Иванов Ма░ин;, ;ГСП+АИМ;51401;2;5
15;6;   ;06;;;Рене▓а Иванова Инджова и К░║▒▓╛ Николов Илов;, ;РИИ+КНИ;2995;0;6
[END]

[PROP]
[END]

[LISTI]
[END]

[PROT]
6;15;0300;001;1036+0+551+551+0+0+0+35+551;8+246+80+22+180+15
6;15;0300;002;761+0+357+357+0+0+0+21+357;3+125+87+14+117+11
6;15;0300;003;994+1+410+410+1+1+2+21+408;3+138+86+19+146+16
6;15;0300;004;751+0+350+350+0+3+3+21+347;2+106+57+19+156+7
6;15;0300;005;546+0+206+206+0+0+0+3+206;2+69+40+4+84+7
6;15;0300;006;804+0+333+333+0+0+0+11+333;3+97+39+19+167+8
6;15;0300;007;952+0+399+399+1+2+3+0+396;12+99+69+27+165+24
6;15;0300;008;1011+0+449+449+1+4+5+18+444;7+117+72+17+218+13
6;15;0300;009;603+1+323+323+2+0+2+11+321;8+86+38+15+157+17
6;15;0300;010;486+3+281+281+2+1+3+18+278;5+59+33+18+155+8
6;15;0300;011;491+4+297+297+0+1+1+13+296;6+77+27+9+175+2
6;15;0300;012;274+3+183+183+0+0+0+9+183;6+58+22+8+87+2
6;15;0300;013;391+0+240+240+1+0+1+9+239;3+54+23+11+144+4
6;15;0300;014;78+2+68+68+0+0+0+4+68;0+36+3+6+23+0
6;15;0300;015;825+0+339+339+1+2+3+15+336;2+137+62+25+107+3
6;15;0300;016;745+20+287+287+0+1+1+5+286;2+89+82+16+87+10
6;15;0800;001;762+1+391+391+0+2+2+34+389;10+130+56+14+167+12
6;15;0800;002;618+2+273+273+0+1+1+18+272;5+80+44+20+119+4
6;15;0800;003;799+0+363+363+1+1+2+17+361;6+101+67+20+160+7
6;15;0800;004;519+0+266+266+0+1+1+11+265;1+77+50+11+119+7
6;15;0800;005;503+0+245+245+0+0+0+10+245;14+39+51+25+111+5
6;15;0800;006;421+1+257+257+0+0+0+11+257;3+55+15+23+156+5
6;15;0800;007;339+1+206+206+0+0+0+10+206;1+64+22+10+108+1
6;15;0800;008;489+1+317+317+1+2+3+22+314;3+60+26+15+203+7
6;15;0800;009;546+0+249+249+0+1+1+7+248;3+84+18+10+127+6
6;15;0800;010;641+2+280+280+3+3+6+0+274;1+78+33+9+150+3
6;15;0800;011;604+0+282+282+0+1+1+0+281;4+92+33+17+130+5
6;15;0800;012;325+0+92+92+0+0+0+0+92;1+26+17+6+41+1
6;15;0800;013;637+0+343+343+0+0+0+19+343;1+103+24+8+203+4
6;15;0800;014;463+1+253+253+0+0+0+9+253;1+47+39+20+144+2
6;15;0800;015;350+2+177+177+2+0+2+4+175;1+38+33+13+86+4
6;15;0800;016;587+0+241+241+0+1+1+0+240;8+95+37+10+87+3
6;15;0800;017;570+2+194+196+0+0+0+0+196;1+32+22+10+129+2
6;15;0800;018;652+2+233+233+0+0+0+15+233;4+56+56+12+102+3
6;15;0800;019;718+0+266+266+0+1+1+0+265;4+78+57+15+105+6
6;15;0800;020;673+0+286+286+0+1+1+18+285;2+40+27+13+199+4
6;15;0800;021;609+1+276+276+0+0+0+11+276;2+58+19+13+181+3
6;15;0800;022;506+2+177+177+0+2+2+14+175;0+20+16+9+125+5
6;15;0800;023;630+0+252+252+2+2+4+15+248;1+49+20+15+160+3
6;15;0800;024;469+0+288+288+0+0+0+21+288;6+94+21+10+155+2
6;15;0800;025;531+2+315+315+0+1+1+18+314;9+89+30+6+178+2
6;15;0800;026;648+0+341+341+0+1+1+17+340;4+58+22+19+233+4
6;15;1000;001;593+4+362+362+2+0+2+11+360;5+70+29+27+219+10
6;15;1000;002;509+1+219+219+0+2+2+0+217;3+50+34+6+121+3
6;15;1000;003;479+0+207+207+2+1+3+9+204;3+70+30+14+80+7
6;15;1000;004;478+1+228+228+0+0+0+0+228;5+98+25+19+75+6
6;15;1000;005;371+4+228+228+0+0+0+0+228;4+60+25+10+126+3
6;15;1000;006;390+5+241+241+0+0+0+0+241;3+33+27+4+174+0
6;15;1000;007;591+0+286+286+0+1+1+14+285;4+52+68+16+138+7
6;15;1000;008;562+0+257+257+0+0+0+13+257;4+70+52+17+111+3
6;15;1000;009;562+1+259+259+1+1+2+10+257;6+65+59+19+101+7
6;15;1000;010;321+3+198+198+1+0+1+8+197;2+58+22+1+114+0
6;15;1000;011;767+0+299+299+0+0+0+13+299;8+116+48+12+109+6
6;15;1000;012;804+0+310+310+1+1+2+18+308;2+117+52+11+115+11
6;15;1000;013;304+2+148+148+0+0+0+3+148;0+48+29+4+64+3
6;15;1000;014;357+15+159+159+0+1+1+2+158;1+35+43+10+64+5
6;15;1000;015;681+0+299+299+1+0+1+13+298;1+117+56+6+104+14
6;15;1000;016;698+7+300+300+0+1+1+0+299;8+74+22+12+168+15
6;15;1000;017;394+0+178+178+0+1+1+16+177;4+51+13+7+101+1
6;15;1000;018;525+0+273+273+3+2+5+0+268;8+96+40+7+110+7
6;15;1000;019;458+0+245+245+1+0+1+15+244;3+118+38+9+72+4
6;15;1000;020;379+0+208+208+0+0+0+0+208;7+45+27+16+112+1
6;15;1000;021;473+0+268+268+1+0+1+9+267;2+71+29+6+155+4
6;15;1000;022;479+1+286+286+0+0+0+0+286;3+38+23+9+212+1
6;15;1000;023;574+1+333+333+0+0+0+14+333;5+59+41+14+213+1
6;15;1000;024;544+0+290+290+0+1+1+13+289;3+61+31+12+180+2
6;15;1000;025;435+0+272+272+0+0+0+0+272;6+49+49+11+154+3
6;15;1000;026;518+0+288+288+0+0+0+5+288;3+28+72+10+173+2
6;15;1000;027;499+1+244+244+0+0+0+13+244;5+61+29+9+134+6
6;15;1000;028;571+2+309+309+1+1+2+10+307;3+60+46+4+183+11
6;15;1000;029;744+0+415+415+0+2+2+5+413;3+124+33+28+221+4
6;15;1000;030;664+3+434+434+0+2+2+32+432;10+110+45+13+246+8
6;15;1000;031;529+2+243+243+2+2+4+13+239;4+57+23+13+140+2
6;15;1000;032;585+1+290+290+0+0+0+14+290;4+66+28+12+176+4
6;15;1000;033;714+15+393+393+1+3+4+0+389;8+62+44+24+248+3
6;15;1000;034;568+7+271+271+1+2+3+0+268;0+90+34+6+131+7
6;15;1000;035;510+0+255+255+0+0+0+5+255;1+110+41+8+86+9
6;15;1000;036;570+1+262+262+3+1+4+14+258;3+105+40+4+101+5
6;15;1000;037;546+0+232+232+0+0+0+7+232;1+79+49+10+86+7
6;15;1000;038;630+0+263+263+3+2+5+9+258;6+125+37+4+74+12
6;15;1000;039;630+0+289+289+0+3+3+7+286;3+149+47+10+66+11
6;15;1000;040;566+1+177+177+0+0+0+0+177;2+96+15+8+50+6
6;15;1100;001;724+0+311+311+0+0+0+18+311;5+83+107+21+81+14
6;15;1100;002;645+0+345+345+1+0+1+0+344;7+101+115+15+100+6
6;15;1100;003;544+0+245+245+0+0+0+0+245;1+78+75+21+65+5
6;15;1100;004;361+1+361+361+1+3+4+15+357;2+121+48+28+154+4
6;15;1100;005;531+0+274+274+1+1+2+9+272;3+92+71+15+89+2
6;15;1100;006;499+0+230+230+1+2+3+10+227;3+65+64+14+75+6
6;15;1100;007;528+0+269+269+1+0+1+0+268;3+77+72+18+95+3
6;15;1100;008;835+4+310+310+0+2+2+14+308;4+49+35+15+196+9
6;15;1100;009;616+0+333+333+0+2+2+17+331;3+119+48+10+148+3
6;15;1100;010;687+1+327+327+1+3+4+17+323;11+108+41+14+147+2
6;15;1100;011;572+7+387+387+1+1+2+17+385;2+98+38+15+222+10
6;15;1100;012;690+0+239+239+1+0+1+16+238;0+48+25+11+149+5
6;15;1100;013;648+0+310+310+0+0+0+22+310;0+124+62+4+119+1
6;15;1100;014;587+0+291+291+0+1+1+0+290;3+46+26+14+143+58
6;15;1100;015;582+4+278+278+2+4+6+8+272;0+78+26+11+154+3
6;15;1100;016;807+1+342+342+0+0+0+12+342;1+89+32+9+202+9
6;15;1100;017;401+0+223+223+1+0+1+8+222;1+68+9+4+132+8
6;15;1100;018;460+0+215+215+1+0+1+0+214;0+65+12+6+130+1
6;15;1100;019;661+2+331+331+1+2+3+4+328;2+81+81+17+141+6
6;15;1100;020;480+18+254+254+0+3+3+13+251;1+58+51+7+129+5
6;15;1100;021;529+0+206+206+0+2+2+7+204;4+55+24+11+108+2
6;15;1600;001;755+0+350+350+0+1+1+14+349;1+127+74+7+131+9
6;15;1600;002;930+0+369+369+1+0+1+11+368;5+130+76+1+149+7
6;15;1600;003;876+0+368+368+1+0+1+15+367;3+138+82+4+130+10
6;15;1600;004;643+0+291+291+0+0+0+0+291;2+77+62+9+133+8
6;15;1600;005;629+0+323+323+2+0+2+0+321;2+131+41+14+127+6
6;15;1600;006;957+0+403+403+1+0+1+20+402;2+156+64+7+157+16
6;15;1600;007;864+0+333+333+0+2+2+0+331;3+120+76+8+118+6
6;15;1600;008;911+0+356+356+0+2+2+34+354;10+125+29+24+147+19
6;15;1600;009;950+0+347+347+2+3+5+27+342;10+149+20+11+131+21
6;15;1600;010;902+0+359+359+0+3+3+11+356;5+132+55+8+142+14
6;15;1600;011;700+0+339+339+0+1+1+9+338;3+109+43+6+174+3
6;15;1600;012;759+0+342+342+0+2+2+13+340;3+106+55+16+151+9
6;15;1600;013;631+0+289+289+0+0+0+8+289;0+65+68+5+148+3
6;15;1600;015;709+3+361+361+2+1+3+4+358;5+103+38+9+193+10
6;15;1600;016;723+7+321+321+0+3+3+21+318;3+61+26+20+196+12
6;15;1600;017;524+0+254+254+1+1+2+0+252;3+71+85+27+61+5
6;15;1600;018;176+3+110+110+0+0+0+6+110;2+23+10+5+68+2
6;15;1600;019;1000+4+494+494+0+0+0+0+494;2+172+63+14+237+6
6;15;1600;020;74+3+52+52+1+0+1+4+51;3+10+7+1+30+0
6;15;1600;021;764+2+408+408+0+4+4+22+404;3+135+71+16+174+5
6;15;1600;022;559+2+307+307+0+3+3+18+304;2+89+47+13+150+3
6;15;1600;023;509+3+331+331+1+2+3+18+328;3+61+32+21+209+2
6;15;1600;024;968+1+450+450+1+1+2+10+448;3+149+52+21+215+8
6;15;1600;025;717+0+287+287+1+0+1+5+286;0+93+49+13+129+2
6;15;1600;026;870+0+354+354+0+2+2+17+352;8+126+58+22+135+3
6;15;1600;027;606+0+329+329+0+2+2+13+327;1+58+48+9+207+4
6;15;1600;028;776+0+355+355+0+2+2+0+353;0+72+79+13+183+6
6;15;1600;029;791+0+247+247+3+4+7+8+240;1+84+32+6+111+6
6;15;1600;030;663+11+350+350+3+1+4+41+346;4+95+37+15+193+2
6;15;1600;031;878+1+468+468+0+1+1+21+467;8+162+62+12+213+10
6;15;2100;001;213+0+213+213+0+4+4+0+209;11+70+50+26+30+22
6;15;2100;002;640+0+252+252+0+5+5+17+247;21+120+37+17+16+36
6;15;2100;003;716+0+334+334+0+0+0+19+334;1+104+71+6+142+10
6;15;2100;004;821+0+360+360+4+0+4+20+356;4+99+91+10+136+16
6;15;2100;005;431+0+172+172+0+0+0+0+172;2+36+9+13+91+21
6;15;2100;006;655+1+227+227+0+2+2+2+225;13+67+25+5+80+35
6;15;2100;007;743+2+449+449+0+3+3+24+446;1+48+56+21+312+8
6;15;2100;008;440+0+201+201+0+1+1+0+200;1+40+29+7+120+3
6;15;2100;009;538+7+258+258+2+0+2+11+256;2+72+38+11+133+0
6;15;2100;010;279+5+194+194+0+1+1+10+193;2+37+48+6+98+2
6;15;2100;011;368+2+213+213+0+0+0+0+213;2+61+22+7+119+2
6;15;2100;012;561+0+288+288+0+1+1+0+287;8+37+49+13+174+6
6;15;2100;013;118+2+94+94+0+0+0+6+94;1+25+10+5+52+1
6;15;2100;014;458+0+245+245+0+0+0+8+245;3+48+31+11+151+1
6;15;2100;015;405+2+191+191+0+0+0+7+191;1+43+13+11+122+1
6;15;2100;016;149+2+115+115+0+0+0+0+115;0+24+6+2+82+1
6;15;2100;017;717+4+310+310+1+1+2+15+308;1+51+28+8+216+4
6;15;2100;018;329+3+191+191+0+1+1+13+190;2+45+31+9+101+2
6;15;2100;019;423+1+180+180+0+1+1+11+179;0+28+36+9+100+6
6;15;2100;020;507+2+243+243+0+6+6+0+237;1+50+44+12+123+7
6;15;2100;021;438+1+212+212+0+2+2+19+210;2+39+25+8+130+6
6;15;2100;022;494+5+192+192+0+1+1+6+191;2+57+27+5+98+2
6;15;2100;023;508+1+289+289+0+0+0+15+289;0+56+54+7+166+6
6;15;2300;001;887+0+380+380+1+1+2+16+378;5+30+36+11+295+1
6;15;2300;002;797+0+372+372+0+1+1+0+371;2+77+42+7+234+9
6;15;2300;003;856+1+416+416+2+0+2+0+414;7+99+64+19+211+14
6;15;2300;004;797+2+343+343+0+2+2+14+341;7+88+44+20+178+4
6;15;2300;005;554+0+275+275+1+0+1+15+274;1+62+43+11+147+10
6;15;2300;006;740+1+316+316+0+3+3+12+313;2+86+34+22+161+8
6;15;2300;007;558+0+288+288+0+4+4+16+284;5+66+21+29+157+6
6;15;2300;008;882+8+469+469+2+1+3+39+466;9+111+59+19+255+13
6;15;2300;009;645+2+355+355+0+1+1+20+354;2+68+58+18+205+3
6;15;2300;010;659+0+335+335+0+0+0+17+335;3+79+32+10+203+8
6;15;2400;001;663+0+301+301+0+0+0+0+301;1+67+84+5+133+11
6;15;2400;002;1080+0+393+393+1+0+1+0+392;1+127+103+15+137+9
6;15;2400;003;820+2+307+307+1+0+1+4+306;3+114+77+5+102+5
6;15;2400;004;1007+0+316+316+0+0+0+24+316;5+149+62+14+79+7
6;15;2400;005;1047+5+421+421+0+1+1+11+420;1+177+81+11+135+15
6;15;2400;006;1096+0+429+429+1+0+1+13+428;2+210+100+7+99+10
6;15;2400;007;962+3+379+379+0+1+1+0+378;4+107+65+12+185+5
6;15;2400;008;790+2+335+335+3+0+3+20+332;3+121+68+5+124+11
6;15;2400;009;965+1+385+385+4+0+4+4+381;1+138+99+4+130+9
6;15;2400;010;963+0+339+339+0+1+1+0+338;1+141+82+9+98+7
6;15;2400;011;1014+0+273+273+1+0+1+0+272;0+98+75+12+79+8
6;15;2400;012;932+0+309+309+0+0+0+0+309;0+111+91+13+81+13
6;15;2400;013;1003+0+265+265+0+1+1+3+264;0+102+62+7+85+8
6;15;2400;014;854+1+245+245+1+1+2+0+243;3+89+66+5+74+6
6;15;2400;015;798+0+220+220+0+1+1+2+219;2+72+53+13+78+1
6;15;2400;016;834+2+233+233+0+0+0+4+233;2+73+69+6+77+6
6;15;2400;017;899+0+209+209+0+0+0+0+209;1+53+55+12+79+9
6;15;2400;018;1001+0+256+256+1+0+1+6+255;2+94+77+6+67+9
6;15;2400;019;948+2+295+295+0+1+1+6+294;2+96+108+10+74+4
6;15;2400;020;896+1+229+229+0+0+0+2+229;0+74+73+9+66+7
6;15;2400;021;960+0+297+297+0+0+0+10+297;2+103+74+16+92+10
6;15;2400;022;864+0+219+219+0+0+0+0+219;0+99+74+7+33+6
6;15;2400;023;1012+0+234+234+1+0+1+0+233;3+95+52+9+70+4
6;15;2400;024;962+5+211+211+0+0+0+4+211;1+83+52+10+55+10
6;15;2400;025;935+0+220+220+0+0+0+8+220;1+73+72+10+61+3
6;15;2400;026;866+0+239+239+0+0+0+4+239;0+77+72+15+63+12
6;15;2400;027;799+1+183+183+0+0+0+0+183;1+75+57+8+35+7
6;15;2400;028;910+2+307+307+0+0+0+11+307;6+129+70+15+82+5
6;15;2400;029;966+0+328+328+0+1+0+19+327;2+100+86+19+114+6
6;15;2400;030;967+0+304+304+0+1+1+16+303;5+115+57+12+107+7
6;15;2400;031;1042+0+337+337+0+2+2+16+335;1+128+75+16+109+6
6;15;2400;032;946+3+326+326+0+0+0+0+326;2+129+57+13+116+9
6;15;2400;033;953+1+323+323+1+1+2+7+321;1+127+74+7+108+4
6;15;2400;034;988+3+390+390+2+0+2+5+388;5+138+82+9+140+14
6;15;2400;035;900+1+312+312+3+0+3+0+309;3+99+73+2+125+7
6;15;2400;036;1066+1+384+384+0+2+2+0+382;2+154+101+9+107+9
6;15;2400;037;818+0+295+295+0+0+0+15+295;0+121+69+15+84+6
6;15;2400;038;934+0+303+303+303+0+0+2+303;2+107+84+16+90+4
6;15;2400;039;908+5+328+328+0+0+0+8+328;3+129+75+11+98+12
6;15;2400;040;959+1+348+348+0+1+1+6+347;5+142+99+7+86+8
6;15;2400;041;775+1+248+248+0+0+0+16+248;0+94+60+8+82+4
6;15;2400;042;995+1+378+378+0+0+0+0+378;0+150+81+9+125+13
6;15;2400;043;889+2+303+303+0+1+1+7+302;2+108+74+10+100+8
6;15;2400;044;1099+0+349+349+0+0+0+3+349;2+124+89+13+110+11
6;15;2400;045;1110+0+296+296+0+0+0+11+296;3+129+56+9+93+6
6;15;2400;046;875+0+235+235+0+0+0+5+235;2+85+54+14+74+6
6;15;2400;047;887+1+203+203+0+0+0+0+203;1+82+47+8+55+10
6;15;2400;048;1099+1+375+375+0+0+0+0+375;2+111+105+18+129+10
6;15;2400;049;1020+0+301+301+5+1+6+0+295;1+92+92+17+82+11
6;15;2400;050;1066+0+314+314+0+0+0+0+314;3+109+85+10+99+8
6;15;2400;051;1089+2+329+329+2+0+2+0+327;1+128+61+14+114+9
6;15;2400;052;1102+0+403+403+3+2+5+23+398;2+142+109+14+125+6
6;15;2400;053;978+1+336+336+0+0+0+0+336;1+133+76+14+103+9
6;15;2400;054;1116+0+359+359+1+0+1+0+358;2+125+96+5+116+14
6;15;2400;055;962+0+233+233+1+0+1+8+232;1+91+74+5+60+1
6;15;2400;056;448+0+294+294+0+0+0+15+294;2+74+79+5+113+21
6;15;2400;057;1093+2+379+379+0+0+0+17+379;2+155+83+7+128+4
6;15;2400;058;1078+0+287+287+0+0+0+5+287;1+131+57+6+85+7
6;15;2400;059;1048+0+260+260+0+0+0+0+260;0+105+81+8+62+4
6;15;2400;060;1097+1+346+346+0+0+0+11+346;5+150+67+8+109+7
6;15;2400;061;1090+0+443+443+3+0+3+7+440;7+227+78+15+100+13
6;15;2400;062;1109+2+428+428+0+0+0+0+428;5+206+71+10+123+13
6;15;2400;063;1085+0+372+372+1+0+1+15+371;4+183+74+7+94+9
6;15;2400;064;1159+1+431+431+0+1+1+0+430;1+174+82+11+153+9
6;15;2400;065;1128+1+423+423+2+0+2+19+421;5+132+111+16+148+9
6;15;2400;066;1131+0+347+347+1+0+1+7+346;2+110+91+12+123+8
6;15;2400;067;1089+0+383+383+1+2+3+6+380;7+162+67+32+105+7
6;15;2400;068;938+158+393+393+0+2+2+17+391;5+184+66+13+116+7
6;15;2400;069;1046+0+365+365+0+0+0+18+365;6+130+80+9+134+6
6;15;2400;070;1065+3+489+489+1+1+2+30+487;2+189+121+13+142+20
6;15;2400;071;1101+2+382+382+2+3+5+19+377;7+130+67+12+148+13
6;15;2400;072;1091+2+423+423+1+1+2+22+421;4+193+90+7+121+6
6;15;2400;073;1094+0+396+396+3+0+3+11+393;3+136+79+16+146+13
6;15;2400;074;905+172+310+310+2+0+2+0+308;0+124+61+9+105+9
6;15;2400;075;597+0+171+171+0+2+2+7+169;2+74+26+13+51+3
6;15;2400;076;825+0+320+320+1+0+1+0+319;3+113+62+10+121+10
6;15;2400;077;1063+2+373+373+1+1+2+14+371;5+123+72+16+147+8
6;15;2400;078;992+3+388+388+1+0+1+0+387;0+157+93+10+123+4
6;15;2400;079;737+0+372+372+1+0+1+11+371;2+82+72+6+195+14
6;15;2400;080;909+2+345+345+1+0+1+8+344;0+129+57+5+150+3
6;15;2400;081;936+1+367+367+3+0+3+10+364;2+144+41+7+159+11
6;15;2400;082;679+4+301+301+1+0+1+16+300;2+92+51+5+144+6
6;15;2400;083;976+0+404+404+2+1+3+5+401;2+177+88+7+114+13
6;15;2400;084;1064+0+404+404+0+0+0+13+404;2+182+65+10+126+19
6;15;2400;085;1077+0+392+392+0+0+0+22+392;3+169+70+6+136+8
6;15;2400;086;939+2+415+415+0+3+3+11+412;3+197+74+8+110+20
6;15;2400;087;954+0+360+360+2+0+2+6+358;0+129+99+10+111+9
6;15;2400;088;1104+3+383+383+0+0+0+9+383;2+145+88+10+126+12
6;15;2400;089;1031+0+410+410+0+2+2+10+408;0+208+69+14+104+13
6;15;2400;090;1002+10+363+363+2+0+2+9+361;1+148+86+7+112+7
6;15;2400;091;1038+1+404+404+3+0+3+19+401;3+164+99+10+109+16
6;15;2400;092;717+0+260+260+1+1+2+3+258;0+133+46+7+65+7
6;15;2400;093;826+0+369+369+2+0+2+0+367;5+198+54+4+102+4
6;15;2400;094;950+0+461+461+1+0+1+28+460;0+189+76+9+174+12
6;15;2400;095;1078+5+472+472+0+0+0+27+472;4+194+100+8+155+11
6;15;2400;096;1065+0+472+472+1+0+1+45+471;7+188+102+11+153+10
6;15;2400;097;652+3+324+324+0+1+1+27+323;3+137+84+6+88+5
6;15;2400;098;674+6+291+291+0+1+1+16+290;1+87+71+4+117+10
6;15;2400;099;887+0+393+393+2+1+3+14+390;0+181+61+3+141+4
6;15;2400;100;598+1+289+289+3+0+3+8+286;3+115+58+3+95+12
6;15;2400;101;654+3+288+288+0+0+0+5+288;3+128+42+4+102+9
6;15;2400;102;1037+1+488+488+0+1+1+0+487;5+187+99+16+167+13
6;15;2400;103;788+3+317+317+0+0+0+12+317;0+123+59+3+124+8
6;15;2400;104;810+1+345+345+0+0+0+26+345;0+101+73+6+164+1
6;15;2400;105;895+1+403+403+0+0+0+22+403;3+193+52+8+133+14
6;15;2400;106;781+0+324+324+0+1+1+0+323;2+140+64+4+109+4
6;15;2400;107;804+2+383+383+0+0+0+0+383;0+143+73+4+152+11
6;15;2400;108;1053+1+407+407+0+0+0+7+407;1+165+112+10+111+8
6;15;2400;109;981+12+395+395+1+0+1+3+394;1+139+93+4+148+9
6;15;2400;110;749+0+301+301+0+0+0+14+301;2+105+67+10+114+3
6;15;2400;111;711+0+288+288+0+0+0+0+288;0+112+67+5+100+4
6;15;2400;112;779+0+383+383+0+0+0+25+383;0+133+70+6+168+6
6;15;2400;113;804+1+353+353+0+0+0+8+353;1+114+75+8+148+7
6;15;2400;114;1047+1+432+432+2+0+2+17+430;3+168+75+7+171+6
6;15;2400;115;1007+5+417+417+1+0+1+33+416;2+128+82+9+180+15
6;15;2400;116;571+0+230+230+0+1+1+18+229;2+72+50+3+98+4
6;15;2400;117;956+0+331+331+0+0+0+0+331;1+121+89+5+106+9
6;15;2400;118;954+0+282+282+0+0+0+5+282;1+103+85+5+78+10
6;15;2400;119;729+11+331+331+0+0+0+0+331;6+84+62+15+148+16
6;15;2400;120;688+15+362+362+1+3+4+0+358;6+130+56+18+140+8
6;15;2400;121;820+0+306+306+0+4+4+0+302;3+79+57+10+149+4
6;15;2400;122;677+2+419+419+3+4+7+34+412;8+105+51+28+215+5
6;15;2400;123;650+0+275+275+0+6+6+10+269;3+97+41+20+100+8
6;15;2400;124;805+4+328+328+0+1+1+0+327;7+98+25+36+158+3
6;15;2400;125;718+1+311+311+4+5+9+0+302;3+90+39+41+124+5
6;15;2400;126;463+4+243+243+1+0+1+9+242;5+47+46+10+131+3
6;15;2400;127;126+4+77+77+1+0+1+1+76;1+31+17+1+26+0
6;15;2400;128;640+0+264+264+0+1+1+0+263;1+72+58+15+107+10
6;15;2400;129;891+2+319+319+0+0+0+0+319;1+83+77+31+118+9
6;15;2400;130;536+4+291+291+0+0+0+0+291;2+67+41+8+172+1
6;15;2400;131;560+0+285+285+0+1+1+0+284;6+54+27+9+183+5
6;15;2400;132;135+2+82+82+0+0+0+0+82;1+28+10+2+39+2
6;15;2400;133;256+3+156+156+0+0+0+11+156;1+53+29+3+69+1
6;15;2400;134;130+8+108+108+0+0+0+0+108;2+42+14+0+49+1
6;15;2400;135;654+3+420+420+0+2+2+0+418;2+144+50+21+194+7
6;15;2400;136;556+10+326+326+0+2+2+6+324;8+111+37+7+150+11
6;15;2400;137;834+2+356+356+1+1+2+0+354;1+125+71+19+132+6
6;15;2400;138;729+0+248+248+1+0+1+0+247;4+117+35+12+75+4
6;15;2400;139;551+7+274+274+2+0+2+20+272;4+88+41+9+121+9
6;15;2400;140;523+16+220+220+1+0+1+0+219;3+69+18+25+96+8
6;15;2400;141;220+19+196+196+0+0+0+1+196;2+111+19+1+62+1
6;15;2400;142;642+0+368+368+1+2+3+0+365;5+151+60+11+130+8
6;15;2400;143;525+0+269+269+0+2+2+0+267;6+126+12+7+89+27
6;15;2400;144;801+5+310+310+0+2+2+0+308;6+134+11+5+122+30
6;15;2400;145;985+0+494+494+3+3+6+0+488;9+193+46+14+209+17
6;15;2400;146;1079+1+533+533+0+0+0+0+533;8+227+75+18+198+7
6;15;2400;147;343+6+223+223+0+3+3+0+220;4+78+26+6+101+5
6;15;2400;148;316+4+175+175+0+2+2+0+173;2+64+21+10+72+4
6;15;2400;149;713+3+319+319+1+1+2+0+317;8+90+55+24+130+10
6;15;2400;150;883+2+384+384+0+0+0+15+384;4+99+94+16+165+6
6;15;2400;151;1263+1+479+479+2+1+3+28+476;3+151+100+24+179+19
6;15;2400;152;622+2+366+366+1+2+3+18+363;1+120+59+23+153+7
6;15;2400;153;53+0+33+33+0+0+0+0+33;0+7+4+0+20+2
6;15;2400;154;1150+0+328+328+0+0+0+0+328;2+123+84+12+100+7
6;15;2400;155;1027+0+273+273+2+0+2+0+271;1+92+68+7+96+7
6;15;2400;156;996+0+280+280+0+0+0+0+280;1+84+79+11+85+20
6;15;2400;157;1025+0+247+247+1+0+1+0+246;1+108+61+17+47+12
6;15;2400;158;75+0+61+61+2+0+2+5+59;3+26+6+11+10+3
6;15;2400;159;132+16+58+58+0+0+0+0+58;0+21+15+1+20+1
6;15;2400;160;25+0+23+23+0+0+0+0+23;0+5+5+1+11+1
6;15;2400;161;81+0+57+57+0+0+0+1+57;3+17+19+8+7+3
6;15;2700;001;662+0+271+271+1+0+1+18+270;2+103+32+11+118+4
6;15;2700;002;618+0+276+276+0+0+0+10+276;2+80+43+7+141+3
6;15;2700;003;570+3+283+283+0+0+0+13+283;2+94+43+9+129+6
6;15;2700;004;235+0+169+169+0+0+0+10+169;2+48+11+6+90+12
6;15;2700;005;319+0+319+319+3+1+4+15+315;2+104+29+6+171+3
6;15;2700;006;582+5+282+282+0+1+1+13+281;4+100+33+10+130+4
6;15;2700;007;568+6+308+308+0+3+3+13+305;2+72+56+16+152+7
6;15;2700;008;587+3+307+307+1+1+2+7+305;5+103+48+21+118+10
6;15;2700;009;575+4+294+294+1+1+2+11+292;5+66+39+19+156+7
6;15;2700;010;130+3+107+107+1+0+1+5+106;3+47+4+1+50+1
6;15;2700;011;488+2+264+264+0+7+7+16+257;6+64+42+14+128+3
6;15;2700;012;493+5+258+258+1+0+1+6+257;5+49+37+8+148+10
6;15;2700;013;542+8+264+264+0+0+0+17+264;1+77+34+20+130+2
6;15;3700;001;446+0+221+221+1+2+3+9+218;5+46+24+7+133+3
6;15;3700;002;523+5+209+209+2+0+2+0+207;3+58+33+11+99+3
6;15;3700;003;698+0+278+278+0+6+6+0+272;6+47+26+18+163+12
6;15;3700;004;427+2+190+190+0+0+0+6+190;1+40+38+9+92+10
6;15;3700;005;622+1+200+200+1+2+3+8+197;0+21+19+16+128+13
6;15;3700;006;792+2+444+444+1+0+1+0+443;2+84+57+26+257+17
6;15;3700;007;927+1+312+312+1+0+1+0+311;3+49+47+12+195+5
6;15;3700;008;755+3+253+253+2+1+3+0+250;4+44+50+12+139+1
6;15;3700;009;940+2+335+335+0+0+0+0+335;4+74+46+14+194+3
6;15;3700;010;967+1+316+316+2+0+2+0+314;2+48+26+15+220+3
6;15;3700;011;761+0+268+268+0+0+0+18+268;4+24+27+25+177+11
6;15;3700;012;473+6+263+263+2+2+4+0+259;0+76+20+14+148+1
6;15;3700;013;716+2+366+366+1+0+1+0+365;6+93+69+19+124+54
6;15;3700;014;685+6+351+351+1+2+3+0+348;3+107+66+7+159+6
6;15;3700;015;879+1+453+453+3+1+4+17+449;10+171+93+13+148+14
6;15;3700;016;953+2+561+561+0+1+1+33+560;6+181+41+20+298+14
6;15;3700;017;982+3+522+522+0+2+2+0+520;15+190+90+20+195+10
6;15;3700;018;693+2+408+408+2+0+2+0+406;2+59+48+11+281+5
6;15;3700;019;675+8+343+343+3+1+4+3+339;2+119+56+21+136+5
6;15;3700;020;594+6+243+243+1+0+1+10+242;1+71+40+11+115+4
6;15;3700;021;767+0+312+312+0+1+1+6+311;3+78+65+12+148+5
6;15;3700;022;750+0+308+308+0+1+1+10+307;1+87+50+10+148+11
6;15;3700;023;860+3+322+322+0+0+0+21+322;1+107+56+16+138+4
6;15;3700;024;835+0+332+332+0+2+2+0+330;1+117+60+8+138+6
6;15;3700;025;778+2+331+331+2+0+2+5+329;0+107+96+7+114+5
6;15;3700;026;810+0+312+312+2+0+2+0+310;2+103+71+12+117+5
6;15;3700;027;770+0+319+319+0+1+1+0+318;2+103+78+14+112+9
6;15;3700;028;938+0+329+329+0+0+0+10+329;3+99+69+22+122+14
6;15;3700;029;755+3+274+274+0+0+0+0+274;3+99+57+8+100+7
6;15;3700;030;817+1+353+353+0+1+1+0+352;2+128+74+10+135+3
6;15;3700;031;970+0+332+332+0+1+1+0+331;4+89+87+18+130+3
6;15;3700;032;785+0+286+286+0+0+0+0+286;2+108+61+5+102+8
6;15;3700;033;983+0+318+318+0+1+1+0+317;1+99+91+6+117+3
6;15;3700;034;972+0+302+302+0+1+1+7+301;0+99+49+13+134+6
6;15;3700;035;1112+4+271+271+1+0+1+0+270;1+107+79+11+59+13
6;15;3700;036;681+0+254+254+0+1+1+0+253;4+49+23+23+145+9
6;15;3700;037;590+0+191+191+0+0+0+0+191;5+57+18+19+87+5
6;15;3700;038;544+3+254+254+2+1+3+13+251;2+76+42+9+119+3
6;15;3700;039;566+0+253+253+0+2+2+5+251;6+51+41+11+139+3
6;15;3700;040;26+0+6+6+0+0+0+0+6;1+1+1+0+3+0
6;15;3900;001;746+1+321+321+0+1+1+11+320;2+111+50+10+142+5
6;15;3900;002;735+0+284+284+1+1+2+15+282;0+60+51+28+135+8
6;15;3900;003;731+0+262+262+0+1+1+17+261;2+47+50+15+143+4
6;15;3900;004;697+0+262+262+1+0+1+0+261;1+72+63+9+113+3
6;15;3900;005;859+0+319+319+1+2+3+0+316;0+108+78+4+119+7
6;15;3900;006;688+0+334+334+0+3+3+0+331;2+97+48+13+158+13
6;15;3900;007;699+0+242+242+0+2+2+29+240;9+68+25+21+112+5
6;15;3900;008;653+5+290+290+0+6+6+6+284;9+120+20+20+103+12
6;15;3900;009;751+0+284+284+0+0+0+0+284;0+104+48+11+119+2
6;15;3900;010;698+0+257+257+1+0+1+0+256;3+58+56+13+122+4
6;15;3900;011;716+0+278+278+0+0+0+0+278;0+79+42+18+130+9
6;15;3900;012;684+0+304+304+0+0+0+11+304;1+87+40+17+154+5
6;15;3900;013;545+0+215+215+0+0+0+0+215;4+60+29+22+95+5
6;15;3900;014;734+0+357+357+4+2+6+10+351;3+35+53+52+199+9
6;15;3900;015;672+0+373+373+1+6+7+15+366;6+28+31+63+222+16
6;15;3900;016;26+0+9+9+0+0+0+0+9;0+1+2+0+6+0
6;15;3900;017;556+3+246+246+1+0+1+0+245;2+62+40+5+135+1
6;15;3900;018;639+5+277+277+4+0+4+0+273;2+42+48+10+165+6
6;15;3900;019;668+2+291+291+0+2+2+0+289;4+85+34+10+149+7
6;15;3900;020;924+2+467+467+0+1+1+0+466;4+88+72+40+248+14
6;15;3900;021;517+2+274+274+0+2+2+16+272;2+56+28+11+169+6
[END]

[AGGR]
15;6;   ;6+401+401+286142+1018+120384+120386+552+344+592+3438+119793;1223+38180+21160+4834+51401+2995
[END]

