[INFO]
16;è´Æ¢§®¢ £∞†§;201
[END]

[IZB]
16;6;   ;;11.11.2001;1;6;468
[END]

[NM]
1622;001;£∞. è´Æ¢§®¢;56784;01
1622;001;£∞. è´Æ¢§®¢;56784;02
1622;001;£∞. è´Æ¢§®¢;56784;03
1622;001;£∞. è´Æ¢§®¢;56784;04
1622;001;£∞. è´Æ¢§®¢;56784;05
1622;001;£∞. è´Æ¢§®¢;56784;06
[END]

[SEC]
16;2201;001;6;001
16;2201;002;6;001
16;2201;003;6;001
16;2201;004;6;001
16;2201;005;6;001
16;2201;006;6;001
16;2201;007;6;001
16;2201;008;6;001
16;2201;009;6;001
16;2201;010;6;001
16;2201;011;6;001
16;2201;012;6;001
16;2201;013;6;001
16;2201;014;6;001
16;2201;015;6;001
16;2201;016;6;001
16;2201;017;6;001
16;2201;018;6;001
16;2201;019;6;001
16;2201;020;6;001
16;2201;021;6;001
16;2201;022;6;001
16;2201;023;6;001
16;2201;024;6;001
16;2201;025;6;001
16;2201;026;6;001
16;2201;027;6;001
16;2201;028;6;001
16;2201;029;6;001
16;2201;030;6;001
16;2201;031;6;001
16;2201;032;6;001
16;2201;033;6;001
16;2201;034;6;001
16;2201;035;6;001
16;2201;036;6;001
16;2201;037;6;001
16;2201;038;6;001
16;2201;039;6;001
16;2201;040;6;001
16;2201;041;6;001
16;2201;042;6;001
16;2201;043;6;001
16;2201;044;6;001
16;2201;045;6;001
16;2201;046;6;001
16;2201;047;6;001
16;2201;048;6;001
16;2201;049;6;001
16;2201;050;6;001
16;2201;051;6;001
16;2201;052;6;001
16;2201;053;6;001
16;2201;054;6;001
16;2201;055;6;001
16;2201;056;6;001
16;2201;057;6;001
16;2201;058;6;001
16;2201;059;6;001
16;2201;060;6;001
16;2201;061;6;001
16;2201;062;6;001
16;2201;063;6;001
16;2201;064;6;001
16;2201;065;6;001
16;2201;066;6;001
16;2201;067;6;001
16;2201;068;6;001
16;2201;069;6;001
16;2201;070;6;001
16;2201;071;6;001
16;2201;072;6;001
16;2201;073;6;001
16;2201;074;6;001
16;2201;075;6;001
16;2201;076;6;001
16;2201;077;6;001
16;2201;078;6;001
16;2201;079;6;001
16;2201;080;6;001
16;2201;081;6;001
16;2201;082;6;001
16;2201;083;6;001
16;2201;084;6;001
16;2201;085;6;001
16;2201;086;6;001
16;2201;087;6;001
16;2201;088;6;001
16;2201;089;6;001
16;2201;090;6;001
16;2201;091;6;001
16;2201;092;6;001
16;2201;093;6;001
16;2201;094;6;001
16;2201;095;6;001
16;2201;096;6;001
16;2201;097;6;001
16;2201;098;6;001
16;2201;099;6;001
16;2201;100;6;001
16;2201;101;6;001
16;2201;102;6;001
16;2201;103;6;001
16;2201;104;6;001
16;2201;105;6;001
16;2201;106;6;001
16;2201;107;6;001
16;2201;108;6;001
16;2201;109;6;001
16;2201;110;6;001
16;2201;111;6;001
16;2201;112;6;001
16;2201;113;6;001
16;2202;001;6;001
16;2202;002;6;001
16;2202;003;6;001
16;2202;004;6;001
16;2202;005;6;001
16;2202;006;6;001
16;2202;007;6;001
16;2202;008;6;001
16;2202;009;6;001
16;2202;010;6;001
16;2202;011;6;001
16;2202;012;6;001
16;2202;013;6;001
16;2202;014;6;001
16;2202;015;6;001
16;2202;016;6;001
16;2202;017;6;001
16;2202;018;6;001
16;2202;019;6;001
16;2202;020;6;001
16;2202;021;6;001
16;2202;022;6;001
16;2202;023;6;001
16;2202;024;6;001
16;2202;025;6;001
16;2202;026;6;001
16;2202;027;6;001
16;2202;028;6;001
16;2202;029;6;001
16;2202;030;6;001
16;2202;031;6;001
16;2202;032;6;001
16;2202;033;6;001
16;2202;034;6;001
16;2202;035;6;001
16;2202;036;6;001
16;2202;037;6;001
16;2202;038;6;001
16;2202;039;6;001
16;2202;040;6;001
16;2202;041;6;001
16;2202;042;6;001
16;2202;043;6;001
16;2202;044;6;001
16;2202;045;6;001
16;2202;046;6;001
16;2202;047;6;001
16;2202;048;6;001
16;2202;049;6;001
16;2202;050;6;001
16;2202;051;6;001
16;2202;052;6;001
16;2202;053;6;001
16;2202;054;6;001
16;2202;055;6;001
16;2202;056;6;001
16;2202;057;6;001
16;2202;058;6;001
16;2202;059;6;001
16;2202;060;6;001
16;2202;061;6;001
16;2202;062;6;001
16;2202;063;6;001
16;2202;064;6;001
16;2202;065;6;001
16;2202;066;6;001
16;2202;067;6;001
16;2202;068;6;001
16;2202;069;6;001
16;2202;070;6;001
16;2203;001;6;001
16;2203;002;6;001
16;2203;003;6;001
16;2203;004;6;001
16;2203;005;6;001
16;2203;006;6;001
16;2203;007;6;001
16;2203;008;6;001
16;2203;009;6;001
16;2203;010;6;001
16;2203;011;6;001
16;2203;012;6;001
16;2203;013;6;001
16;2203;014;6;001
16;2203;015;6;001
16;2203;016;6;001
16;2203;017;6;001
16;2203;018;6;001
16;2203;019;6;001
16;2203;020;6;001
16;2203;021;6;001
16;2203;022;6;001
16;2203;023;6;001
16;2203;024;6;001
16;2203;025;6;001
16;2203;026;6;001
16;2203;027;6;001
16;2203;028;6;001
16;2203;029;6;001
16;2203;030;6;001
16;2203;031;6;001
16;2203;032;6;001
16;2203;033;6;001
16;2203;034;6;001
16;2203;035;6;001
16;2203;036;6;001
16;2203;037;6;001
16;2203;038;6;001
16;2203;039;6;001
16;2203;040;6;001
16;2203;041;6;001
16;2203;042;6;001
16;2203;043;6;001
16;2203;044;6;001
16;2203;045;6;001
16;2203;046;6;001
16;2203;047;6;001
16;2203;048;6;001
16;2203;049;6;001
16;2204;001;6;001
16;2204;002;6;001
16;2204;003;6;001
16;2204;004;6;001
16;2204;005;6;001
16;2204;006;6;001
16;2204;007;6;001
16;2204;008;6;001
16;2204;009;6;001
16;2204;010;6;001
16;2204;011;6;001
16;2204;012;6;001
16;2204;013;6;001
16;2204;014;6;001
16;2204;015;6;001
16;2204;016;6;001
16;2204;017;6;001
16;2204;018;6;001
16;2204;019;6;001
16;2204;020;6;001
16;2204;021;6;001
16;2204;022;6;001
16;2204;023;6;001
16;2204;024;6;001
16;2204;025;6;001
16;2204;026;6;001
16;2204;027;6;001
16;2204;028;6;001
16;2204;029;6;001
16;2204;030;6;001
16;2204;031;6;001
16;2204;032;6;001
16;2204;033;6;001
16;2204;034;6;001
16;2204;035;6;001
16;2204;036;6;001
16;2204;037;6;001
16;2204;038;6;001
16;2204;039;6;001
16;2204;040;6;001
16;2204;041;6;001
16;2204;042;6;001
16;2204;043;6;001
16;2204;044;6;001
16;2204;045;6;001
16;2204;046;6;001
16;2204;047;6;001
16;2204;048;6;001
16;2204;049;6;001
16;2204;050;6;001
16;2204;051;6;001
16;2204;052;6;001
16;2204;053;6;001
16;2204;054;6;001
16;2204;055;6;001
16;2204;056;6;001
16;2204;057;6;001
16;2204;058;6;001
16;2204;059;6;001
16;2204;060;6;001
16;2204;061;6;001
16;2204;062;6;001
16;2204;063;6;001
16;2204;064;6;001
16;2204;065;6;001
16;2204;066;6;001
16;2205;001;6;001
16;2205;002;6;001
16;2205;003;6;001
16;2205;004;6;001
16;2205;005;6;001
16;2205;006;6;001
16;2205;007;6;001
16;2205;008;6;001
16;2205;009;6;001
16;2205;010;6;001
16;2205;011;6;001
16;2205;012;6;001
16;2205;013;6;001
16;2205;014;6;001
16;2205;015;6;001
16;2205;016;6;001
16;2205;017;6;001
16;2205;018;6;001
16;2205;019;6;001
16;2205;020;6;001
16;2205;021;6;001
16;2205;022;6;001
16;2205;023;6;001
16;2205;024;6;001
16;2205;025;6;001
16;2205;026;6;001
16;2205;027;6;001
16;2205;028;6;001
16;2205;029;6;001
16;2205;030;6;001
16;2205;031;6;001
16;2205;032;6;001
16;2205;033;6;001
16;2205;034;6;001
16;2205;035;6;001
16;2205;036;6;001
16;2205;037;6;001
16;2205;038;6;001
16;2205;039;6;001
16;2205;040;6;001
16;2205;041;6;001
16;2205;042;6;001
16;2205;043;6;001
16;2205;044;6;001
16;2205;045;6;001
16;2205;046;6;001
16;2205;047;6;001
16;2205;048;6;001
16;2205;049;6;001
16;2205;050;6;001
16;2205;051;6;001
16;2205;052;6;001
16;2205;053;6;001
16;2205;054;6;001
16;2205;055;6;001
16;2205;056;6;001
16;2205;057;6;001
16;2205;058;6;001
16;2205;059;6;001
16;2205;060;6;001
16;2205;061;6;001
16;2205;062;6;001
16;2205;063;6;001
16;2205;064;6;001
16;2205;065;6;001
16;2205;066;6;001
16;2205;067;6;001
16;2205;068;6;001
16;2205;069;6;001
16;2205;070;6;001
16;2205;071;6;001
16;2205;072;6;001
16;2205;073;6;001
16;2205;074;6;001
16;2205;075;6;001
16;2205;076;6;001
16;2205;077;6;001
16;2205;078;6;001
16;2205;079;6;001
16;2205;080;6;001
16;2205;081;6;001
16;2205;082;6;001
16;2205;083;6;001
16;2205;084;6;001
16;2205;085;6;001
16;2205;086;6;001
16;2205;087;6;001
16;2205;088;6;001
16;2205;089;6;001
16;2205;090;6;001
16;2205;091;6;001
16;2205;092;6;001
16;2205;093;6;001
16;2205;094;6;001
16;2205;095;6;001
16;2205;096;6;001
16;2205;100;6;001
16;2206;001;6;001
16;2206;002;6;001
16;2206;003;6;001
16;2206;004;6;001
16;2206;005;6;001
16;2206;006;6;001
16;2206;007;6;001
16;2206;008;6;001
16;2206;009;6;001
16;2206;010;6;001
16;2206;011;6;001
16;2206;012;6;001
16;2206;013;6;001
16;2206;014;6;001
16;2206;015;6;001
16;2206;016;6;001
16;2206;017;6;001
16;2206;018;6;001
16;2206;019;6;001
16;2206;020;6;001
16;2206;021;6;001
16;2206;022;6;001
16;2206;023;6;001
16;2206;024;6;001
16;2206;025;6;001
16;2206;026;6;001
16;2206;027;6;001
16;2206;028;6;001
16;2206;029;6;001
16;2206;030;6;001
16;2206;031;6;001
16;2206;032;6;001
16;2206;033;6;001
16;2206;034;6;001
16;2206;035;6;001
16;2206;036;6;001
16;2206;037;6;001
16;2206;038;6;001
16;2206;039;6;001
16;2206;040;6;001
16;2206;041;6;001
16;2206;042;6;001
16;2206;043;6;001
16;2206;044;6;001
16;2206;045;6;001
16;2206;046;6;001
16;2206;047;6;001
16;2206;048;6;001
16;2206;049;6;001
16;2206;050;6;001
16;2206;051;6;001
16;2206;052;6;001
16;2206;053;6;001
16;2206;054;6;001
16;2206;055;6;001
16;2206;056;6;001
16;2206;057;6;001
16;2206;058;6;001
16;2206;059;6;001
16;2206;060;6;001
16;2206;061;6;001
16;2206;062;6;001
16;2206;063;6;001
16;2206;064;6;001
16;2206;065;6;001
16;2206;066;6;001
16;2206;067;6;001
16;2206;068;6;001
16;2206;069;6;001
16;2206;070;6;001
16;2206;071;6;001
16;2206;072;6;001
16;2206;073;6;001
[END]

[MAJ]
16;6;   ;01;;;è•≤∫∞ ä®∞®´Æ¢ Å•∞Æ≠ ® ë≤Æø≠ Ç∫´∑•¢ Ä≠§∞••¢;, ;èäÅ+ëÇÄ;882;0;1
16;6;   ;02;;;è•≤∫∞ ë≤•¥†≠Æ¢ ë≤Æø≠Æ¢ ® ç•´® è•≤∞Æ¢† ä≥∂™Æ¢†;, ;èëë+çèä;62297;2;2
16;6;   ;03;;;ÅÆ£Æ¨®´ Ä≠£•´Æ¢ ÅÆ≠•¢ ® Ä≤†≠†± à¢†≠Æ¢ Ü•´•ß∑•¢;, ;ÅÄÅ+ÄàÜ;21885;0;3
16;6;   ;04;;;ÜÆ∞¶ É†≠∑•¢ É†≠∑•¢ ® Ç•±•´®≠ ë≤Æø≠Æ¢ ÅÆ≠∑•¢;, ;ÜÉÉ+ÇëÅ;2708;0;4
16;6;   ;05;;;É•Æ∞£® ë•§•¥∑Æ¢ è∫∞¢†≠Æ¢ ® Ä≠£•´ à¢†≠Æ¢ å†∞®≠;, ;Éëè+Äàå;33817;2;5
16;6;   ;06;;;ê•≠•≤† à¢†≠Æ¢† à≠§¶Æ¢† ® ä∞∫±≤æ ç®™Æ´Æ¢ à´Æ¢;, ;êàà+äçà;3086;0;6
[END]

[PROP]
[END]

[LISTI]
[END]

[PROT]
6;16;2201;001;609+0+346+346+3+0+3+12+343;1+198+45+6+89+4
6;16;2201;002;589+1+306+306+2+0+2+0+304;3+180+29+1+86+5
6;16;2201;003;455+2+248+248+1+0+1+10+247;0+114+23+7+102+1
6;16;2201;004;477+0+220+220+0+0+0+3+220;1+98+37+2+81+1
6;16;2201;005;378+0+166+166+0+0+0+2+166;0+101+21+2+39+3
6;16;2201;006;527+0+299+299+0+0+0+9+299;2+188+34+4+66+5
6;16;2201;007;391+0+226+226+0+0+0+12+226;1+126+35+0+59+5
6;16;2201;008;564+0+294+294+0+0+0+21+294;4+170+42+4+67+7
6;16;2201;009;816+1+432+432+2+1+3+10+429;2+295+56+8+59+9
6;16;2201;010;808+0+417+417+1+0+1+6+416;4+246+59+5+94+8
6;16;2201;011;601+0+305+305+1+0+1+9+304;1+177+46+3+73+4
6;16;2201;012;412+0+216+216+0+1+1+0+215;0+107+35+3+61+9
6;16;2201;013;754+3+413+413+0+0+0+22+413;4+227+57+8+105+12
6;16;2201;014;912+1+459+459+0+1+1+19+458;0+236+61+5+146+10
6;16;2201;015;641+0+289+289+0+0+0+0+289;1+168+34+5+73+8
6;16;2201;016;477+0+237+237+0+0+0+6+237;2+122+42+3+63+5
6;16;2201;017;843+0+411+411+0+0+0+7+411;2+214+77+2+104+12
6;16;2201;018;653+2+315+315+1+0+1+14+314;2+150+51+7+97+7
6;16;2201;019;526+0+249+249+1+0+1+8+248;1+172+20+2+50+3
6;16;2201;020;613+0+328+328+0+0+0+12+328;3+209+46+3+60+7
6;16;2201;021;593+1+319+319+0+2+2+0+317;3+193+47+4+62+8
6;16;2201;022;726+2+381+381+1+0+1+12+380;4+252+49+4+66+5
6;16;2201;023;739+1+392+392+2+0+2+19+390;5+238+59+8+69+11
6;16;2201;024;743+2+385+385+1+0+1+0+384;3+237+53+4+83+4
6;16;2201;025;470+2+231+231+0+1+1+0+230;0+145+39+4+33+9
6;16;2201;026;511+0+266+266+1+0+1+9+265;2+137+38+3+82+3
6;16;2201;027;422+0+203+203+0+0+0+0+203;3+113+37+2+46+2
6;16;2201;028;716+0+361+361+1+0+1+9+360;4+201+48+5+95+7
6;16;2201;029;710+2+339+339+0+0+0+0+339;1+196+49+10+74+9
6;16;2201;030;877+4+406+406+0+0+0+0+406;2+230+68+3+91+12
6;16;2201;031;744+0+395+395+1+0+1+0+394;2+210+60+4+105+13
6;16;2201;032;926+0+483+483+0+0+0+15+483;0+271+59+2+140+11
6;16;2201;033;508+0+301+301+0+1+1+10+300;1+146+47+6+95+5
6;16;2201;034;670+0+304+304+0+2+2+7+302;2+158+57+4+74+7
6;16;2201;035;753+12+404+404+2+0+2+0+402;4+229+63+3+96+7
6;16;2201;036;692+3+324+324+2+1+3+9+321;0+181+53+4+75+8
6;16;2201;037;688+0+286+286+0+0+0+0+286;3+188+24+3+60+8
6;16;2201;038;889+0+395+395+0+0+0+0+395;3+202+64+4+114+8
6;16;2201;039;542+1+280+280+0+0+0+0+280;2+159+40+7+68+4
6;16;2201;040;667+0+352+352+0+0+0+0+352;2+149+48+3+146+4
6;16;2201;041;569+0+308+308+0+1+1+10+307;1+164+45+4+86+7
6;16;2201;042;900+1+477+477+0+0+0+14+477;1+230+74+4+160+8
6;16;2201;043;551+0+281+281+0+0+0+0+281;3+119+50+0+105+4
6;16;2201;044;765+0+411+411+1+0+1+24+410;4+197+63+4+131+11
6;16;2201;045;634+3+269+269+2+0+2+0+267;1+155+46+5+57+3
6;16;2201;046;784+0+364+364+4+0+4+0+360;2+195+66+3+81+13
6;16;2201;047;518+4+245+245+1+0+1+7+244;1+95+49+2+95+2
6;16;2201;048;808+5+386+386+0+0+0+0+386;0+184+67+6+126+3
6;16;2201;049;774+2+383+383+2+0+2+10+381;1+187+41+11+135+6
6;16;2201;050;706+0+307+307+0+0+0+0+307;0+162+64+1+73+7
6;16;2201;051;608+1+267+267+0+0+0+0+267;0+152+34+5+70+6
6;16;2201;052;776+1+369+369+3+0+3+0+366;0+142+71+6+142+5
6;16;2201;053;597+1+283+283+7+1+8+8+275;1+144+45+9+69+7
6;16;2201;054;552+0+288+288+0+2+2+10+286;3+127+42+5+108+1
6;16;2201;055;225+6+25+25+0+0+0+0+25;0+13+4+0+5+3
6;16;2201;056;659+0+249+249+0+0+0+10+249;1+120+54+2+68+4
6;16;2201;057;467+1+185+185+0+0+0+0+185;0+68+35+5+74+3
6;16;2201;058;728+2+311+311+1+0+1+17+310;3+131+51+9+110+6
6;16;2201;059;787+0+387+387+0+0+0+15+387;0+222+55+3+95+12
6;16;2201;060;611+0+285+285+0+2+2+10+283;0+165+56+10+48+4
6;16;2201;061;668+0+282+282+1+0+1+16+281;0+160+43+3+73+2
6;16;2201;062;402+1+170+170+2+0+2+7+168;0+106+20+1+36+5
6;16;2201;063;608+5+303+303+0+0+0+7+303;2+148+46+7+97+3
6;16;2201;064;734+3+384+384+0+0+0+8+384;1+186+75+5+110+7
6;16;2201;065;510+1+267+267+1+1+2+0+265;1+143+41+1+70+9
6;16;2201;066;692+0+349+349+0+0+0+4+349;2+191+53+6+84+13
6;16;2201;067;749+0+385+385+0+0+0+0+385;2+234+52+6+81+10
6;16;2201;068;901+3+420+420+2+1+3+10+417;6+194+71+11+126+9
6;16;2201;069;461+1+242+242+2+0+2+0+240;1+133+27+1+76+2
6;16;2201;070;666+0+281+281+0+0+0+9+281;0+131+56+1+89+4
6;16;2201;071;342+0+184+184+0+0+0+7+184;1+108+38+0+33+4
6;16;2201;072;830+1+410+410+0+0+0+0+410;6+216+65+7+100+16
6;16;2201;073;534+0+253+253+0+0+0+0+253;0+134+40+1+75+3
6;16;2201;074;462+0+231+231+1+0+1+6+230;0+118+45+2+56+9
6;16;2201;075;768+0+407+407+2+0+2+0+405;1+249+60+6+81+8
6;16;2201;076;658+0+334+334+1+0+1+12+333;3+219+45+4+52+10
6;16;2201;077;503+0+267+267+1+0+1+10+266;1+149+45+4+66+1
6;16;2201;078;683+0+357+357+0+0+0+0+357;1+242+43+1+61+9
6;16;2201;079;549+1+254+254+0+0+0+0+254;3+120+39+3+87+2
6;16;2201;080;365+0+175+175+0+0+0+0+175;3+89+22+3+55+3
6;16;2201;081;916+0+492+492+2+0+2+0+490;1+288+82+5+104+10
6;16;2201;082;519+2+280+280+0+0+0+0+280;1+135+47+2+88+7
6;16;2201;083;774+1+384+384+1+0+1+10+383;1+196+59+6+113+8
6;16;2201;084;678+0+352+352+0+0+0+0+352;0+186+71+2+86+7
6;16;2201;085;472+2+244+244+1+0+1+7+243;2+98+36+3+101+3
6;16;2201;086;767+1+399+399+4+1+5+9+394;1+227+78+3+80+5
6;16;2201;087;631+1+158+158+0+0+0+0+158;2+123+10+8+10+5
6;16;2201;088;453+0+151+151+0+2+2+4+149;0+110+10+1+25+3
6;16;2201;089;570+1+287+287+1+0+1+4+286;2+169+53+5+50+7
6;16;2201;090;805+17+285+285+0+1+1+11+284;1+169+43+6+63+2
6;16;2201;091;432+0+116+116+0+1+1+7+115;3+74+14+6+17+1
6;16;2201;092;508+0+258+258+0+0+0+5+258;1+71+49+2+134+1
6;16;2201;093;695+0+289+289+2+0+2+0+287;1+162+56+6+54+8
6;16;2201;094;602+0+268+268+0+0+0+0+268;1+157+38+6+64+2
6;16;2201;095;792+0+349+349+2+0+2+0+347;1+194+56+7+77+12
6;16;2201;096;743+0+258+258+0+0+0+0+258;6+168+26+5+44+9
6;16;2201;097;794+0+338+338+1+2+3+10+335;1+203+55+4+66+6
6;16;2201;098;762+0+329+329+0+0+0+12+329;3+182+64+1+77+2
6;16;2201;099;715+3+366+366+0+0+0+0+366;2+210+49+0+94+11
6;16;2201;100;632+2+340+340+0+1+1+0+339;1+185+60+6+85+2
6;16;2201;101;461+1+208+208+0+0+0+9+208;2+133+21+3+43+6
6;16;2201;102;840+0+417+417+1+0+1+0+416;2+218+57+7+120+12
6;16;2201;103;687+0+312+312+0+1+1+16+311;2+180+38+6+74+11
6;16;2201;104;418+0+194+194+0+1+1+0+193;0+128+28+2+28+7
6;16;2201;105;564+2+267+267+0+0+0+0+267;4+179+26+5+46+7
6;16;2201;106;255+0+120+120+1+1+2+6+118;0+73+23+3+17+2
6;16;2201;107;675+0+301+301+1+0+1+14+300;1+175+40+4+69+11
6;16;2201;108;634+0+331+331+0+2+2+17+329;1+234+46+3+37+8
6;16;2201;109;57+0+45+45+0+0+0+0+45;3+20+6+3+12+1
6;16;2201;110;144+0+61+61+0+0+0+4+61;2+22+10+2+22+3
6;16;2201;111;39+0+12+12+0+0+0+0+12;0+8+1+0+1+2
6;16;2201;112;90+0+79+79+4+1+5+0+74;3+47+11+4+3+6
6;16;2201;113;74+6+23+23+0+0+0+2+23;0+8+4+0+11+0
6;16;2202;001;710+10+217+217+0+0+0+0+217;5+101+44+17+47+3
6;16;2202;002;798+0+275+275+0+2+2+0+273;5+165+44+16+36+7
6;16;2202;003;713+0+234+234+0+0+0+0+234;2+109+57+20+42+4
6;16;2202;004;798+0+275+275+0+0+0+0+275;1+152+45+12+58+7
6;16;2202;005;612+1+165+165+0+0+0+0+165;4+89+35+6+30+1
6;16;2202;006;731+0+274+274+0+0+0+0+274;3+114+57+12+83+5
6;16;2202;007;605+1+218+218+0+0+0+9+218;0+109+44+7+50+8
6;16;2202;008;750+0+225+225+0+1+1+0+224;1+107+46+7+54+9
6;16;2202;009;747+1+290+290+2+0+2+2+288;11+150+46+9+67+5
6;16;2202;010;630+3+174+174+0+0+0+9+174;0+95+37+11+25+6
6;16;2202;011;773+0+287+287+1+1+2+0+285;1+109+77+17+76+5
6;16;2202;012;551+0+198+198+0+0+0+10+198;3+67+56+7+55+10
6;16;2202;013;606+0+216+216+0+0+0+7+216;3+80+47+3+78+5
6;16;2202;014;608+0+275+275+1+0+1+0+274;1+111+52+1+100+9
6;16;2202;015;832+0+354+354+0+0+0+15+354;3+171+56+2+117+5
6;16;2202;016;630+0+157+157+0+1+1+4+156;0+112+23+9+8+4
6;16;2202;017;503+0+191+191+2+0+2+0+189;1+84+40+8+48+8
6;16;2202;018;679+0+283+283+1+1+2+0+281;4+128+57+8+79+5
6;16;2202;019;629+0+211+211+0+0+0+10+211;1+120+31+7+45+7
6;16;2202;020;650+0+225+225+0+0+0+0+225;0+136+45+8+32+4
6;16;2202;021;726+0+320+320+0+0+0+0+320;1+141+59+5+104+10
6;16;2202;022;690+0+195+195+2+2+4+6+191;0+102+31+6+46+6
6;16;2202;023;600+0+146+146+1+0+1+13+145;0+83+27+7+23+5
6;16;2202;024;711+3+159+159+0+2+2+10+157;6+107+12+3+18+11
6;16;2202;025;454+0+106+106+0+2+2+0+104;3+67+2+7+25+0
6;16;2202;026;414+0+88+88+0+3+3+0+85;5+58+6+2+9+5
6;16;2202;027;617+0+112+112+0+0+0+0+112;10+66+13+5+15+3
6;16;2202;028;550+0+117+117+0+0+0+0+117;4+70+4+1+34+4
6;16;2202;029;636+0+120+120+0+2+2+0+118;3+69+9+0+33+4
6;16;2202;030;451+0+106+106+0+4+4+4+102;6+61+3+6+18+8
6;16;2202;031;619+4+134+134+0+0+0+6+134;3+93+4+7+23+4
6;16;2202;032;593+0+110+110+0+2+2+4+108;3+58+8+5+30+4
6;16;2202;033;622+0+149+149+2+0+2+0+147;7+82+8+15+29+6
6;16;2202;034;586+0+94+94+0+0+0+0+94;4+46+4+8+31+1
6;16;2202;035;550+0+98+98+3+3+6+1+92;5+64+2+2+13+6
6;16;2202;036;644+0+127+127+0+0+0+0+127;2+64+19+8+20+14
6;16;2202;037;636+0+153+153+0+0+0+0+153;2+83+22+9+34+3
6;16;2202;038;745+1+187+187+0+0+0+0+187;1+90+50+2+34+10
6;16;2202;039;470+0+89+89+0+1+1+1+88;1+59+6+5+15+2
6;16;2202;040;435+0+64+64+0+5+5+2+59;3+37+5+2+11+1
6;16;2202;041;624+0+139+139+0+3+3+7+136;6+97+14+3+14+2
6;16;2202;042;522+0+124+124+1+1+2+0+122;9+73+6+9+17+8
6;16;2202;043;607+0+117+117+0+4+4+2+113;5+58+6+8+30+6
6;16;2202;044;638+0+150+150+0+0+0+0+150;5+96+12+2+30+5
6;16;2202;045;606+0+124+124+0+3+3+9+121;5+67+19+6+20+4
6;16;2202;046;415+8+128+129+0+1+1+1+128;5+81+9+5+25+3
6;16;2202;047;542+0+142+142+1+3+4+3+138;5+75+15+0+38+5
6;16;2202;048;588+0+177+177+0+4+4+0+173;12+119+23+4+7+8
6;16;2202;049;590+4+200+200+3+5+8+22+192;11+148+3+9+13+8
6;16;2202;050;453+0+69+69+0+1+1+1+68;4+42+4+0+16+2
6;16;2202;051;585+0+195+195+0+1+1+0+194;0+83+40+5+62+4
6;16;2202;052;589+2+193+193+1+1+2+0+191;3+87+46+11+40+4
6;16;2202;053;769+3+217+217+0+0+0+5+217;3+90+47+1+72+4
6;16;2202;054;725+0+249+249+0+1+1+2+248;2+68+51+8+113+6
6;16;2202;055;785+0+378+378+1+0+1+0+377;0+116+87+4+152+18
6;16;2202;056;777+0+325+325+0+0+0+13+325;1+89+79+7+141+8
6;16;2202;057;717+0+261+261+2+0+2+0+259;1+68+39+3+144+4
6;16;2202;058;520+0+184+184+0+1+1+0+183;8+108+24+6+34+3
6;16;2202;059;592+2+335+335+0+0+0+0+335;2+195+43+6+82+7
6;16;2202;060;708+0+380+380+0+0+0+20+380;3+182+57+8+123+7
6;16;2202;061;776+0+266+266+2+0+2+0+264;2+90+45+4+117+6
6;16;2202;062;701+0+348+348+0+0+0+15+348;0+172+68+3+99+6
6;16;2202;063;742+0+348+348+0+0+0+0+348;0+151+57+16+117+7
6;16;2202;064;533+0+274+274+0+1+1+12+273;1+157+26+3+81+5
6;16;2202;065;683+0+292+292+0+0+0+0+292;0+141+66+4+70+11
6;16;2202;066;706+0+263+263+0+0+0+0+263;2+150+49+3+50+9
6;16;2202;067;702+0+336+336+0+1+1+15+335;1+153+44+6+129+2
6;16;2202;068;673+0+281+281+0+0+0+8+281;1+134+64+8+71+3
6;16;2202;069;547+1+237+237+0+0+0+0+237;1+114+32+0+86+4
6;16;2202;070;534+0+218+218+1+0+1+14+217;3+95+34+2+78+5
6;16;2203;001;723+1+312+312+1+0+1+15+311;3+147+48+14+93+6
6;16;2203;002;782+0+374+374+0+0+0+14+374;1+173+74+8+107+11
6;16;2203;003;830+1+392+392+1+0+1+8+391;1+183+67+8+122+10
6;16;2203;004;782+0+345+345+2+0+2+12+343;1+161+63+5+103+10
6;16;2203;005;774+0+343+343+1+0+1+20+342;0+154+75+4+101+8
6;16;2203;006;755+0+397+397+1+1+2+12+395;5+85+62+9+221+13
6;16;2203;007;800+1+403+403+0+0+0+5+403;5+98+67+4+210+19
6;16;2203;008;689+0+281+281+0+0+0+0+281;1+105+63+11+94+7
6;16;2203;009;726+0+318+318+1+0+1+5+317;0+125+51+4+133+4
6;16;2203;010;773+1+305+305+0+0+0+0+305;1+178+60+10+51+5
6;16;2203;011;652+0+221+221+1+0+1+13+220;0+106+38+7+65+4
6;16;2203;012;735+2+352+352+0+0+0+16+352;1+163+73+5+97+13
6;16;2203;013;648+0+284+284+0+0+0+8+284;2+156+46+7+72+1
6;16;2203;014;164+3+25+25+0+0+0+0+25;0+20+2+1+2+0
6;16;2203;015;665+6+239+239+3+0+3+5+236;0+130+39+3+56+8
6;16;2203;016;664+0+302+302+0+2+2+0+300;1+160+43+6+84+6
6;16;2203;017;660+0+295+295+0+0+0+7+295;1+117+56+3+109+9
6;16;2203;018;733+0+351+351+1+0+1+8+350;1+178+56+11+94+10
6;16;2203;019;671+0+244+244+1+0+1+0+243;1+134+27+5+71+5
6;16;2203;020;777+0+297+297+1+0+1+0+296;6+113+67+10+97+3
6;16;2203;021;815+0+337+337+2+0+2+10+335;6+131+57+7+125+9
6;16;2203;022;791+0+351+351+0+0+0+0+351;0+143+59+7+137+5
6;16;2203;023;787+0+373+373+0+0+0+0+373;0+157+61+5+145+5
6;16;2203;024;705+0+288+288+1+0+1+0+287;0+135+48+2+95+7
6;16;2203;025;657+0+287+287+1+0+1+0+286;3+113+45+9+103+13
6;16;2203;026;726+0+318+318+2+1+3+7+315;0+154+67+8+77+9
6;16;2203;027;663+0+266+266+2+1+3+4+263;3+136+44+3+72+5
6;16;2203;028;697+0+264+264+0+0+0+0+264;1+107+46+8+91+11
6;16;2203;029;850+0+312+312+0+0+0+0+312;3+165+61+10+61+12
6;16;2203;030;776+0+306+306+0+0+0+0+306;5+151+47+15+79+9
6;16;2203;031;718+0+282+282+0+0+0+0+282;1+154+57+9+56+5
6;16;2203;032;756+4+350+350+0+0+0+13+350;2+138+59+5+140+6
6;16;2203;033;634+1+278+278+0+0+0+0+278;1+126+48+6+92+5
6;16;2203;034;713+0+323+323+3+1+4+0+319;6+163+54+4+82+10
6;16;2203;035;734+1+324+324+0+0+0+11+324;1+148+68+9+90+8
6;16;2203;036;790+0+382+382+1+1+2+7+380;2+177+76+7+104+14
6;16;2203;037;659+0+269+269+0+0+0+0+269;2+130+68+1+61+7
6;16;2203;038;755+2+350+350+3+0+3+0+347;1+160+58+4+111+13
6;16;2203;039;667+3+299+299+0+1+1+1+298;1+65+87+9+122+14
6;16;2203;040;746+1+378+378+0+0+0+0+378;1+81+74+9+211+2
6;16;2203;041;701+2+289+289+2+0+2+0+287;2+154+51+6+70+4
6;16;2203;042;765+1+289+289+2+0+2+0+287;2+119+58+4+103+1
6;16;2203;043;787+0+323+323+3+0+3+0+320;1+170+45+9+83+12
6;16;2203;044;884+1+386+386+1+0+1+0+385;2+210+60+12+92+9
6;16;2203;045;860+0+354+354+0+0+0+0+354;1+164+77+7+97+8
6;16;2203;046;574+2+209+209+0+0+0+4+209;2+110+43+5+46+3
6;16;2203;047;63+0+39+39+0+0+0+3+39;0+24+7+0+8+0
6;16;2203;048;135+22+76+76+0+0+0+3+76;0+36+11+4+25+0
6;16;2203;049;110+0+32+32+0+0+0+1+32;1+17+4+3+7+0
6;16;2204;001;500+0+233+233+0+0+0+10+233;1+120+48+9+52+3
6;16;2204;002;485+3+246+246+0+0+0+4+246;1+101+53+9+73+9
6;16;2204;003;669+0+282+282+0+0+0+4+282;3+136+52+3+83+5
6;16;2204;004;734+1+280+280+0+0+0+3+280;0+141+47+8+75+9
6;16;2204;005;816+0+329+329+2+0+2+17+327;2+171+69+9+67+9
6;16;2204;006;588+0+201+201+1+1+2+11+199;2+87+43+6+54+7
6;16;2204;007;411+5+145+145+1+1+2+5+143;0+77+29+3+31+3
6;16;2204;008;602+0+232+232+1+0+1+7+231;3+121+40+6+56+5
6;16;2204;009;828+13+329+329+0+0+0+0+329;0+155+66+5+93+10
6;16;2204;010;752+1+323+323+0+0+0+13+323;2+144+82+8+80+7
6;16;2204;011;910+0+447+447+1+0+1+0+446;4+213+86+14+115+14
6;16;2204;012;524+2+224+224+0+0+0+2+224;2+80+34+2+95+11
6;16;2204;013;830+3+314+314+2+0+2+7+312;1+142+73+2+84+10
6;16;2204;014;811+0+334+334+2+2+4+12+330;5+210+39+10+50+16
6;16;2204;015;721+0+326+326+2+2+4+5+322;8+209+47+8+47+3
6;16;2204;016;828+0+300+300+0+6+6+0+294;9+234+7+14+21+9
6;16;2204;017;756+0+338+338+2+0+2+27+336;3+185+40+6+98+4
6;16;2204;018;536+0+236+236+0+0+0+17+236;5+118+34+4+71+4
6;16;2204;019;920+0+365+365+1+0+1+6+364;0+182+78+7+87+10
6;16;2204;020;503+0+213+213+0+0+0+5+213;3+117+35+1+53+4
6;16;2204;021;550+2+235+235+1+0+1+0+234;0+137+25+2+62+8
6;16;2204;022;406+3+187+187+0+0+0+0+187;1+104+41+2+39+0
6;16;2204;023;851+3+426+426+1+1+2+0+424;1+205+89+2+115+12
6;16;2204;024;546+0+298+298+0+0+0+12+298;1+80+64+5+141+7
6;16;2204;025;570+0+223+223+0+0+0+0+223;2+111+58+6+41+5
6;16;2204;026;602+0+237+237+0+0+0+16+237;2+131+41+6+56+1
6;16;2204;027;612+0+252+252+0+0+0+6+252;1+131+62+5+51+2
6;16;2204;028;591+2+277+277+0+0+0+8+277;1+112+53+11+92+8
6;16;2204;029;679+0+303+303+0+0+0+10+303;3+132+56+9+98+5
6;16;2204;030;402+0+234+234+0+0+0+11+234;5+85+32+2+106+4
6;16;2204;031;573+0+279+279+0+0+0+0+279;4+103+49+6+107+10
6;16;2204;032;590+0+239+239+0+0+0+0+239;2+128+42+3+55+9
6;16;2204;033;352+0+91+91+0+0+0+2+91;1+33+14+1+42+0
6;16;2204;034;792+0+371+371+0+0+0+15+371;2+156+57+5+143+8
6;16;2204;035;813+0+332+332+2+1+3+0+329;3+179+52+6+87+2
6;16;2204;036;575+0+255+255+0+0+0+14+255;1+121+37+5+87+4
6;16;2204;037;713+0+321+321+0+0+0+0+321;0+218+41+4+53+5
6;16;2204;038;894+1+407+407+1+0+1+24+406;3+193+70+9+115+16
6;16;2204;039;573+0+243+243+0+0+0+0+243;2+109+66+5+54+7
6;16;2204;040;687+1+307+307+1+0+1+0+306;1+176+61+9+55+4
6;16;2204;041;806+0+393+393+1+0+1+17+392;2+192+81+10+98+9
6;16;2204;042;333+0+183+183+0+0+0+0+183;1+88+30+0+58+6
6;16;2204;043;595+0+261+261+0+0+0+5+261;2+132+58+3+62+4
6;16;2204;044;911+0+334+334+1+0+1+0+333;2+183+60+9+69+10
6;16;2204;045;802+0+236+236+2+1+3+10+233;20+171+10+7+13+12
6;16;2204;046;775+1+286+286+1+0+1+7+285;1+153+49+6+72+4
6;16;2204;047;706+0+308+308+0+0+0+0+308;0+141+53+7+101+6
6;16;2204;048;508+0+202+202+0+0+0+5+202;1+114+38+2+44+3
6;16;2204;049;464+0+178+178+0+0+0+0+178;2+94+36+2+41+3
6;16;2204;050;488+0+178+178+4+0+4+5+174;1+68+29+2+71+3
6;16;2204;051;697+0+237+237+3+0+3+5+234;1+126+51+7+46+3
6;16;2204;052;813+8+414+414+1+1+2+0+412;3+203+48+4+145+9
6;16;2204;053;738+0+380+380+0+0+0+16+380;4+170+54+6+136+10
6;16;2204;054;411+0+180+180+1+0+1+0+179;0+92+33+2+50+2
6;16;2204;055;516+3+232+232+1+0+1+0+231;0+119+55+1+53+3
6;16;2204;056;484+0+221+221+0+0+0+10+221;0+63+45+3+105+5
6;16;2204;057;554+0+233+233+0+0+0+6+233;1+114+39+4+71+4
6;16;2204;058;785+0+368+368+0+0+0+0+368;2+173+61+5+115+12
6;16;2204;059;513+3+240+240+0+0+0+10+240;2+104+42+3+89+0
6;16;2204;060;527+0+277+277+0+0+0+0+277;3+113+45+3+104+9
6;16;2204;061;1063+0+485+485+1+0+1+6+484;5+211+105+6+151+6
6;16;2204;062;814+0+357+357+0+1+1+0+356;2+137+72+9+128+8
6;16;2204;063;546+2+248+248+1+1+2+7+246;0+108+64+8+58+8
6;16;2204;064;895+1+310+310+1+2+3+7+307;3+127+71+10+80+16
6;16;2204;065;654+0+291+291+0+0+0+0+291;1+123+77+5+80+5
6;16;2204;066;129+0+49+49+0+0+0+4+49;0+25+6+2+15+1
6;16;2205;001;510+2+224+224+0+0+0+8+224;0+94+46+8+73+3
6;16;2205;002;411+0+411+411+0+0+0+0+411;2+191+83+4+127+4
6;16;2205;003;727+0+353+353+1+0+1+13+352;3+170+57+4+109+9
6;16;2205;004;580+0+292+292+0+0+0+0+292;1+150+40+3+94+4
6;16;2205;005;763+0+329+329+1+1+2+13+327;0+183+40+13+83+8
6;16;2205;006;789+1+331+331+0+0+0+0+331;0+169+63+7+84+8
6;16;2205;007;376+1+193+193+1+0+1+0+192;2+103+41+5+38+3
6;16;2205;008;759+2+339+339+2+0+2+0+337;3+170+71+12+75+6
6;16;2205;009;645+1+287+287+2+1+3+0+284;2+152+37+8+79+6
6;16;2205;010;728+0+310+310+0+0+0+11+310;3+168+67+7+55+10
6;16;2205;011;752+0+326+326+0+2+2+14+324;2+171+57+3+83+8
6;16;2205;012;640+0+300+300+1+0+1+8+299;3+154+45+9+81+7
6;16;2205;013;449+0+197+197+1+0+1+0+196;1+123+29+0+42+1
6;16;2205;014;485+1+201+201+0+0+0+19+201;0+100+41+6+54+0
6;16;2205;015;465+0+215+215+0+1+1+5+214;2+92+38+3+72+7
6;16;2205;016;612+0+248+248+2+0+2+20+246;1+130+52+5+54+4
6;16;2205;017;823+0+361+361+0+1+1+0+360;2+152+61+9+127+9
6;16;2205;018;555+2+238+238+0+0+0+5+238;1+131+50+6+42+8
6;16;2205;019;514+0+191+191+0+0+0+10+191;0+98+30+1+55+7
6;16;2205;020;753+0+334+334+1+0+1+0+333;1+158+57+6+104+7
6;16;2205;021;858+4+390+390+2+2+4+0+386;3+164+76+9+120+14
6;16;2205;022;566+0+240+240+0+0+0+0+240;0+109+43+2+74+12
6;16;2205;023;563+0+243+243+0+0+0+5+243;3+130+45+3+56+6
6;16;2205;024;566+0+283+283+0+0+0+3+283;1+121+49+16+87+9
6;16;2205;025;639+2+211+211+1+0+1+4+210;1+120+37+2+43+7
6;16;2205;026;662+0+267+267+0+0+0+0+267;4+108+53+6+89+7
6;16;2205;027;679+0+290+290+0+0+0+0+290;1+150+59+3+72+5
6;16;2205;028;534+0+181+181+0+0+0+6+181;1+80+38+2+56+4
6;16;2205;029;553+0+224+224+0+0+0+0+224;0+92+40+1+88+3
6;16;2205;030;601+1+228+228+0+0+0+6+228;0+113+57+9+42+7
6;16;2205;031;713+0+243+243+0+0+0+0+243;0+85+73+11+58+16
6;16;2205;032;746+0+270+270+1+0+1+6+269;1+148+60+7+49+4
6;16;2205;033;769+2+313+313+0+0+0+0+313;1+156+74+7+71+4
6;16;2205;034;695+0+271+271+0+0+0+11+271;2+142+54+6+55+12
6;16;2205;035;597+0+225+225+0+0+0+4+225;1+101+49+8+60+6
6;16;2205;036;785+0+274+274+0+0+0+5+274;0+147+72+2+50+3
6;16;2205;037;636+0+297+297+0+0+0+0+297;7+105+71+11+97+6
6;16;2205;038;694+0+274+274+1+0+1+0+273;2+128+62+3+72+6
6;16;2205;039;551+0+240+240+0+0+0+4+240;1+112+38+6+80+3
6;16;2205;040;768+0+316+316+1+1+2+15+314;0+144+51+17+97+5
6;16;2205;041;616+1+288+288+0+0+0+14+288;3+131+43+12+86+13
6;16;2205;042;785+0+327+327+1+1+2+0+325;6+178+51+9+75+6
6;16;2205;043;782+1+374+375+0+0+0+0+375;1+163+96+10+97+8
6;16;2205;044;753+0+301+301+2+0+2+0+299;2+159+40+7+86+5
6;16;2205;045;632+0+282+282+0+0+0+0+282;1+157+51+7+57+9
6;16;2205;046;513+1+208+208+1+0+1+2+207;0+89+51+11+49+7
6;16;2205;047;762+0+286+286+0+0+0+0+286;1+129+52+13+86+5
6;16;2205;048;747+1+372+372+0+0+0+22+372;4+185+46+5+122+10
6;16;2205;049;812+0+378+378+2+0+2+8+376;1+200+63+9+99+4
6;16;2205;050;843+0+370+370+0+0+0+9+370;0+183+77+6+97+7
6;16;2205;051;668+0+310+310+1+0+1+0+309;3+140+52+10+100+4
6;16;2205;052;581+0+244+244+0+0+0+0+244;3+112+41+7+72+9
6;16;2205;053;505+3+222+222+0+0+0+1+222;1+81+50+4+80+6
6;16;2205;054;515+0+227+227+0+0+0+0+227;1+72+30+8+105+11
6;16;2205;055;721+0+287+287+0+0+0+9+287;0+126+52+10+93+6
6;16;2205;056;521+0+213+213+0+0+0+9+213;3+91+50+4+61+4
6;16;2205;057;621+0+283+283+0+1+1+0+282;0+105+66+4+105+2
6;16;2205;058;858+0+359+359+2+0+2+0+357;5+177+65+9+97+4
6;16;2205;059;779+0+346+346+0+0+0+14+346;2+195+44+8+86+11
6;16;2205;060;635+0+339+339+0+0+0+0+339;7+149+70+11+96+6
6;16;2205;061;662+2+264+264+0+0+0+30+264;1+129+48+3+78+5
6;16;2205;062;728+1+339+339+0+0+0+17+339;2+178+55+5+88+11
6;16;2205;063;826+0+374+374+0+1+1+9+373;2+191+69+10+86+15
6;16;2205;064;774+0+362+362+0+0+0+0+362;0+193+49+7+102+11
6;16;2205;065;679+0+284+284+0+0+0+9+284;2+132+40+12+92+6
6;16;2205;066;709+1+267+267+0+0+0+10+267;2+114+47+3+90+11
6;16;2205;067;454+0+174+174+0+0+0+0+174;1+77+27+6+60+3
6;16;2205;068;543+0+236+236+0+0+0+6+236;0+109+46+6+64+11
6;16;2205;069;775+0+370+370+3+0+3+25+367;0+179+46+7+130+5
6;16;2205;070;634+0+247+247+0+0+0+0+247;0+127+42+4+72+2
6;16;2205;071;715+0+353+353+4+0+4+0+349;1+155+58+12+115+8
6;16;2205;072;832+2+355+355+0+0+0+9+355;2+135+54+7+143+14
6;16;2205;073;749+1+294+294+0+0+0+6+294;2+146+59+8+74+5
6;16;2205;074;723+0+333+333+0+0+0+0+333;0+140+55+9+118+11
6;16;2205;075;869+0+342+342+1+0+1+16+341;1+172+56+13+92+7
6;16;2205;076;638+0+260+260+3+0+3+0+257;0+124+46+9+74+4
6;16;2205;077;614+0+258+258+0+0+0+0+258;2+110+41+7+91+7
6;16;2205;078;702+1+296+296+0+1+1+3+295;1+120+61+2+107+4
6;16;2205;079;807+0+279+279+0+1+1+10+278;4+145+40+7+74+8
6;16;2205;080;760+2+250+250+0+0+0+0+250;1+141+46+7+51+4
6;16;2205;081;825+0+275+275+0+0+0+0+275;0+129+66+6+71+3
6;16;2205;082;849+0+303+303+3+0+3+4+300;2+156+47+4+87+4
6;16;2205;083;716+2+255+255+1+0+1+4+254;1+116+47+7+75+8
6;16;2205;084;502+0+179+179+0+0+0+0+179;1+90+35+4+43+6
6;16;2205;085;940+0+366+366+0+0+0+0+366;1+178+88+13+78+8
6;16;2205;086;614+0+182+182+2+0+2+0+180;1+114+30+4+25+6
6;16;2205;087;556+0+154+154+0+0+0+0+154;2+63+36+12+28+13
6;16;2205;088;562+0+225+225+2+0+2+0+223;1+107+51+4+55+5
6;16;2205;089;622+0+294+294+2+1+3+14+291;0+170+37+10+64+10
6;16;2205;090;877+0+365+365+0+0+0+0+365;4+191+61+8+89+12
6;16;2205;091;701+0+282+282+1+0+1+0+281;3+159+61+6+46+6
6;16;2205;092;488+2+178+178+0+0+0+0+178;1+103+29+7+32+6
6;16;2205;093;554+0+198+198+0+0+0+10+198;1+88+32+3+70+4
6;16;2205;094;663+0+263+263+1+0+1+0+262;3+144+41+8+64+2
6;16;2205;095;693+0+248+248+0+0+0+2+248;1+138+46+4+55+4
6;16;2205;096;45+0+45+45+0+0+0+0+45;0+21+9+1+14+0
6;16;2205;100;200+0+191+191+4+0+4+5+187;2+122+15+25+19+4
6;16;2206;001;698+0+216+216+0+0+0+2+216;3+95+48+5+59+6
6;16;2206;002;689+0+275+270+0+1+1+0+269;1+128+64+4+66+6
6;16;2206;003;547+0+250+250+0+0+0+0+250;1+71+52+2+121+3
6;16;2206;004;761+0+290+290+1+0+1+0+289;2+148+48+10+74+7
6;16;2206;005;645+0+269+269+0+0+0+0+269;1+82+63+5+111+7
6;16;2206;006;678+0+247+247+0+0+0+0+247;1+118+57+8+52+11
6;16;2206;007;663+0+240+240+0+0+0+7+240;3+128+46+3+55+5
6;16;2206;008;761+0+325+325+0+1+1+6+324;2+170+50+3+91+8
6;16;2206;009;745+0+308+308+0+1+1+5+307;2+150+67+7+73+8
6;16;2206;010;644+0+206+206+2+0+2+5+204;2+113+39+3+46+1
6;16;2206;011;694+0+269+269+1+0+1+8+268;1+82+46+4+126+9
6;16;2206;012;664+0+209+209+1+0+1+9+208;3+96+34+5+60+10
6;16;2206;013;711+1+283+283+0+1+1+5+282;2+131+44+7+90+8
6;16;2206;014;686+0+227+227+0+0+0+3+227;0+112+45+4+62+4
6;16;2206;015;693+0+248+248+0+0+0+0+248;1+129+53+3+54+8
6;16;2206;016;641+0+223+223+0+0+0+0+223;0+140+40+5+32+6
6;16;2206;017;570+0+173+173+0+0+0+0+173;1+89+43+6+32+2
6;16;2206;018;642+0+206+206+0+0+0+0+206;0+104+41+9+49+3
6;16;2206;019;553+0+219+219+0+0+0+0+219;1+120+41+9+42+6
6;16;2206;020;635+1+217+217+0+0+0+9+217;0+80+50+11+67+9
6;16;2206;021;755+0+313+313+0+0+0+15+313;0+157+59+3+84+10
6;16;2206;022;774+1+287+287+0+0+0+4+287;1+128+59+8+87+4
6;16;2206;023;654+0+223+223+0+0+0+0+223;1+102+36+4+69+11
6;16;2206;024;676+0+223+223+1+0+1+10+222;0+102+54+7+48+11
6;16;2206;025;696+0+283+283+1+0+1+9+282;3+149+46+5+69+10
6;16;2206;026;523+1+213+213+0+0+0+11+213;0+104+49+7+44+9
6;16;2206;027;506+0+210+210+1+0+1+10+209;0+96+46+2+56+9
6;16;2206;028;659+0+275+275+0+1+1+10+274;4+145+58+5+51+11
6;16;2206;029;727+0+288+288+0+0+0+15+288;1+121+61+3+92+10
6;16;2206;030;623+0+184+184+0+1+1+0+183;3+75+47+10+45+3
6;16;2206;031;617+0+224+224+0+0+0+0+224;4+132+24+14+39+11
6;16;2206;032;701+0+243+243+1+1+2+0+241;1+116+51+6+59+8
6;16;2206;033;665+0+228+228+1+1+2+0+226;1+113+41+6+56+9
6;16;2206;034;803+0+296+296+1+2+3+6+293;0+158+51+6+69+9
6;16;2206;035;754+0+302+302+0+1+1+0+301;0+133+67+11+87+3
6;16;2206;036;751+0+266+266+0+0+0+7+266;1+144+38+9+63+11
6;16;2206;037;686+0+263+263+0+0+0+0+263;2+140+58+6+52+5
6;16;2206;038;748+0+269+269+0+0+0+0+269;0+154+53+2+53+7
6;16;2206;039;511+0+159+159+1+0+1+6+158;2+77+37+0+41+1
6;16;2206;040;517+0+136+136+0+0+0+0+136;0+59+33+8+32+4
6;16;2206;041;709+1+253+253+0+1+1+3+252;3+114+55+11+63+6
6;16;2206;042;523+0+201+201+0+0+0+0+201;3+90+38+1+63+6
6;16;2206;043;488+0+206+206+0+0+0+0+206;0+95+46+5+57+3
6;16;2206;044;487+0+191+191+2+0+2+0+189;0+98+44+4+33+10
6;16;2206;045;529+0+217+217+2+0+2+0+215;4+114+53+7+31+6
6;16;2206;046;506+0+217+217+0+0+0+6+217;0+110+39+9+56+3
6;16;2206;047;700+0+268+268+0+0+0+10+268;3+105+58+9+85+8
6;16;2206;048;773+0+289+289+0+0+0+13+289;2+123+75+5+78+6
6;16;2206;049;606+0+239+239+2+1+3+0+236;3+76+53+5+93+6
6;16;2206;050;683+0+232+232+0+0+0+0+232;1+96+63+11+51+10
6;16;2206;051;619+1+258+258+0+0+0+0+258;0+77+74+3+95+9
6;16;2206;052;667+0+260+260+0+0+0+0+260;0+123+51+10+68+8
6;16;2206;053;625+0+187+187+0+0+0+5+187;1+98+31+6+44+7
6;16;2206;054;720+3+206+206+0+0+0+0+206;0+109+40+5+41+11
6;16;2206;055;688+0+256+256+2+0+2+0+254;2+93+49+8+82+20
6;16;2206;056;787+0+291+291+0+0+0+0+291;0+140+68+10+66+7
6;16;2206;057;824+2+297+297+1+0+1+0+296;3+149+62+4+64+14
6;16;2206;058;787+0+274+274+5+1+6+9+268;2+137+53+7+60+9
6;16;2206;059;773+1+303+303+0+2+2+0+301;3+128+64+9+81+16
6;16;2206;060;719+0+237+237+0+0+0+0+237;0+121+51+3+54+8
6;16;2206;061;852+1+321+321+0+0+0+0+321;3+174+59+5+74+6
6;16;2206;062;676+0+268+268+1+0+1+2+267;1+155+49+5+48+9
6;16;2206;063;876+0+339+339+0+0+0+0+339;1+162+72+3+89+12
6;16;2206;064;671+0+273+273+0+1+1+0+272;1+123+56+3+81+8
6;16;2206;065;670+0+269+269+0+0+0+0+269;3+134+53+6+65+8
6;16;2206;066;742+0+301+301+0+0+0+3+301;1+159+65+9+57+10
6;16;2206;067;543+0+214+214+0+0+0+0+214;0+109+32+2+57+14
6;16;2206;068;840+0+283+283+0+0+0+0+283;1+174+55+4+42+7
6;16;2206;069;781+0+229+229+0+1+1+6+228;0+124+46+4+51+3
6;16;2206;070;721+0+196+196+0+1+1+0+195;1+99+52+12+24+7
6;16;2206;071;786+1+321+321+0+0+0+0+321;1+147+71+6+89+7
6;16;2206;072;182+1+7+7+0+0+0+1+7;0+3+2+0+2+0
6;16;2206;073;238+0+85+85+0+0+0+0+85;2+35+15+7+22+4
[END]

[AGGR]
16;6;   ;6+468+468+301547+334+125097+125094+262+157+419+2209+124675;882+62297+21885+2708+33817+3086
[END]

