[INFO]
17;Пловдив-ок░║г;201
[END]

[IZB]
17;6;   ;;11.11.2001;1;6;498
[END]

[NM]
1701;001;г░. А▒еновг░ад;00702;00
1701;002;▒. Ба╖ково;02974;00
1701;003;▒. Бо┐н╢и;06029;00
1701;004;▒. Бо░;07870;00
1701;005;▒. В░а▓а;12992;00
1701;006;▒. Го░ни Воден;;00
1701;007;▒. Го░но▒лав;16955;00
1701;008;▒. Доб░о▒▓ан;21676;00
1701;009;кв. Долни Воден;;00
1701;010;▒. Долно▒лав;22839;00
1701;011;▒. Ж║л▓ кам║к;29581;00
1701;012;▒. Зла▓ов░║╡;31108;00
1701;013;▒. Избеглии;32341;00
1701;014;▒. Изво░ово;32932;00
1701;015;▒. Козаново;37633;00
1701;016;▒. Кон│╕;38385;00
1701;017;▒. Ко▒ово;38799;00
1701;018;▒. Леново;43298;00
1701;019;▒. Л┐▒ково;44834;00
1701;020;▒. Мо▒▓ово;49151;00
1701;021;▒. М│лдава;49309;00
1701;022;кв. На░е╖ен;51127;00
1701;023;▒. На░е╖ен▒ки бани;51127;00
1701;024;▒. Новаково;51830;00
1701;025;▒. Нови изво░;32398;00
1701;026;▒. О░е╕е╢;53761;00
1701;027;▒. Па▓░иа░╡ Ев▓имово;55590;00
1701;028;▒. С▓оево;69273;00
1701;030;▒. Сини в░║╡;70737;00
1701;031;▒. Тополово;72789;00
1701;032;▒. Т░и могили;73147;00
1701;033;▒. Уз│ново;75254;00
1701;034;▒. Че░вен;80437;00
1707;001;▒. Бабек;02035;00
1707;002;▒. Бо░е╢;05356;00
1707;003;г░. Б░езово;06361;00
1707;004;▒. В║░бен;12680;00
1707;005;▒. Д░ангово;23580;00
1707;006;▒. Зелениково;30750;00
1707;007;▒. Зла▓о▒ел;31160;00
1707;008;▒. О▓е╢ Ки░илово;54451;00
1707;009;▒. П║да░▒ко;58983;00
1707;010;▒. Розове╢;62966;00
1707;011;▒. Свежен;65526;00
1707;012;▒. С▓░ел╢и;69818;00
1707;013;▒. С║░него░;70593;00
1707;014;▒. Т╛░кмен;73794;00
1707;015;▒. Че╡ла░е;81308;00
1707;016;▒. Чоба;81975;00
1712;001;▒. Бегово;03085;00
1712;002;▒. Глава▓а░;14996;00
1712;003;▒. Го░на ма╡ала;16328;00
1712;004;▒. Долна ма╡ала;22191;00
1712;005;▒. Д│ванлий;24000;00
1712;006;▒. Д║лго поле;24582;00
1712;007;▒. Жи▓ни╢а;29475;00
1712;008;▒. Иван Вазово;32038;00
1712;009;▒. Кало┐ново;35523;00
1712;010;▒. О▓е╢ Паи▒иево;54465;00
1712;011;▒. Пе▒нопой;55926;00
1712;012;▒. Р║жево;63553;00
1712;013;▒. Р║жево Кона░е;63567;00
1712;014;▒. С│╡озем;70353;00
1712;016;▒. Че░ноземен;81133;00
1713;001;кв. Анево;68080;00
1713;002;▒. Бан┐;02720;00
1713;003;▒. Бег│н╢и;03109;00
1713;004;▒. Богдан;04563;00
1713;005;▒. Ва▒ил Лев▒ки;10207;00
1713;006;▒. Вед░а░е;10291;00
1713;007;▒. Войн┐гово;12005;00
1713;008;▒. Го░ни Домл┐н;16513;00
1713;009;▒. Домл┐н;22931;00
1713;010;▒. Д║бене;24241;00
1713;011;▒. Иганово;32226;00
1713;012;г░. Кало┤е░;35496;00
1713;013;▒. Ка░авелово;36186;00
1713;014;г░. Ка░лово;36498;00
1713;015;▒. Климен▓;37229;00
1713;016;г░. Кли▒│░а;37277;00
1713;018;▒. К│░▓ово;40703;00
1713;019;▒. К║░на░е;40939;00
1713;020;▒. Ма░ино поле;47250;00
1713;021;▒. Мо▒кове╢;49117;00
1713;022;▒. М░а╖еник;49240;00
1713;023;▒. Пев╢и▓е;55676;00
1713;024;▒. П░олом;58616;00
1713;025;▒. Розино;62949;00
1713;026;▒. Сла▓ина;67235;00
1713;027;▒. Соколи╢а;67903;00
1713;028;г░. Сопо▓;68080;00
1713;029;▒. С▓оле▓ово;69420;00
1713;030;▒. Х░и▒▓о Даново;77462;00
1715;002;▒. Бели╢а;03530;00
1715;003;▒. Бо░ово;05623;00
1715;004;▒. Дж│░ково;20883;00
1715;005;▒. Д░┐ново;23950;00
1715;006;▒. Зд░аве╢;31423;00
1715;008;▒. Л║кави╢а;44447;00
1715;009;г░. Л║ки;44478;00
1715;010;▒. Мана▒▓и░;46989;00
1715;011;▒. Югово;86012;00
1717;001;▒. Бенков▒ки;03839;00
1717;002;▒. Войводиново;11845;00
1717;003;▒. Вой▒ил;12019;00
1717;004;▒. Г░а┤ Игна▓иево;17806;00
1717;005;▒. Динк;21169;00
1717;006;▒. Жел┐зно;29235;00
1717;007;▒. Калекове╢;35300;00
1717;008;▒. Ко▒▓иево;38950;00
1717;009;▒. К░и▒лово;39918;00
1717;010;▒. Маноле;47086;00
1717;011;▒. Манол▒ко Кона░е;47113;00
1717;012;▒. Радиново;61412;00
1717;013;▒. Рого╕;62858;00
1717;014;▒. Ск│▓а░е;66915;00
1717;015;▒. С▓░оево;69874;00
1717;016;▒. Т░или▒▓ник;73122;00
1717;017;▒. Т░│д;73242;00
1717;018;▒. Ца░а╢ово;78080;00
1717;019;▒. Я▒но поле;87669;00
1723;001;▒. Б░┐гово;06745;00
1723;002;▒. Б│ково;56335;00
1723;003;▒. Б┐ла ░ека;07675;00
1723;004;▒. Вини╢а;11123;00
1723;005;▒. Воден;11627;00
1723;006;▒. Г░адина;17484;00
1723;007;▒. Доб░и дол;21440;00
1723;008;▒. Д░агойново;23385;00
1723;009;▒. Д║лбок изво░;24493;00
1723;011;▒. Езе░ово;27139;00
1723;012;▒. И▒к░а;32826;00
1723;013;▒. Ка░аджалово;36230;00
1723;014;▒. К░│╕ево;40155;00
1723;017;▒. По░ойна;57806;00
1723;018;▒. П░аво▒лавен;58089;00
1723;019;г░. П║░вомай;59080;00
1723;020;▒. Та▓а░ево;72093;00
1725;001;▒. Белозем;03620;00
1725;002;▒. Бол┐░ино;05270;00
1725;003;▒. Момино ▒ело;48948;00
1725;004;г░. Раков▒ки;62075;00
1725;005;▒. С▓░┐ма;70010;00
1725;006;▒. Чал║кови;80162;00
1725;007;▒. Ши╕ман╢и;83380;00
1726;001;▒. Бела╣и╢а;03304;00
1726;002;▒. Бойково;05150;00
1726;003;▒. Б░аниполе;06077;00
1726;004;▒. Б░е▒▓ник;06447;00
1726;005;▒. Б░е▒▓ови╢а;06505;00
1726;010;▒. Зла▓и▓░ап;31036;00
1726;012;▒. Изво░;32408;00
1726;014;▒. Кадиево;35095;00
1726;015;▒. К░│мово;40004;00
1726;018;▒. Лилково;43671;00
1726;021;▒. Ма░ково;47295;00
1726;023;▒. О░иза░е;53833;00
1726;024;▒. П║░вене╢;59032;00
1726;026;▒. Си▓ово;66651;00
1726;028;▒. Скобелево;66809;00
1726;029;▒. У▒▓ина;75188;00
1726;030;▒. Х░аб░ино;77373;00
1726;031;▒. Цалапи╢а;78029;00
1726;036;▒. Ягодово;87240;00
1728;001;▒. А╡ма▓ово;00847;00
1728;002;▒. Богдани╢а;04594;00
1728;003;▒. Бол┐░╢и;05339;00
1728;004;▒. Ка░аджово;36244;00
1728;005;▒. Ка▓│ни╢а;36676;00
1728;006;▒. Ко╖ово;39102;00
1728;007;▒. Милево;48152;00
1728;008;▒. Момин▒ко;48965;00
1728;009;▒. Попови╢а;57621;00
1728;010;г░. Садово;65139;00
1728;011;▒. Сел╢и;66127;00
1728;012;▒. Че╕неги░ово;81342;00
1733;001;▒. Гол┐м ╖а░дак;15970;00
1733;002;▒. Д░агоми░;23426;00
1733;003;▒. Л╛бен;44481;00
1733;004;▒. Мал║к ╖а░дак;46944;00
1733;005;▒. Найден Ге░ово;51069;00
1733;006;▒. Неделево;51305;00
1733;007;▒. П░ави╣е;58058;00
1733;008;г░. С║единение;70528;00
1733;010;▒. Ца░ими░;78171;00
1733;011;▒. Це░е▓елево;78392;00
1737;001;▒. Белови╢а;03589;00
1737;002;▒. К░а▒ново;39579;00
1737;003;▒. К░║▒▓еви╖;40333;00
1737;004;▒. Мало К░│╕ево;46752;00
1737;005;▒. Ми╡ил╢и;48564;00
1737;006;▒. М║▓ени╢а;49624;00
1737;007;▒. Ново Железа░е;52088;00
1737;008;▒. Пани╖е░и;55378;00
1737;009;▒. С▓а░о Железа░е;68967;00
1737;010;▒. С▓а░о▒ел;69016;00
1737;011;г░. Хи▒а░┐;77270;00
1737;012;▒. Че░ни╖ево;81030;00
1739;001;г░. К░и╖им;39921;00
1740;001;г░. Пе░│╣и╢а;55909;00
1741;001;г░. С▓амболий▒ки;51980;00
1741;002;▒. Йоаким Г░│ево;34028;00
1741;003;▒. К│░▓ово Кона░е;40717;00
1741;004;▒. Ново ▒ело;52221;00
1741;005;▒. Т░иводи╢и;73081;00
1742;001;▒. К│клен;40467;00
1742;002;▒. Г║л║бово;18277;00
1742;003;▒. Доб░ал║к;21324;00
1742;004;▒. Р│ен;63238;00
1742;005;▒. Ца░ Кало┐н;78207;00
1742;006;▒. Яв░ово;87179;00
[END]

[SEC]
17;0100;001;6;001
17;0100;002;6;001
17;0100;003;6;001
17;0100;004;6;001
17;0100;005;6;001
17;0100;006;6;001
17;0100;007;6;001
17;0100;008;6;001
17;0100;009;6;001
17;0100;010;6;001
17;0100;011;6;001
17;0100;012;6;001
17;0100;013;6;001
17;0100;014;6;001
17;0100;015;6;001
17;0100;016;6;001
17;0100;017;6;001
17;0100;018;6;001
17;0100;019;6;001
17;0100;020;6;001
17;0100;021;6;001
17;0100;022;6;001
17;0100;023;6;001
17;0100;024;6;001
17;0100;025;6;001
17;0100;026;6;001
17;0100;027;6;001
17;0100;028;6;001
17;0100;029;6;001
17;0100;030;6;001
17;0100;031;6;001
17;0100;032;6;001
17;0100;033;6;001
17;0100;034;6;001
17;0100;035;6;001
17;0100;036;6;001
17;0100;037;6;001
17;0100;038;6;001
17;0100;039;6;001
17;0100;040;6;001
17;0100;041;6;001
17;0100;042;6;001
17;0100;043;6;001
17;0100;044;6;001
17;0100;045;6;001
17;0100;046;6;001
17;0100;047;6;001
17;0100;048;6;001
17;0100;049;6;001
17;0100;050;6;001
17;0100;051;6;001
17;0100;052;6;001
17;0100;053;6;001
17;0100;054;6;001
17;0100;055;6;001
17;0100;056;6;001
17;0100;057;6;001
17;0100;058;6;001
17;0100;059;6;001
17;0100;061;6;006
17;0100;062;6;009
17;0100;063;6;001
17;0100;064;6;001
17;0100;065;6;001
17;0100;066;6;001
17;0100;067;6;002
17;0100;068;6;003
17;0100;069;6;004+014
17;0100;070;6;005
17;0100;071;6;007
17;0100;072;6;010
17;0100;073;6;008
17;0100;074;6;012
17;0100;075;6;013
17;0100;076;6;015
17;0100;077;6;016
17;0100;078;6;019
17;0100;079;6;021
17;0100;080;6;020
17;0100;081;6;024
17;0100;082;6;025
17;0100;083;6;023+017
17;0100;084;6;023
17;0100;085;6;023+022
17;0100;086;6;011
17;0100;087;6;026
17;0100;088;6;027
17;0100;089;6;028
17;0100;090;6;030
17;0100;091;6;031
17;0100;092;6;031
17;0100;093;6;031
17;0100;094;6;032
17;0100;095;6;033
17;0100;096;6;034
17;0100;097;6;001
17;0100;098;6;001
17;0100;099;6;018
17;0100;100;6;021
17;0100;101;6;001
17;0100;102;6;023
17;0700;001;6;003
17;0700;002;6;003
17;0700;003;6;003
17;0700;004;6;016
17;0700;005;6;016
17;0700;006;6;014
17;0700;007;6;006
17;0700;008;6;015
17;0700;009;6;010
17;0700;010;6;001
17;0700;011;6;011
17;0700;012;6;007
17;0700;013;6;005
17;0700;014;6;008
17;0700;015;6;002
17;0700;016;6;004
17;0700;017;6;012
17;0700;018;6;009
17;0700;019;6;013
17;1200;001;6;009
17;1200;002;6;009
17;1200;003;6;009
17;1200;004;6;005
17;1200;005;6;007
17;1200;006;6;007
17;1200;007;6;006
17;1200;008;6;006
17;1200;009;6;013
17;1200;010;6;013
17;1200;011;6;002
17;1200;012;6;012
17;1200;013;6;016
17;1200;014;6;001
17;1200;015;6;014
17;1200;016;6;010
17;1200;017;6;004
17;1200;018;6;003
17;1200;019;6;008
17;1200;020;6;011
17;1300;001;6;014
17;1300;002;6;014
17;1300;003;6;014
17;1300;004;6;014
17;1300;005;6;014
17;1300;006;6;014
17;1300;007;6;014
17;1300;008;6;014
17;1300;009;6;014
17;1300;010;6;014
17;1300;011;6;014
17;1300;012;6;014
17;1300;013;6;014
17;1300;014;6;014
17;1300;015;6;014
17;1300;016;6;014
17;1300;017;6;014
17;1300;018;6;014
17;1300;019;6;014
17;1300;020;6;014
17;1300;021;6;014
17;1300;022;6;014
17;1300;023;6;014
17;1300;024;6;014
17;1300;025;6;014
17;1300;026;6;014
17;1300;027;6;014
17;1300;028;6;014
17;1300;029;6;014
17;1300;030;6;014
17;1300;031;6;014
17;1300;032;6;027
17;1300;033;6;005
17;1300;034;6;005
17;1300;035;6;022
17;1300;036;6;018
17;1300;037;6;020
17;1300;038;6;012
17;1300;039;6;012
17;1300;040;6;012
17;1300;041;6;012
17;1300;042;6;012
17;1300;043;6;028
17;1300;045;6;028
17;1300;046;6;028
17;1300;047;6;028
17;1300;048;6;028
17;1300;049;6;028
17;1300;050;6;028
17;1300;051;6;028
17;1300;052;6;028
17;1300;053;6;028
17;1300;054;6;021
17;1300;055;6;023
17;1300;056;6;002
17;1300;057;6;002
17;1300;058;6;002
17;1300;059;6;002
17;1300;060;6;024
17;1300;061;6;004
17;1300;062;6;004
17;1300;063;6;007
17;1300;064;6;007
17;1300;065;6;010
17;1300;066;6;010
17;1300;067;6;010
17;1300;068;6;013
17;1300;069;6;013
17;1300;070;6;013
17;1300;071;6;015
17;1300;072;6;015
17;1300;073;6;019
17;1300;074;6;029
17;1300;075;6;030
17;1300;076;6;025
17;1300;077;6;025
17;1300;078;6;025
17;1300;079;6;025
17;1300;080;6;026
17;1300;081;6;026
17;1300;082;6;016
17;1300;083;6;016
17;1300;084;6;003
17;1300;085;6;006
17;1300;086;6;008
17;1300;087;6;011
17;1300;088;6;009
17;1300;089;6;001
17;1500;001;6;009
17;1500;002;6;009
17;1500;003;6;009
17;1500;004;6;011
17;1500;005;6;003
17;1500;006;6;002
17;1500;007;6;008
17;1500;008;6;010
17;1500;009;6;005
17;1500;010;6;004
17;1500;011;6;006
17;1700;001;6;018
17;1700;002;6;018
17;1700;003;6;001
17;1700;004;6;003
17;1700;005;6;012
17;1700;006;6;008
17;1700;007;6;008
17;1700;008;6;017
17;1700;009;6;017
17;1700;010;6;017
17;1700;011;6;017
17;1700;012;6;015
17;1700;013;6;015
17;1700;014;6;004
17;1700;015;6;004
17;1700;016;6;002
17;1700;017;6;002
17;1700;018;6;007
17;1700;019;6;007
17;1700;020;6;006
17;1700;021;6;009
17;1700;022;6;005
17;1700;023;6;014
17;1700;024;6;014
17;1700;025;6;013
17;1700;026;6;013
17;1700;027;6;013
17;1700;028;6;016
17;1700;029;6;010
17;1700;030;6;010
17;1700;031;6;010
17;1700;032;6;011
17;1700;033;6;019
17;2300;001;6;019
17;2300;002;6;019
17;2300;003;6;019
17;2300;004;6;019
17;2300;005;6;019
17;2300;006;6;019
17;2300;007;6;019
17;2300;008;6;019
17;2300;009;6;019
17;2300;010;6;019
17;2300;011;6;019
17;2300;012;6;019
17;2300;013;6;019
17;2300;014;6;019
17;2300;015;6;019
17;2300;016;6;019
17;2300;017;6;019
17;2300;018;6;019
17;2300;019;6;006
17;2300;020;6;006
17;2300;021;6;006
17;2300;022;6;014
17;2300;023;6;007
17;2300;024;6;013
17;2300;025;6;013
17;2300;026;6;003
17;2300;027;6;018
17;2300;028;6;011
17;2300;029;6;005
17;2300;030;6;008
17;2300;031;6;002
17;2300;032;6;001
17;2300;033;6;012
17;2300;034;6;012
17;2300;035;6;009
17;2300;036;6;009
17;2300;037;6;017
17;2300;038;6;020
17;2300;039;6;004
17;2500;001;6;004
17;2500;002;6;004
17;2500;003;6;004
17;2500;004;6;004
17;2500;005;6;004
17;2500;006;6;004
17;2500;007;6;004
17;2500;008;6;004
17;2500;009;6;004
17;2500;010;6;004
17;2500;011;6;004
17;2500;012;6;004
17;2500;013;6;004
17;2500;014;6;004
17;2500;016;6;005
17;2500;017;6;005
17;2500;018;6;005
17;2500;019;6;005
17;2500;020;6;003
17;2500;021;6;007
17;2500;022;6;001
17;2500;023;6;001
17;2500;024;6;001
17;2500;025;6;001
17;2500;026;6;001
17;2500;027;6;006
17;2500;028;6;006
17;2500;029;6;002
17;2500;030;6;004
17;2500;031;6;004
17;2500;032;6;004
17;2500;033;6;004
17;2600;001;6;001
17;2600;002;6;001
17;2600;003;6;002
17;2600;004;6;003
17;2600;005;6;003
17;2600;006;6;005
17;2600;007;6;005
17;2600;008;6;005
17;2600;009;6;005
17;2600;010;6;005
17;2600;011;6;004
17;2600;012;6;004
17;2600;015;6;010
17;2600;016;6;012
17;2600;017;6;014
17;2600;018;6;015
17;2600;019;6;015
17;2600;020;6;015
17;2600;021;6;015
17;2600;028;6;018
17;2600;029;6;021
17;2600;030;6;021
17;2600;031;6;023
17;2600;032;6;024
17;2600;033;6;024
17;2600;034;6;024
17;2600;036;6;026
17;2600;037;6;028
17;2600;038;6;029
17;2600;039;6;029
17;2600;040;6;029
17;2600;041;6;030
17;2600;043;6;031
17;2600;044;6;031
17;2600;045;6;031
17;2600;046;6;031
17;2600;047;6;031
17;2600;048;6;031
17;2600;049;6;031
17;2600;051;6;036
17;2600;052;6;036
17;2600;053;6;036
17;2800;001;6;010
17;2800;002;6;010
17;2800;003;6;012
17;2800;004;6;012
17;2800;005;6;007
17;2800;006;6;009
17;2800;007;6;009
17;2800;008;6;001
17;2800;009;6;011
17;2800;010;6;002
17;2800;011;6;003
17;2800;012;6;003
17;2800;013;6;003
17;2800;014;6;008
17;2800;015;6;006
17;2800;016;6;004
17;2800;017;6;005
17;2800;018;6;005
17;2800;019;6;005
17;3300;001;6;008
17;3300;002;6;008
17;3300;003;6;008
17;3300;004;6;008
17;3300;005;6;008
17;3300;006;6;008
17;3300;007;6;008
17;3300;008;6;008
17;3300;009;6;008
17;3300;010;6;007
17;3300;011;6;001
17;3300;012;6;001
17;3300;013;6;004
17;3300;014;6;002
17;3300;015;6;005
17;3300;016;6;010
17;3300;017;6;010
17;3300;018;6;011
17;3300;019;6;003
17;3300;020;6;006
17;3700;001;6;011
17;3700;002;6;011
17;3700;003;6;011
17;3700;004;6;011
17;3700;005;6;011
17;3700;006;6;011
17;3700;007;6;011
17;3700;008;6;011
17;3700;009;6;005
17;3700;010;6;012
17;3700;011;6;009
17;3700;012;6;007
17;3700;013;6;008
17;3700;014;6;008
17;3700;015;6;006
17;3700;016;6;010
17;3700;017;6;010
17;3700;018;6;011
17;3700;019;6;002
17;3700;020;6;002
17;3700;021;6;003
17;3700;022;6;001
17;3700;023;6;004
17;3700;024;6;011
17;3900;001;6;001
17;3900;002;6;001
17;3900;003;6;001
17;3900;004;6;001
17;3900;005;6;001
17;3900;006;6;001
17;3900;007;6;001
17;3900;008;6;001
17;3900;009;6;001
17;3900;010;6;001
17;4000;001;6;001
17;4000;002;6;001
17;4000;003;6;001
17;4000;004;6;001
17;4000;005;6;001
17;4000;006;6;001
17;4100;001;6;001
17;4100;002;6;001
17;4100;003;6;001
17;4100;004;6;001
17;4100;005;6;001
17;4100;006;6;001
17;4100;007;6;001
17;4100;008;6;001
17;4100;009;6;001
17;4100;010;6;001
17;4100;011;6;001
17;4100;012;6;001
17;4100;013;6;001
17;4100;014;6;001
17;4100;015;6;002
17;4100;016;6;002
17;4100;017;6;002
17;4100;018;6;003
17;4100;019;6;003
17;4100;020;6;003
17;4100;021;6;004
17;4100;022;6;004
17;4100;023;6;005
17;4200;001;6;001
17;4200;002;6;001
17;4200;003;6;001
17;4200;004;6;001
17;4200;005;6;001
17;4200;006;6;001
17;4200;007;6;002
17;4200;008;6;003
17;4200;009;6;004
17;4200;010;6;005
17;4200;011;6;006
[END]

[MAJ]
17;6;   ;01;;;Пе▓║░ Ки░илов Бе░он и С▓о┐н В║л╖ев Анд░еев;, ;ПКБ+СВА;1639;0;1
17;6;   ;02;;;Пе▓║░ С▓е┤анов С▓о┐нов и Нели Пе▓░ова К│╢кова;, ;ПСС+НПК;51803;2;2
17;6;   ;03;;;Богомил Ангелов Бонев и А▓ана▒ Иванов Желез╖ев;, ;БАБ+АИЖ;24386;0;3
17;6;   ;04;;;Жо░ж Ган╖ев Ган╖ев и Ве▒елин С▓о┐нов Бон╖ев;, ;ЖГГ+ВСБ;4853;0;4
17;6;   ;05;;;Гео░ги Седе┤╖ов П║░ванов и Ангел Иванов Ма░ин;, ;ГСП+АИМ;52974;2;5
17;6;   ;06;;;Рене▓а Иванова Инджова и К░║▒▓╛ Николов Илов;, ;РИИ+КНИ;3433;0;6
[END]

[PROP]
[END]

[LISTI]
[END]

[PROT]
6;17;0100;001;908+1+340+340+1+0+1+0+339;2+130+103+17+76+11
6;17;0100;002;782+0+298+298+0+0+0+0+298;3+114+93+8+78+2
6;17;0100;003;853+0+282+282+1+1+2+6+280;2+117+94+9+55+3
6;17;0100;004;755+0+267+267+0+0+0+0+267;1+116+86+7+44+13
6;17;0100;005;811+5+227+227+0+0+0+0+227;1+119+61+9+28+9
6;17;0100;006;575+0+229+229+0+0+0+0+229;0+85+54+11+71+8
6;17;0100;007;758+1+372+372+0+0+0+0+372;6+171+83+7+91+14
6;17;0100;008;898+0+387+387+0+0+0+0+387;2+115+128+14+124+4
6;17;0100;009;776+0+373+373+0+0+0+0+373;0+138+90+8+130+7
6;17;0100;010;591+0+288+288+0+0+0+0+288;1+131+54+6+90+6
6;17;0100;011;788+0+368+368+0+0+0+0+368;0+141+107+16+88+16
6;17;0100;012;756+1+405+405+0+2+2+24+403;2+195+85+5+106+10
6;17;0100;013;440+1+194+194+2+0+2+6+192;4+104+26+3+52+3
6;17;0100;014;607+0+335+335+1+0+1+0+334;2+159+52+3+116+2
6;17;0100;015;679+0+328+328+2+0+2+0+326;2+120+60+6+132+6
6;17;0100;016;756+1+375+375+0+0+0+0+375;2+139+110+3+108+13
6;17;0100;017;515+0+267+267+1+0+1+0+266;0+140+49+3+69+5
6;17;0100;018;555+0+269+269+0+0+0+12+269;0+127+65+3+67+7
6;17;0100;019;540+0+255+255+1+0+1+0+254;3+96+55+5+91+4
6;17;0100;020;706+0+345+345+0+0+0+0+345;2+176+92+1+62+12
6;17;0100;021;930+1+459+459+0+0+0+0+459;3+228+98+7+114+9
6;17;0100;022;883+0+405+405+3+0+3+11+402;0+144+109+4+139+6
6;17;0100;023;649+0+301+301+1+0+1+0+300;2+128+81+10+77+2
6;17;0100;024;793+1+441+441+0+1+1+12+440;1+205+126+5+98+5
6;17;0100;025;389+5+207+207+1+0+1+8+206;0+119+34+1+45+7
6;17;0100;026;669+1+339+339+0+0+0+10+339;1+133+99+2+101+3
6;17;0100;027;567+0+267+267+0+0+0+0+267;0+101+87+13+60+6
6;17;0100;028;419+1+188+188+0+0+0+0+188;0+75+54+1+56+2
6;17;0100;029;668+0+272+272+0+0+0+7+272;5+94+75+6+88+4
6;17;0100;030;465+0+227+227+0+0+0+9+227;1+74+79+9+60+4
6;17;0100;031;673+0+283+283+1+2+3+4+280;5+115+78+4+73+5
6;17;0100;032;582+0+255+255+0+0+0+0+255;5+86+83+5+69+7
6;17;0100;033;589+0+229+229+1+1+2+4+227;2+85+65+3+68+4
6;17;0100;034;798+0+196+196+1+0+1+0+195;1+78+68+6+30+12
6;17;0100;035;679+0+279+279+0+0+0+9+279;0+112+87+4+76+0
6;17;0100;036;542+1+233+233+3+1+4+0+229;2+104+47+6+64+6
6;17;0100;037;661+3+311+311+1+0+1+5+310;4+143+79+1+74+9
6;17;0100;038;836+0+326+326+0+0+0+0+326;0+150+71+8+88+9
6;17;0100;039;747+1+376+376+0+0+0+10+376;1+140+125+6+94+10
6;17;0100;040;605+1+253+253+0+0+0+17+253;7+87+83+6+59+11
6;17;0100;041;518+0+290+290+0+0+0+0+290;3+118+67+8+89+5
6;17;0100;042;635+0+249+249+0+0+0+30+249;1+120+55+5+60+8
6;17;0100;043;697+0+309+309+1+0+1+0+308;0+120+80+12+84+12
6;17;0100;044;707+0+306+306+0+0+0+0+306;1+142+76+10+72+5
6;17;0100;045;511+0+193+193+0+1+1+8+192;1+68+49+4+68+2
6;17;0100;046;868+0+383+383+0+0+0+14+383;4+144+103+15+99+18
6;17;0100;047;805+0+286+286+0+3+3+0+283;1+115+82+8+66+11
6;17;0100;048;614+0+213+213+0+0+0+0+213;3+87+59+5+46+13
6;17;0100;049;700+0+303+303+1+0+1+12+302;2+129+72+14+81+4
6;17;0100;050;676+0+252+252+0+0+0+0+252;1+108+64+5+58+16
6;17;0100;051;711+0+210+210+0+0+0+2+210;2+92+51+6+47+12
6;17;0100;052;710+0+212+212+0+0+0+0+212;2+76+73+7+53+1
6;17;0100;053;661+0+260+260+0+0+0+3+260;2+100+71+1+84+2
6;17;0100;054;714+0+183+183+2+2+4+9+179;9+101+33+4+12+20
6;17;0100;055;390+0+100+100+1+0+1+4+99;3+43+17+1+23+12
6;17;0100;056;761+0+238+238+0+1+1+0+237;8+106+69+9+12+33
6;17;0100;057;656+1+223+223+0+0+0+0+223;6+117+58+5+13+24
6;17;0100;058;910+0+389+389+3+5+8+0+381;17+251+65+19+13+16
6;17;0100;059;888+0+368+368+1+4+5+0+363;26+269+36+14+15+3
6;17;0100;061;981+2+394+394+4+0+4+0+390;10+145+79+5+126+25
6;17;0100;062;813+1+284+284+0+3+3+3+281;5+113+75+6+58+24
6;17;0100;063;827+2+322+322+0+0+0+7+322;6+146+48+7+93+22
6;17;0100;064;752+1+248+248+0+1+1+0+247;5+125+34+6+20+57
6;17;0100;065;974+0+298+298+0+0+0+0+298;14+135+71+8+44+26
6;17;0100;066;969+0+302+302+0+0+0+0+302;5+130+37+3+58+69
6;17;0100;067;390+2+221+221+0+0+0+0+221;2+101+39+11+63+5
6;17;0100;068;967+4+392+392+0+1+1+11+391;9+134+48+18+179+3
6;17;0100;069;70+2+29+29+0+0+0+0+29;1+15+2+2+7+2
6;17;0100;070;51+2+38+38+0+0+0+0+38;1+7+9+1+18+2
6;17;0100;071;96+4+73+73+0+0+0+0+73;2+27+15+2+25+2
6;17;0100;072;313+3+208+208+1+0+1+5+207;2+51+47+8+94+5
6;17;0100;073;88+5+76+76+0+0+0+0+76;5+16+26+1+28+0
6;17;0100;074;575+1+288+288+0+0+0+14+288;1+69+51+4+161+2
6;17;0100;075;640+2+284+284+0+0+0+9+284;2+74+52+8+147+1
6;17;0100;076;570+2+288+288+0+0+0+14+288;4+54+74+10+143+3
6;17;0100;077;722+2+359+359+0+0+0+16+359;7+97+60+14+179+2
6;17;0100;078;45+7+45+45+0+0+0+2+45;4+20+5+0+16+0
6;17;0100;079;606+0+197+197+2+3+5+0+192;13+88+36+9+22+24
6;17;0100;080;132+1+94+94+0+0+0+0+94;1+33+23+2+35+0
6;17;0100;081;555+4+313+313+1+1+2+24+311;10+46+65+13+171+6
6;17;0100;082;325+3+109+109+0+0+0+0+109;0+18+6+0+62+23
6;17;0100;083;313+3+153+153+0+1+1+3+152;0+42+37+4+63+6
6;17;0100;084;454+3+236+236+0+0+0+0+236;4+72+64+8+82+6
6;17;0100;085;195+1+121+121+4+0+4+3+117;3+45+35+9+24+1
6;17;0100;086;121+2+63+63+0+0+0+0+63;0+17+2+0+5+39
6;17;0100;087;91+3+71+71+0+0+0+0+71;0+11+13+0+44+3
6;17;0100;088;529+2+364+364+0+0+0+0+364;4+52+45+8+252+3
6;17;0100;089;528+2+203+203+0+1+1+0+202;4+82+12+8+19+77
6;17;0100;090;30+0+13+13+0+0+0+0+13;0+4+0+3+5+1
6;17;0100;091;669+6+281+281+0+1+1+0+280;1+79+46+12+126+16
6;17;0100;092;967+6+363+363+0+1+1+0+362;20+98+116+14+84+30
6;17;0100;093;780+3+294+294+0+2+2+13+292;4+84+40+8+139+17
6;17;0100;094;84+0+64+64+0+0+0+0+64;4+37+8+0+9+6
6;17;0100;095;25+2+22+22+0+0+0+0+22;0+8+7+0+6+1
6;17;0100;096;631+2+341+341+0+1+1+0+340;5+83+74+20+153+5
6;17;0100;097;50+0+38+38+0+0+0+3+38;3+19+7+4+2+3
6;17;0100;098;639+1+219+219+0+0+0+3+219;8+80+43+7+57+24
6;17;0100;099;506+4+280+280+1+0+1+0+279;0+84+35+8+152+0
6;17;0100;100;507+3+105+105+1+0+1+3+104;4+42+32+0+16+10
6;17;0100;101;34+0+22+22+0+0+0+1+22;0+7+7+0+7+1
6;17;0100;102;46+4+45+45+0+0+0+0+45;0+14+13+0+18+0
6;17;0700;001;576+0+400+400+6+0+6+32+394;2+85+43+9+252+3
6;17;0700;002;477+3+303+303+2+0+2+7+301;6+91+20+7+175+2
6;17;0700;003;655+0+393+393+0+0+0+26+393;13+67+28+10+267+8
6;17;0700;004;446+0+262+262+1+0+1+18+261;6+78+34+7+132+4
6;17;0700;005;467+3+223+223+0+1+1+12+222;5+50+32+10+118+7
6;17;0700;006;409+3+306+306+0+0+0+21+306;2+75+32+8+187+2
6;17;0700;007;536+1+345+345+2+0+2+17+343;4+72+45+8+211+3
6;17;0700;008;91+7+87+87+1+0+1+1+86;0+6+3+0+73+4
6;17;0700;009;315+0+203+203+1+0+1+0+202;1+37+15+2+145+2
6;17;0700;010;106+2+95+95+0+1+1+13+94;0+20+7+5+61+1
6;17;0700;011;200+19+139+139+0+1+1+0+138;1+31+10+1+86+9
6;17;0700;012;187+1+138+138+0+0+0+12+138;0+35+14+7+80+2
6;17;0700;013;341+2+230+230+0+0+0+0+230;2+46+11+15+150+6
6;17;0700;014;290+0+163+163+0+0+0+8+163;5+50+9+4+93+2
6;17;0700;015;654+11+405+405+0+0+0+20+405;3+126+27+13+234+2
6;17;0700;016;214+2+129+129+0+1+1+10+128;0+48+7+2+69+2
6;17;0700;017;569+3+389+389+0+2+2+28+387;4+109+34+4+235+1
6;17;0700;018;570+9+353+353+0+2+2+14+351;1+76+19+18+228+9
6;17;0700;019;96+9+105+105+0+0+0+5+105;2+43+8+0+49+3
6;17;1200;001;797+0+475+475+1+1+2+23+473;10+338+41+11+67+6
6;17;1200;002;740+3+495+495+2+2+4+15+491;3+248+49+9+177+5
6;17;1200;003;701+1+391+391+0+1+1+10+390;4+201+37+4+142+2
6;17;1200;004;498+3+258+258+2+1+3+0+255;3+179+10+15+47+1
6;17;1200;005;741+0+380+380+0+0+0+0+380;3+263+33+7+72+2
6;17;1200;006;697+1+334+334+1+0+1+20+333;3+225+23+14+68+0
6;17;1200;007;961+0+328+328+0+1+1+14+327;5+165+44+11+98+4
6;17;1200;008;766+0+386+386+0+2+2+8+384;6+195+57+16+107+3
6;17;1200;009;780+1+337+337+0+0+0+19+337;3+87+40+14+188+5
6;17;1200;010;788+1+398+398+1+0+1+14+397;5+129+34+8+214+7
6;17;1200;011;227+1+184+184+0+1+1+0+183;0+40+20+12+110+1
6;17;1200;012;242+3+177+177+0+0+0+4+177;0+59+26+9+82+1
6;17;1200;013;390+1+232+232+0+1+1+0+231;8+95+18+3+102+5
6;17;1200;014;661+0+356+356+0+0+0+11+356;5+75+43+21+202+10
6;17;1200;015;181+6+160+160+1+1+2+0+158;2+52+11+6+87+0
6;17;1200;016;214+17+164+164+1+0+1+0+163;1+45+11+4+102+0
6;17;1200;017;380+3+224+224+0+0+0+6+224;2+61+24+19+116+2
6;17;1200;018;289+2+176+176+1+0+1+11+175;3+48+8+8+102+6
6;17;1200;019;362+2+234+234+2+0+2+12+232;3+79+17+7+120+6
6;17;1200;020;690+4+406+406+0+2+2+24+404;1+99+60+9+228+7
6;17;1300;001;936+5+342+342+0+0+0+0+342;2+69+85+5+174+7
6;17;1300;002;851+1+372+372+0+0+0+0+372;1+144+99+5+115+8
6;17;1300;003;954+3+324+324+0+0+0+0+324;0+123+90+9+94+8
6;17;1300;004;759+3+260+260+0+0+0+0+260;1+78+68+10+94+9
6;17;1300;005;669+0+245+245+2+0+2+0+243;2+105+67+7+58+4
6;17;1300;006;601+0+265+265+0+1+1+12+264;4+95+60+7+88+10
6;17;1300;007;528+1+244+244+1+0+1+0+243;1+98+44+3+94+3
6;17;1300;008;804+0+360+360+0+0+0+0+360;4+139+86+7+116+8
6;17;1300;009;1004+9+319+319+1+0+1+0+318;3+126+70+10+92+17
6;17;1300;010;928+0+225+225+0+6+6+0+219;5+47+54+13+84+16
6;17;1300;011;996+3+393+393+0+1+1+7+392;2+147+93+19+121+10
6;17;1300;012;997+2+458+458+0+2+2+5+456;3+179+113+12+140+9
6;17;1300;013;974+4+449+449+0+0+0+10+449;2+176+77+8+168+18
6;17;1300;014;709+1+280+280+0+0+0+13+280;1+105+52+4+112+6
6;17;1300;015;611+0+279+279+1+3+4+3+275;0+95+61+21+90+8
6;17;1300;016;644+0+263+263+0+0+0+5+263;1+101+56+8+92+5
6;17;1300;017;639+1+310+310+0+0+0+0+310;1+131+61+10+100+7
6;17;1300;018;835+0+372+372+2+0+2+5+370;2+147+99+6+113+3
6;17;1300;019;738+0+321+321+0+1+1+21+320;2+122+79+9+105+3
6;17;1300;020;804+0+331+331+2+0+2+4+329;1+111+72+10+122+13
6;17;1300;021;563+0+297+297+0+1+1+0+296;3+118+74+10+85+6
6;17;1300;022;559+0+268+268+0+0+0+10+268;4+124+56+5+71+8
6;17;1300;023;596+0+250+250+1+0+1+4+249;2+92+49+8+95+3
6;17;1300;024;892+5+509+509+0+3+3+23+506;2+134+108+24+228+10
6;17;1300;025;712+0+256+256+0+0+0+11+256;3+84+44+11+105+9
6;17;1300;026;634+0+249+249+0+2+2+0+247;1+93+46+7+88+12
6;17;1300;027;1017+2+331+331+0+0+0+17+331;0+82+106+17+117+9
6;17;1300;028;1016+0+394+394+0+0+0+17+394;2+150+109+10+115+8
6;17;1300;029;679+2+244+244+0+0+0+0+244;3+97+55+5+74+10
6;17;1300;030;633+0+316+316+0+0+0+18+316;2+112+81+11+104+6
6;17;1300;031;21+0+8+8+0+0+0+0+8;0+5+2+0+1+0
6;17;1300;032;591+0+263+263+0+5+5+12+258;6+58+43+28+120+3
6;17;1300;033;755+2+295+295+0+0+0+0+295;2+82+47+12+142+10
6;17;1300;034;772+0+268+268+2+3+5+0+263;4+99+38+9+93+20
6;17;1300;035;160+6+105+105+0+0+0+7+105;0+23+6+1+74+1
6;17;1300;036;367+0+183+183+0+0+0+19+183;0+72+24+14+68+5
6;17;1300;037;52+1+36+36+0+0+0+4+36;3+10+9+1+11+2
6;17;1300;038;537+0+196+196+0+0+0+0+196;1+46+37+9+99+4
6;17;1300;039;806+3+285+285+0+1+1+14+284;4+108+38+5+124+5
6;17;1300;040;621+0+241+241+1+0+1+0+240;2+45+46+5+138+4
6;17;1300;041;532+0+234+234+0+5+5+0+229;2+73+23+7+119+5
6;17;1300;042;629+1+237+237+0+0+0+6+237;4+53+40+15+115+10
6;17;1300;043;738+3+362+362+0+0+0+0+362;4+103+110+5+131+9
6;17;1300;045;901+1+426+426+4+0+4+18+422;1+129+92+17+166+17
6;17;1300;046;832+7+368+368+0+3+3+8+365;3+116+76+11+145+14
6;17;1300;047;900+0+371+371+0+1+1+8+370;1+137+72+11+143+6
6;17;1300;048;866+2+400+400+2+0+2+0+398;3+126+97+11+148+13
6;17;1300;049;582+0+303+303+0+0+0+0+303;0+98+97+5+85+18
6;17;1300;050;360+0+360+360+3+0+3+2+357;0+123+112+11+100+11
6;17;1300;051;938+0+411+411+0+1+1+6+410;4+111+111+13+157+14
6;17;1300;052;943+0+324+324+0+3+3+5+321;2+106+115+15+77+6
6;17;1300;053;992+0+428+428+0+0+0+0+428;2+108+135+12+162+9
6;17;1300;054;249+1+178+178+0+0+0+0+178;0+43+38+10+84+3
6;17;1300;055;271+4+178+178+0+0+0+0+178;2+37+45+17+63+14
6;17;1300;056;744+1+326+326+0+0+0+13+326;2+123+76+3+114+8
6;17;1300;057;826+8+343+343+0+0+0+29+343;3+128+75+14+116+7
6;17;1300;058;854+4+378+378+0+0+0+18+378;8+123+73+10+154+10
6;17;1300;059;795+0+267+267+2+0+2+7+265;2+102+59+5+93+4
6;17;1300;060;420+6+221+221+0+2+2+0+219;6+61+22+16+106+8
6;17;1300;061;576+0+218+218+1+0+1+10+217;1+57+39+10+106+4
6;17;1300;062;469+0+217+217+1+0+1+11+216;3+64+38+9+96+6
6;17;1300;063;678+0+273+273+0+0+0+6+273;3+61+45+12+149+3
6;17;1300;064;595+1+284+284+2+0+2+0+282;2+93+41+12+127+7
6;17;1300;065;452+1+194+194+0+0+0+6+194;2+88+41+9+52+2
6;17;1300;066;699+7+296+296+0+1+1+0+295;4+131+87+7+64+2
6;17;1300;067;445+0+153+153+0+0+0+0+153;0+42+52+5+51+3
6;17;1300;068;583+1+250+250+0+0+0+0+250;1+97+39+6+100+7
6;17;1300;069;514+1+209+209+1+0+1+0+208;0+84+25+5+89+5
6;17;1300;070;565+0+266+266+1+0+1+0+265;2+96+29+7+128+3
6;17;1300;071;620+0+392+392+0+0+0+0+392;4+140+27+13+201+7
6;17;1300;072;645+0+379+379+0+0+0+0+379;2+145+43+5+182+2
6;17;1300;073;724+1+339+339+1+3+4+13+335;8+96+89+26+107+9
6;17;1300;074;699+0+370+370+0+0+0+6+370;3+86+53+15+201+12
6;17;1300;075;972+12+359+359+0+0+0+0+359;7+97+83+12+136+24
6;17;1300;076;676+0+307+307+1+1+2+19+305;7+78+83+12+88+37
6;17;1300;077;787+0+307+307+3+4+7+6+300;8+90+68+11+86+37
6;17;1300;078;711+0+273+273+0+5+5+13+268;12+68+62+15+66+45
6;17;1300;079;726+0+192+192+2+0+2+14+190;5+59+46+9+59+12
6;17;1300;080;438+2+238+238+0+0+0+0+238;1+80+36+3+115+3
6;17;1300;081;512+3+250+250+0+0+0+0+250;3+80+29+6+128+4
6;17;1300;082;271+0+271+271+0+3+3+7+268;2+34+94+9+126+3
6;17;1300;083;639+0+260+260+0+3+3+7+257;7+41+81+14+103+11
6;17;1300;084;590+0+243+243+0+2+2+6+241;2+69+41+19+101+9
6;17;1300;085;985+4+393+393+0+2+2+17+391;1+103+75+34+166+12
6;17;1300;086;497+0+197+197+1+0+1+12+196;3+41+33+15+101+3
6;17;1300;087;432+4+244+244+0+0+0+16+244;5+62+43+13+119+2
6;17;1300;088;431+0+212+212+1+3+4+0+208;8+64+21+10+102+3
6;17;1300;089;882+0+413+413+0+0+0+5+413;3+123+107+32+122+26
6;17;1500;001;784+3+248+248+0+0+0+5+248;4+86+72+4+70+12
6;17;1500;002;577+2+160+160+2+0+2+6+158;1+50+49+12+39+7
6;17;1500;003;765+2+206+206+1+0+1+1+205;2+76+50+9+58+10
6;17;1500;004;103+7+67+67+0+0+0+3+67;0+10+16+5+34+2
6;17;1500;005;96+3+74+74+0+0+0+2+74;2+12+9+3+46+2
6;17;1500;006;242+4+176+176+0+0+0+4+176;2+56+47+34+32+5
6;17;1500;007;50+5+40+40+0+0+0+0+40;0+20+4+2+13+1
6;17;1500;008;158+7+128+128+1+0+1+1+127;6+76+16+2+26+1
6;17;1500;009;229+4+93+93+2+0+2+3+91;2+29+21+4+32+3
6;17;1500;010;113+3+59+59+0+1+1+2+58;1+9+8+5+32+3
6;17;1500;011;80+6+33+33+0+0+0+3+33;0+6+12+7+4+4
6;17;1700;001;878+0+400+400+1+3+4+0+396;7+181+49+18+132+9
6;17;1700;002;982+0+463+463+1+1+2+19+461;2+184+76+16+177+6
6;17;1700;003;1054+0+410+410+1+0+1+28+409;1+190+55+17+137+9
6;17;1700;004;829+2+324+324+1+2+3+9+321;3+140+31+15+131+1
6;17;1700;005;594+0+392+392+1+1+2+22+390;1+127+45+10+203+4
6;17;1700;006;289+0+289+289+0+0+0+16+289;4+141+40+4+96+4
6;17;1700;007;755+0+370+370+0+1+1+16+369;9+107+43+15+191+4
6;17;1700;008;767+0+395+395+0+0+0+0+395;2+216+77+13+83+4
6;17;1700;009;876+2+392+392+1+1+2+3+390;2+158+104+9+110+7
6;17;1700;010;755+0+363+363+0+2+2+0+361;4+193+69+11+77+7
6;17;1700;011;809+0+337+337+1+3+4+13+333;8+99+57+19+139+11
6;17;1700;012;633+0+288+288+1+0+1+12+287;4+110+54+9+108+2
6;17;1700;013;845+0+441+441+1+0+1+22+440;6+128+58+17+221+10
6;17;1700;014;712+0+313+313+0+0+0+16+313;3+139+45+11+109+6
6;17;1700;015;1016+0+381+381+0+0+0+22+381;5+206+59+31+75+5
6;17;1700;016;844+1+369+369+1+1+2+22+367;0+142+112+8+99+6
6;17;1700;017;712+0+263+263+0+2+2+14+261;3+121+50+9+73+5
6;17;1700;018;979+0+421+421+1+1+2+18+419;6+140+56+24+188+5
6;17;1700;019;885+0+463+463+1+2+3+28+460;5+215+69+14+147+10
6;17;1700;020;310+2+180+180+1+0+1+5+179;2+52+27+4+90+4
6;17;1700;021;483+1+247+247+0+0+0+0+247;1+68+47+10+120+1
6;17;1700;022;511+6+268+268+0+0+0+0+268;2+50+23+15+172+6
6;17;1700;023;756+0+337+337+1+2+3+16+334;2+169+53+15+92+3
6;17;1700;024;906+0+401+401+2+0+2+0+399;2+160+41+17+174+5
6;17;1700;025;616+1+307+307+0+3+3+0+304;2+122+45+10+115+10
6;17;1700;026;858+3+388+388+2+1+3+14+385;3+150+61+14+151+6
6;17;1700;027;854+0+328+328+4+1+5+26+323;8+79+42+13+170+11
6;17;1700;028;672+0+333+333+0+1+1+13+332;0+146+40+18+120+8
6;17;1700;029;833+0+310+310+0+6+6+15+304;6+80+34+7+175+2
6;17;1700;030;968+2+431+431+0+0+0+0+431;3+159+74+19+174+2
6;17;1700;031;611+2+297+297+1+1+2+18+295;3+116+56+8+106+6
6;17;1700;032;638+3+354+354+0+2+2+18+352;3+142+48+8+149+2
6;17;1700;033;637+0+310+310+0+1+1+20+309;1+81+36+28+158+5
6;17;2300;001;718+0+321+321+3+0+3+15+318;3+83+70+18+141+3
6;17;2300;002;553+0+323+323+0+0+0+0+323;6+98+67+15+130+7
6;17;2300;003;709+1+332+332+1+0+1+16+331;2+103+83+11+125+7
6;17;2300;004;818+0+402+402+0+0+0+0+402;1+126+106+10+154+5
6;17;2300;005;901+1+488+488+2+0+2+19+486;11+142+104+15+206+8
6;17;2300;006;923+1+334+334+0+0+0+16+334;14+76+43+15+173+13
6;17;2300;007;797+0+384+384+1+0+1+0+383;3+133+76+4+151+16
6;17;2300;008;877+2+419+419+1+2+3+34+416;5+114+97+27+163+10
6;17;2300;009;654+0+329+329+0+0+0+18+329;4+118+82+15+105+5
6;17;2300;010;557+1+263+263+0+0+0+15+263;1+96+51+1+111+3
6;17;2300;011;779+0+348+348+0+0+0+15+348;3+117+70+11+138+9
6;17;2300;012;750+1+362+362+0+0+0+16+362;3+99+64+17+174+5
6;17;2300;013;669+2+339+339+2+0+2+0+337;2+115+59+13+146+2
6;17;2300;014;782+2+217+217+0+0+0+0+217;7+74+6+12+112+6
6;17;2300;015;543+1+186+186+0+0+0+0+186;10+56+34+9+73+4
6;17;2300;016;875+0+398+398+0+0+0+14+398;4+148+64+16+155+11
6;17;2300;017;853+2+315+315+1+1+2+12+313;5+96+28+9+172+3
6;17;2300;018;954+0+392+392+0+0+0+0+392;4+130+46+25+184+3
6;17;2300;019;822+5+333+333+0+0+0+5+333;11+120+50+13+134+5
6;17;2300;020;750+0+377+377+2+0+2+0+375;2+126+72+11+159+5
6;17;2300;021;753+1+375+375+0+1+1+25+374;1+110+106+10+144+3
6;17;2300;022;823+9+426+426+0+3+3+23+423;4+134+68+17+182+18
6;17;2300;023;135+2+92+92+0+0+0+4+92;0+20+7+4+60+1
6;17;2300;024;534+4+173+173+0+1+1+0+172;3+51+38+5+73+2
6;17;2300;025;593+0+258+258+0+0+0+0+258;3+72+40+6+131+6
6;17;2300;026;817+8+431+431+0+0+0+29+431;6+117+72+15+219+2
6;17;2300;027;355+4+196+196+2+0+2+0+194;6+68+25+6+85+4
6;17;2300;028;675+2+300+300+0+4+4+0+296;8+106+42+3+124+13
6;17;2300;029;522+0+194+194+0+1+1+0+193;9+132+11+3+27+11
6;17;2300;030;546+4+396+396+0+1+1+30+395;7+82+25+14+264+3
6;17;2300;031;407+7+198+198+0+2+2+1+196;5+109+15+5+54+8
6;17;2300;032;684+0+390+390+0+1+1+0+389;2+113+52+8+207+7
6;17;2300;033;748+0+423+423+1+0+1+0+422;3+106+62+25+221+5
6;17;2300;034;831+0+376+376+0+1+1+0+375;12+87+74+20+177+5
6;17;2300;035;667+2+358+358+0+0+0+0+358;9+109+31+17+184+8
6;17;2300;036;760+0+505+505+0+1+1+0+504;5+165+49+15+267+3
6;17;2300;037;114+3+78+78+2+0+2+0+76;2+14+6+3+51+0
6;17;2300;038;681+1+407+407+2+0+2+16+405;5+153+37+9+200+1
6;17;2300;039;924+2+326+326+1+4+5+20+321;0+61+60+10+176+14
6;17;2500;001;832+0+230+230+0+3+3+0+227;5+114+21+10+65+12
6;17;2500;002;820+0+242+242+1+0+1+0+241;5+110+27+14+80+5
6;17;2500;003;664+0+133+133+1+0+1+0+132;5+58+15+4+46+4
6;17;2500;004;506+0+125+125+0+0+0+0+125;2+47+17+15+40+4
6;17;2500;005;860+0+177+177+0+0+0+0+177;6+76+23+15+54+3
6;17;2500;006;789+0+216+216+0+0+0+0+216;3+89+24+8+90+2
6;17;2500;007;862+1+277+277+0+1+1+0+276;3+120+41+18+89+5
6;17;2500;008;478+0+201+201+0+0+0+0+201;4+95+30+11+57+4
6;17;2500;009;643+0+198+198+0+0+0+5+198;3+83+25+11+74+2
6;17;2500;010;822+1+249+249+0+0+0+15+249;5+108+24+22+84+6
6;17;2500;011;700+0+198+198+1+0+1+0+197;5+78+12+14+81+7
6;17;2500;012;827+0+234+234+0+0+0+0+234;2+137+19+8+65+3
6;17;2500;013;839+1+217+217+0+0+0+0+217;6+96+29+12+72+2
6;17;2500;014;917+0+347+347+0+1+1+0+346;3+136+16+34+152+5
6;17;2500;016;761+1+321+321+2+1+3+3+318;4+115+22+7+168+2
6;17;2500;017;487+0+221+221+0+0+0+0+221;3+47+31+3+134+3
6;17;2500;018;682+5+365+365+0+7+7+0+358;8+186+25+8+124+7
6;17;2500;019;727+2+281+281+0+1+1+0+280;7+92+28+9+140+4
6;17;2500;020;654+5+421+421+0+1+1+10+420;3+82+35+10+288+2
6;17;2500;021;804+0+432+432+0+0+0+16+432;7+115+60+7+237+6
6;17;2500;022;387+0+173+173+0+0+0+9+173;0+58+22+12+80+1
6;17;2500;023;807+0+258+258+0+0+0+11+258;5+99+51+18+79+6
6;17;2500;024;820+0+327+327+1+0+1+20+326;1+61+72+19+162+11
6;17;2500;025;768+0+272+272+1+0+1+14+271;4+102+57+8+94+6
6;17;2500;026;676+0+292+292+0+5+5+20+287;4+151+33+10+86+3
6;17;2500;027;846+0+409+409+2+3+5+18+404;2+157+23+23+192+7
6;17;2500;028;710+0+394+394+1+1+2+11+392;0+19+16+53+301+3
6;17;2500;029;333+0+224+224+0+0+0+10+224;10+98+18+6+91+1
6;17;2500;030;463+0+137+137+0+0+0+0+137;1+63+14+6+50+3
6;17;2500;031;863+0+212+212+0+0+0+0+212;5+100+26+7+69+5
6;17;2500;032;775+0+238+238+0+0+0+0+238;3+106+21+17+88+3
6;17;2500;033;752+0+225+225+1+0+1+0+224;4+115+19+15+65+6
6;17;2600;001;802+1+355+355+0+0+0+5+355;2+163+67+12+103+8
6;17;2600;002;535+0+222+222+0+0+0+0+222;1+117+38+1+61+4
6;17;2600;003;120+8+92+92+0+0+0+0+92;1+69+7+2+13+0
6;17;2600;004;1288+0+446+446+0+0+0+0+446;4+215+59+5+126+37
6;17;2600;005;929+0+418+418+3+0+3+0+415;2+166+79+6+156+6
6;17;2600;006;630+0+278+278+0+0+0+0+278;4+125+40+18+87+4
6;17;2600;007;641+0+256+256+0+0+0+0+256;3+111+39+10+89+4
6;17;2600;008;708+0+344+344+0+1+1+0+343;5+189+44+4+100+1
6;17;2600;009;586+0+285+285+0+0+0+0+285;3+164+40+7+65+6
6;17;2600;010;591+0+196+196+1+0+1+0+195;3+73+24+7+74+14
6;17;2600;011;770+1+466+466+0+0+0+0+466;3+265+57+6+131+4
6;17;2600;012;796+0+450+450+0+0+0+0+450;1+221+82+6+138+2
6;17;2600;015;1095+2+520+520+0+0+0+22+520;3+216+121+15+160+5
6;17;2600;016;89+6+70+70+0+0+0+0+70;0+19+15+2+32+2
6;17;2600;017;931+0+421+421+0+0+0+0+421;3+219+53+15+128+3
6;17;2600;018;742+45+296+296+0+0+0+0+296;1+134+48+12+98+3
6;17;2600;019;812+0+336+336+1+0+1+0+335;1+157+61+5+106+5
6;17;2600;020;783+0+370+370+0+0+0+0+370;2+146+80+14+123+5
6;17;2600;021;806+0+244+244+1+0+1+0+243;4+138+32+8+55+6
6;17;2600;028;37+0+23+23+0+0+0+0+23;0+6+2+0+14+1
6;17;2600;029;988+0+418+418+0+0+0+17+418;1+196+79+13+113+16
6;17;2600;030;705+0+287+287+0+0+0+11+287;0+145+46+4+78+14
6;17;2600;031;263+0+157+157+0+0+0+20+157;0+63+13+6+75+0
6;17;2600;032;1024+0+401+401+0+0+0+0+401;1+227+63+14+87+9
6;17;2600;033;1101+0+331+331+0+7+7+16+324;11+169+61+12+59+12
6;17;2600;034;903+0+330+330+0+1+1+0+329;3+173+68+19+56+10
6;17;2600;036;61+3+39+39+0+0+0+0+39;0+18+3+0+17+1
6;17;2600;037;123+0+123+123+0+0+0+123+123;2+36+9+10+64+2
6;17;2600;038;562+0+186+186+2+1+3+0+183;12+66+16+3+82+4
6;17;2600;039;607+0+182+182+0+2+2+0+180;9+81+20+13+50+7
6;17;2600;040;709+2+288+288+0+0+0+0+288;7+89+33+9+141+9
6;17;2600;041;531+6+317+317+1+0+1+13+316;0+156+55+5+97+3
6;17;2600;043;487+0+248+248+4+0+4+0+244;4+80+33+7+115+5
6;17;2600;044;516+0+230+230+0+0+0+0+230;2+84+48+3+89+4
6;17;2600;045;474+1+188+188+2+0+2+0+186;0+70+35+14+62+5
6;17;2600;046;639+0+201+201+0+3+3+0+198;5+69+17+16+87+4
6;17;2600;047;586+0+244+244+1+0+1+0+243;3+110+29+3+90+8
6;17;2600;048;697+0+268+268+0+1+1+0+267;1+95+40+5+122+4
6;17;2600;049;584+0+268+268+0+0+0+0+268;0+114+36+6+111+1
6;17;2600;051;956+0+343+343+0+1+1+15+342;1+124+81+14+116+6
6;17;2600;052;784+40+328+328+0+0+0+0+328;4+163+54+14+87+6
6;17;2600;053;962+0+313+313+0+2+2+0+311;0+118+51+14+126+2
6;17;2800;001;1043+0+356+356+1+2+3+11+353;11+95+66+16+154+11
6;17;2800;002;940+0+352+352+0+2+2+16+350;4+113+57+8+161+7
6;17;2800;003;924+0+406+406+0+0+0+15+406;1+183+43+8+167+4
6;17;2800;004;1148+2+399+399+0+1+1+29+398;0+205+29+25+135+4
6;17;2800;005;815+3+400+400+1+0+1+25+399;3+143+75+6+171+1
6;17;2800;006;701+2+304+304+0+0+0+0+304;2+126+66+7+101+2
6;17;2800;007;633+0+256+256+1+0+1+24+255;5+79+35+6+126+4
6;17;2800;008;265+2+145+145+0+0+0+6+145;4+55+15+15+51+5
6;17;2800;009;429+2+245+245+1+0+1+6+244;2+47+27+3+164+1
6;17;2800;010;492+0+219+219+1+0+1+11+218;5+66+49+16+81+1
6;17;2800;011;692+3+313+313+0+2+2+0+311;3+36+51+13+202+6
6;17;2800;012;764+2+367+367+3+0+3+0+364;2+104+49+16+187+6
6;17;2800;013;646+0+254+254+2+0+2+0+252;5+23+23+15+180+6
6;17;2800;014;371+3+161+161+0+0+0+0+161;1+46+29+4+68+13
6;17;2800;015;456+3+248+248+0+0+0+11+248;2+73+51+12+104+6
6;17;2800;016;789+0+340+340+0+0+0+18+340;3+91+40+7+194+5
6;17;2800;017;704+0+263+263+0+1+1+15+262;2+82+51+10+115+2
6;17;2800;018;554+1+221+221+0+1+1+0+220;1+111+28+3+75+2
6;17;2800;019;804+2+303+303+0+0+0+9+303;3+125+42+14+111+8
6;17;3300;001;733+2+355+355+0+0+0+28+355;4+162+58+11+109+11
6;17;3300;002;662+0+317+317+1+1+2+11+315;1+122+55+8+125+4
6;17;3300;003;596+0+287+287+1+1+2+10+285;2+134+40+6+99+4
6;17;3300;004;497+0+290+290+0+0+0+0+290;3+117+44+6+118+2
6;17;3300;005;539+0+276+276+0+0+0+0+276;3+119+35+15+104+0
6;17;3300;006;689+0+345+345+3+0+3+0+342;2+183+50+7+97+3
6;17;3300;007;803+0+319+319+0+1+1+0+318;9+86+45+14+158+6
6;17;3300;008;522+1+280+280+0+1+1+0+279;5+125+57+5+81+6
6;17;3300;009;157+0+97+97+0+0+0+0+97;0+17+17+4+57+2
6;17;3300;010;434+6+241+241+0+0+0+0+241;4+95+26+18+93+5
6;17;3300;011;190+1+190+190+0+0+0+8+190;1+63+19+5+101+1
6;17;3300;012;390+1+248+248+0+0+0+0+248;4+106+12+9+114+3
6;17;3300;013;452+2+258+258+2+2+4+6+254;2+109+29+7+104+3
6;17;3300;014;450+2+273+273+0+0+0+0+273;2+56+17+13+185+0
6;17;3300;015;439+0+246+246+2+1+3+8+243;3+77+24+21+114+4
6;17;3300;016;438+0+198+198+1+0+1+12+197;1+94+24+6+70+2
6;17;3300;017;631+0+269+269+0+3+3+0+266;4+123+35+12+89+3
6;17;3300;018;385+2+222+222+0+0+0+15+222;2+42+18+10+145+5
6;17;3300;019;297+3+190+190+0+0+0+0+190;7+48+14+15+105+1
6;17;3300;020;372+0+212+212+0+0+0+0+212;2+77+9+2+118+4
6;17;3700;001;743+2+376+376+3+1+4+8+372;2+145+87+10+121+7
6;17;3700;002;1071+0+439+439+0+0+0+3+439;1+152+102+5+170+9
6;17;3700;003;1000+2+466+466+0+0+0+20+466;0+204+102+8+146+6
6;17;3700;004;379+0+379+379+0+1+1+19+378;5+168+68+3+130+4
6;17;3700;005;890+0+348+348+0+2+2+28+346;2+128+73+10+121+12
6;17;3700;006;563+1+228+228+0+1+1+9+227;9+94+56+5+59+4
6;17;3700;007;857+5+375+375+1+0+1+15+374;2+117+55+21+167+12
6;17;3700;008;578+3+198+198+0+2+2+12+196;5+117+34+3+35+2
6;17;3700;009;186+2+105+105+0+0+0+0+105;2+23+22+2+54+2
6;17;3700;010;376+1+209+209+0+1+1+7+208;1+44+29+26+108+0
6;17;3700;011;658+1+364+364+0+1+1+22+363;6+81+46+18+208+4
6;17;3700;012;349+3+260+260+0+0+0+18+260;2+62+31+15+143+7
6;17;3700;013;677+2+357+357+0+0+0+0+357;8+128+39+20+160+2
6;17;3700;014;407+0+233+233+0+0+0+0+233;2+60+31+11+127+2
6;17;3700;015;156+3+100+100+0+1+1+8+99;3+22+18+11+42+3
6;17;3700;016;762+1+420+420+0+3+3+15+417;3+88+43+11+268+4
6;17;3700;017;691+4+418+418+1+1+2+27+416;8+111+28+8+255+6
6;17;3700;018;975+0+427+427+0+0+0+24+427;2+178+80+7+153+7
6;17;3700;019;454+4+258+258+0+2+2+0+256;2+56+23+10+160+5
6;17;3700;020;428+2+225+225+1+2+3+11+222;2+41+33+19+122+5
6;17;3700;021;235+4+239+239+1+0+1+0+238;1+55+12+8+160+2
6;17;3700;022;415+4+247+247+4+0+4+11+243;8+32+37+12+149+5
6;17;3700;023;215+1+128+128+0+0+0+3+128;1+43+19+4+60+1
6;17;3700;024;79+23+83+83+0+0+0+2+83;0+27+12+0+39+5
6;17;3900;001;704+1+312+312+0+0+0+13+312;3+113+51+7+129+9
6;17;3900;002;821+0+346+346+2+0+2+41+344;3+88+63+7+173+10
6;17;3900;003;924+0+402+402+0+0+0+27+402;2+97+68+8+213+14
6;17;3900;004;613+0+266+266+0+0+0+15+266;4+220+14+1+26+1
6;17;3900;005;681+0+206+206+0+1+1+10+205;0+103+31+3+56+12
6;17;3900;006;706+0+319+319+0+0+0+31+319;4+116+54+11+131+3
6;17;3900;007;516+0+182+182+0+0+0+6+182;3+83+25+6+55+10
6;17;3900;008;580+0+223+223+0+0+0+0+223;0+97+30+4+90+2
6;17;3900;009;820+0+296+296+0+0+0+2+296;10+151+37+11+74+13
6;17;3900;010;545+0+224+224+1+0+1+20+223;11+120+24+12+52+4
6;17;4000;001;539+5+321+321+0+0+0+0+321;2+151+59+7+98+4
6;17;4000;002;786+0+433+433+1+1+2+0+431;3+183+47+10+185+3
6;17;4000;003;742+0+375+375+1+0+1+0+374;2+155+68+7+141+1
6;17;4000;004;665+0+409+409+0+0+0+0+409;1+219+46+6+130+7
6;17;4000;005;729+0+433+433+0+0+0+0+433;2+231+48+9+140+3
6;17;4000;006;906+0+310+310+0+0+0+0+310;4+203+16+12+72+3
6;17;4100;001;846+0+333+333+1+0+1+0+332;7+141+64+18+96+6
6;17;4100;002;990+3+413+413+1+4+5+0+408;11+106+50+32+186+23
6;17;4100;003;627+1+240+240+1+0+1+7+239;2+95+43+21+74+4
6;17;4100;004;841+0+343+343+0+0+0+6+343;1+144+77+10+101+10
6;17;4100;005;854+3+337+337+0+0+0+0+337;3+122+80+5+123+4
6;17;4100;006;858+1+383+383+2+0+2+0+381;0+150+105+12+103+11
6;17;4100;007;741+1+370+370+3+0+3+0+367;3+173+84+9+90+8
6;17;4100;008;880+0+403+403+0+0+0+0+403;5+169+97+8+120+4
6;17;4100;009;754+0+318+318+0+0+0+0+318;1+110+80+5+118+4
6;17;4100;010;530+0+218+218+0+0+0+0+218;4+79+48+5+74+8
6;17;4100;011;739+0+318+318+0+0+0+0+318;4+101+68+10+129+6
6;17;4100;012;674+0+316+316+3+0+3+0+313;5+123+50+13+110+12
6;17;4100;013;668+0+336+336+1+1+2+25+334;0+152+73+8+98+3
6;17;4100;014;828+1+306+306+2+0+2+0+304;0+126+60+6+108+4
6;17;4100;015;630+1+231+231+0+1+1+0+230;0+82+23+18+104+3
6;17;4100;016;982+0+374+374+0+0+0+0+374;4+143+73+19+128+7
6;17;4100;017;704+0+328+328+1+4+5+323+323;3+124+59+18+115+4
6;17;4100;018;802+0+275+275+1+3+4+0+271;3+95+37+4+129+3
6;17;4100;019;737+4+321+321+0+0+0+0+321;1+164+49+7+94+6
6;17;4100;020;786+0+292+292+0+1+1+0+291;2+131+41+12+103+2
6;17;4100;021;905+0+451+451+1+3+4+0+447;4+211+84+14+129+5
6;17;4100;022;967+0+426+426+1+0+1+18+425;6+91+56+31+238+3
6;17;4100;023;910+0+385+385+0+1+1+12+384;7+128+85+22+135+7
6;17;4200;001;946+2+369+369+1+0+1+0+368;3+209+50+4+101+1
6;17;4200;002;964+0+316+316+0+0+0+0+316;7+179+45+9+63+13
6;17;4200;003;1113+2+315+315+1+0+1+3+314;11+169+55+4+67+8
6;17;4200;004;886+0+307+307+0+4+4+21+303;7+163+42+9+74+8
6;17;4200;005;270+1+271+271+0+0+0+16+271;3+172+37+9+43+7
6;17;4200;006;530+0+204+204+0+1+1+8+203;4+108+34+3+53+1
6;17;4200;007;138+16+95+95+0+0+0+0+95;0+39+17+1+35+3
6;17;4200;008;121+2+97+97+0+0+0+0+97;1+34+21+4+34+3
6;17;4200;009;147+0+112+112+0+0+0+0+112;2+49+8+3+50+0
6;17;4200;010;74+1+55+55+0+0+0+0+55;3+30+6+4+9+3
6;17;4200;011;86+2+68+68+0+0+0+0+68;0+22+5+3+38+0
[END]

[AGGR]
17;6;   ;6+498+498+312977+806+139628+139628+241+299+540+3702+139088;1639+51803+24386+4853+52974+3433
[END]

