[INFO]
18;Разг░ад;201
[END]

[IZB]
18;6;   ;;11.11.2001;1;6;200
[END]

[NM]
1811;001;▒. Б░е▒▓овене;06481;00
1811;002;▒. Ве▒еле╢;10714;00
1811;003;г░. Заве▓;30065;00
1811;004;▒. Иван Ши╕маново;32192;00
1811;005;▒. О▒▓░ово;54417;00
1811;006;▒. П░елез;58147;00
1811;007;▒. С│╕ево;70384;00
1814;001;▒. Белин╢и;03472;00
1814;002;▒. Б║░доква;07452;00
1814;003;▒. Вазово;10015;00
1814;004;▒. Гол┐м По░ове╢;15953;00
1814;005;▒. Дел╖ево;20609;00
1814;006;▒. Д░агом║ж;24921;00
1814;007;▒. Д│╡ове╢;24150;00
1814;008;г░. И▒пе░и╡;32874;00
1814;009;▒. Йонково;34103;00
1814;010;▒. Ки▓ан╖ево;37010;00
1814;011;▒. Конево;38296;00
1814;012;▒. К║пинов╢и;40899;00
1814;013;▒. Л│дого░╢и;24116;00
1814;014;▒. Л║вино;44358;00
1814;015;▒. Мал║к По░ове╢;46913;00
1814;016;▒. Пе╖ени╢а;56232;00
1814;017;▒. Подайва;56945;00
1814;018;▒. Райнино;61875;00
1814;019;▒. Све╣а░и;65650;00
1814;020;▒. С░едо▒ел╢и;68552;00
1814;021;▒. С▓а░о ▒ели╣е;69047;00
1814;022;▒. Тодо░ово;72578;00
1814;023;▒. Яким Г░│ево;87285;00
1816;001;▒. Белове╢;03575;00
1816;002;▒. Би▒е░╢и;04131;00
1816;003;▒. Бож│░ово;05058;00
1816;004;▒. Го░и╖ево;16105;00
1816;005;▒. Зад░│га;30212;00
1816;006;▒. Зв║на░╢и;30541;00
1816;007;г░. К│б░а▓;40422;00
1816;008;▒. Медовене;47617;00
1816;009;▒. М║д░ево;49518;00
1816;010;▒. Савин;65022;00
1816;011;▒. Сева░;65886;00
1816;012;▒. Се▒лав;66295;00
1816;013;▒. Те░▓е░;72337;00
1816;015;▒. То╖ила░и;72895;00
1816;016;▒. Че░е╕ово;80652;00
1816;017;▒. Юпе░;86091;00
1817;002;▒. Бели Лом;24092;00
1817;004;▒. Ве▒елина;10759;00
1817;005;▒. Го░о╢ве▓;17066;00
1817;007;▒. Г░адина;17498;00
1817;008;▒. Камена░;35715;00
1817;010;▒. К░о┐╖;39949;00
1817;012;▒. Лов▒ко;44937;00
1817;014;г░. Лозни╢а;44166;00
1817;015;▒. Мана▒▓и░▒ко;47038;00
1817;018;▒. Мана▒▓и░╢и;47041;00
1817;021;▒. О▒▓░ов╖е;54420;00
1817;022;▒. Сейдол;65992;00
1817;023;▒. Син┐ вода;66593;00
1817;025;▒. С▓│дене╢;70069;00
1817;026;▒. Т░апи╣е;73002;00
1817;027;▒. Т░║ба╖;73262;00
1817;028;▒. Ч│доми░;81619;00
1826;001;▒. Балкан▒ки;02467;00
1826;002;▒. Благоево;04296;00
1826;003;▒. Ге╢ово;18589;00
1826;004;▒. Д░┐нове╢;23902;00
1826;005;▒. Д┐нково;24829;00
1826;006;▒. Ки╖ени╢а;37109;00
1826;007;▒. Липник;43760;00
1826;008;▒. Мо░▓агоново;49093;00
1826;009;▒. Недоклан;51353;00
1826;010;▒. О▒ене╢;54105;00
1826;011;▒. Поби▓ кам║к;56890;00
1826;012;▒. По░ои╣е;59416;00
1826;013;▒. Радинг░ад;61385;00
1826;014;г░. Разг░ад;61710;00
1826;015;▒. Раков▒ки;62089;00
1826;016;▒. С▓░аже╢;70860;00
1826;017;▒. У╕ин╢и;75246;00
1826;018;▒. Че░ковна;80724;00
1826;019;▒. Я▒енове╢;87624;00
1829;001;▒. Богдан╢и;04666;00
1829;002;▒. Богомил╢и;04741;00
1829;003;▒. Владими░ов╢и;11449;00
1829;004;▒. Гол┐ма вода;15669;00
1829;005;▒. Гол┐м изво░;15761;00
1829;006;▒. Жел┐зкове╢;29218;00
1829;007;▒. Зд░аве╢;30630;00
1829;008;▒. Ка░а Ми╡ал;36333;00
1829;009;▒. К░иви╢а;39815;00
1829;010;▒. Ножа░ово;52341;00
1829;011;▒. П╖елина;58877;00
1829;012;▒. Сам│ил;65276;00
1829;013;▒. Х│ма;77517;00
1829;014;▒. Х║░▒ово;77579;00
1836;001;▒. Езе░╖е;27156;00
1836;002;▒. Ко▒▓андене╢;38830;00
1836;003;▒. Сваленик;65509;00
1836;004;г░. Ца░ Кало┐н;77308;00
1836;005;▒. Це░ове╢;78433;00
[END]

[SEC]
18;1100;001;6;001
18;1100;002;6;001
18;1100;003;6;001
18;1100;004;6;001
18;1100;005;6;002
18;1100;006;6;002
18;1100;007;6;003
18;1100;008;6;003
18;1100;009;6;003
18;1100;010;6;003
18;1100;011;6;004
18;1100;012;6;005
18;1100;013;6;005
18;1100;014;6;005
18;1100;015;6;006
18;1100;016;6;006
18;1100;017;6;007
18;1400;001;6;001
18;1400;002;6;002
18;1400;003;6;003
18;1400;004;6;004
18;1400;005;6;007
18;1400;006;6;005
18;1400;007;6;008
18;1400;008;6;008
18;1400;009;6;008
18;1400;010;6;008
18;1400;011;6;008
18;1400;012;6;008
18;1400;013;6;008
18;1400;014;6;008
18;1400;015;6;008
18;1400;016;6;008
18;1400;017;6;008
18;1400;018;6;008
18;1400;019;6;008
18;1400;021;6;009
18;1400;022;6;009
18;1400;023;6;010
18;1400;024;6;010
18;1400;025;6;011
18;1400;026;6;012
18;1400;027;6;013
18;1400;028;6;014
18;1400;029;6;014
18;1400;030;6;006
18;1400;031;6;015
18;1400;032;6;017
18;1400;033;6;017
18;1400;034;6;016
18;1400;035;6;018
18;1400;036;6;019
18;1400;037;6;021
18;1400;038;6;020
18;1400;039;6;022
18;1400;040;6;023
18;1600;001;6;001
18;1600;002;6;001
18;1600;003;6;002
18;1600;004;6;002
18;1600;005;6;003
18;1600;006;6;004
18;1600;007;6;005
18;1600;008;6;006
18;1600;009;6;007
18;1600;010;6;007
18;1600;011;6;007
18;1600;012;6;007
18;1600;013;6;007
18;1600;014;6;007
18;1600;015;6;007
18;1600;016;6;007
18;1600;017;6;007
18;1600;018;6;007
18;1600;019;6;007
18;1600;020;6;008
18;1600;021;6;009
18;1600;022;6;009
18;1600;023;6;010
18;1600;024;6;011
18;1600;025;6;011
18;1600;026;6;012
18;1600;027;6;013
18;1600;028;6;015
18;1600;029;6;016
18;1600;030;6;017
18;1600;031;6;007
18;1700;001;6;002
18;1700;002;6;004
18;1700;003;6;005
18;1700;004;6;007
18;1700;005;6;008
18;1700;006;6;010
18;1700;007;6;014
18;1700;008;6;014
18;1700;009;6;014
18;1700;010;6;012
18;1700;011;6;018
18;1700;012;6;015
18;1700;013;6;021
18;1700;014;6;022
18;1700;015;6;023
18;1700;016;6;025
18;1700;017;6;026
18;1700;018;6;027
18;1700;019;6;028
18;2600;001;6;001
18;2600;002;6;002
18;2600;003;6;003
18;2600;004;6;003
18;2600;005;6;004
18;2600;006;6;005
18;2600;007;6;005
18;2600;008;6;005
18;2600;009;6;006
18;2600;010;6;007
18;2600;011;6;008
18;2600;012;6;009
18;2600;013;6;010
18;2600;014;6;011
18;2600;015;6;012
18;2600;016;6;013
18;2600;017;6;015
18;2600;018;6;015
18;2600;019;6;015
18;2600;020;6;016
18;2600;021;6;016
18;2600;022;6;017
18;2600;023;6;018
18;2600;024;6;019
18;2600;025;6;019
18;2600;026;6;019
18;2600;027;6;014
18;2600;028;6;014
18;2600;029;6;014
18;2600;030;6;014
18;2600;031;6;014
18;2600;032;6;014
18;2600;033;6;014
18;2600;034;6;014
18;2600;035;6;014
18;2600;036;6;014
18;2600;037;6;014
18;2600;038;6;014
18;2600;039;6;014
18;2600;040;6;014
18;2600;041;6;014
18;2600;042;6;014
18;2600;043;6;014
18;2600;044;6;014
18;2600;045;6;014
18;2600;046;6;014
18;2600;047;6;014
18;2600;048;6;014
18;2600;049;6;014
18;2600;050;6;014
18;2600;051;6;014
18;2600;052;6;014
18;2600;053;6;014
18;2600;054;6;014
18;2600;055;6;014
18;2600;056;6;014
18;2600;057;6;014
18;2600;058;6;014
18;2600;059;6;014
18;2600;060;6;014
18;2600;061;6;014
18;2600;062;6;014
18;2600;063;6;014
18;2600;064;6;014
18;2600;065;6;014
18;2600;066;6;014
18;2900;001;6;001
18;2900;002;6;002
18;2900;003;6;003
18;2900;004;6;003
18;2900;005;6;004
18;2900;006;6;005
18;2900;007;6;006
18;2900;008;6;007
18;2900;009;6;009
18;2900;010;6;010
18;2900;011;6;011
18;2900;012;6;008
18;2900;013;6;013
18;2900;014;6;014
18;2900;015;6;014
18;2900;016;6;012
18;2900;017;6;012
18;3600;001;6;001
18;3600;002;6;001
18;3600;003;6;001
18;3600;004;6;002
18;3600;005;6;003
18;3600;006;6;004
18;3600;007;6;004
18;3600;008;6;004
18;3600;009;6;004
18;3600;010;6;004
18;3600;011;6;005
[END]

[MAJ]
18;6;   ;01;;;Пе▓║░ Ки░илов Бе░он и С▓о┐н В║л╖ев Анд░еев;, ;ПКБ+СВА;749;0;1
18;6;   ;02;;;Пе▓║░ С▓е┤анов С▓о┐нов и Нели Пе▓░ова К│╢кова;, ;ПСС+НПК;12283;2;2
18;6;   ;03;;;Богомил Ангелов Бонев и А▓ана▒ Иванов Желез╖ев;, ;БАБ+АИЖ;8931;0;3
18;6;   ;04;;;Жо░ж Ган╖ев Ган╖ев и Ве▒елин С▓о┐нов Бон╖ев;, ;ЖГГ+ВСБ;1546;0;4
18;6;   ;05;;;Гео░ги Седе┤╖ов П║░ванов и Ангел Иванов Ма░ин;, ;ГСП+АИМ;13976;2;5
18;6;   ;06;;;Рене▓а Иванова Инджова и К░║▒▓╛ Николов Илов;, ;РИИ+КНИ;10883;0;6
[END]

[PROP]
[END]

[LISTI]
[END]

[PROT]
6;18;1100;001;280+4+284+284+6+3+3+1+281;4+81+51+10+42+93
6;18;1100;002;721+1+211+211+0+1+1+0+210;2+81+32+5+14+76
6;18;1100;003;648+0+196+196+0+1+1+6+195;1+67+23+7+26+71
6;18;1100;004;431+2+106+106+0+0+0+3+106;1+27+29+11+34+4
6;18;1100;005;448+3+137+137+0+0+0+0+137;5+69+7+4+13+39
6;18;1100;006;481+5+205+205+0+4+4+5+201;10+74+21+7+56+33
6;18;1100;007;799+0+330+330+1+1+2+13+328;0+62+131+13+106+16
6;18;1100;008;698+1+174+174+1+2+3+4+171;2+43+35+3+57+31
6;18;1100;009;697+0+211+211+1+1+2+11+209;6+71+45+8+32+47
6;18;1100;010;695+0+263+263+0+3+3+0+260;7+49+76+14+72+42
6;18;1100;011;371+1+144+144+2+0+2+2+142;4+29+11+7+20+71
6;18;1100;012;645+2+250+250+0+0+0+0+250;8+61+43+6+24+108
6;18;1100;013;569+1+224+224+0+3+3+8+221;1+54+38+1+29+98
6;18;1100;014;624+3+264+264+2+2+4+0+260;5+120+25+4+5+101
6;18;1100;015;455+2+235+235+2+2+4+10+231;7+103+29+9+23+60
6;18;1100;016;344+2+158+158+0+0+0+5+158;2+62+10+5+14+65
6;18;1100;017;607+4+235+235+2+2+4+0+231;13+75+22+11+24+86
6;18;1400;001;469+7+277+277+1+2+3+0+274;4+51+4+3+10+202
6;18;1400;002;273+2+142+142+1+3+4+5+138;9+43+14+5+7+60
6;18;1400;003;893+3+315+315+1+1+2+13+313;5+102+39+7+19+141
6;18;1400;004;565+3+286+286+1+0+1+0+285;3+79+29+18+46+110
6;18;1400;005;584+0+309+309+0+6+6+0+303;8+47+8+2+19+219
6;18;1400;006;432+3+238+238+0+2+2+0+236;3+108+9+6+6+104
6;18;1400;007;985+0+409+409+2+3+5+25+404;5+67+75+23+139+95
6;18;1400;008;671+1+246+246+2+0+2+20+244;0+31+62+19+88+44
6;18;1400;009;845+1+261+261+4+0+4+16+257;2+36+93+3+95+28
6;18;1400;010;754+0+229+229+1+0+1+14+228;1+36+71+8+87+25
6;18;1400;011;391+2+144+144+1+0+1+7+143;3+27+41+9+43+20
6;18;1400;012;730+0+307+307+0+0+0+25+307;0+39+81+8+155+24
6;18;1400;013;819+3+357+357+2+0+2+20+355;6+67+68+17+152+45
6;18;1400;014;702+1+301+301+0+1+1+24+300;1+34+97+5+137+26
6;18;1400;015;701+0+325+325+0+1+1+0+324;5+47+71+6+174+21
6;18;1400;016;595+1+277+277+0+0+0+22+277;2+35+72+8+152+8
6;18;1400;017;505+2+258+258+0+0+0+24+258;3+23+67+10+99+56
6;18;1400;018;692+1+238+238+2+2+4+18+234;1+33+42+9+82+67
6;18;1400;019;737+0+229+229+1+1+2+0+227;3+63+49+3+88+21
6;18;1400;021;845+5+245+245+7+0+7+0+238;4+44+27+7+49+107
6;18;1400;022;449+0+208+208+2+3+5+0+203;5+58+28+8+6+98
6;18;1400;023;600+3+206+206+1+2+3+10+203;4+65+15+11+14+94
6;18;1400;024;670+1+172+172+0+0+0+7+172;0+66+13+4+12+77
6;18;1400;025;130+5+81+81+0+0+0+7+81;3+5+8+0+61+4
6;18;1400;026;188+0+118+118+0+0+0+0+118;0+15+8+1+1+93
6;18;1400;027;793+0+351+351+7+7+14+0+337;8+76+22+7+20+204
6;18;1400;028;486+1+204+204+0+1+1+0+203;14+23+35+9+24+98
6;18;1400;029;631+0+250+250+0+0+0+0+250;11+64+17+14+34+110
6;18;1400;030;289+1+143+143+1+0+1+3+142;2+28+4+2+16+90
6;18;1400;031;283+3+142+142+0+0+0+0+142;1+32+27+6+52+24
6;18;1400;032;733+1+199+199+0+2+2+0+197;8+75+21+4+15+74
6;18;1400;033;737+1+246+246+0+1+1+0+245;9+80+19+3+25+109
6;18;1400;034;285+4+177+177+0+0+0+0+177;2+42+3+3+13+114
6;18;1400;035;547+1+266+266+0+5+5+40+261;3+56+27+25+132+18
6;18;1400;036;613+2+295+295+0+0+0+4+295;1+38+19+13+63+161
6;18;1400;037;382+1+226+226+3+1+4+6+222;2+35+6+4+18+157
6;18;1400;038;310+3+158+158+0+0+0+0+158;1+20+7+1+7+122
6;18;1400;039;735+3+340+340+0+0+0+12+340;4+53+14+5+14+250
6;18;1400;040;265+4+146+146+0+1+1+4+145;0+30+5+4+16+90
6;18;1600;001;874+2+167+167+0+2+2+12+165;2+48+20+8+38+49
6;18;1600;002;844+1+301+301+0+1+1+9+300;8+55+38+9+130+60
6;18;1600;003;771+0+392+392+1+2+3+32+389;12+131+73+11+63+99
6;18;1600;004;571+0+223+223+4+4+8+0+215;2+47+33+4+11+118
6;18;1600;005;435+3+177+177+1+2+3+0+174;7+45+20+12+34+56
6;18;1600;006;320+5+165+165+1+0+1+11+164;5+30+8+1+9+111
6;18;1600;007;462+2+156+156+0+1+1+8+155;2+23+4+3+9+114
6;18;1600;008;584+4+253+253+1+3+4+10+249;5+48+18+7+45+126
6;18;1600;009;687+0+211+211+0+0+0+10+211;2+43+58+10+81+17
6;18;1600;010;733+0+276+276+0+2+2+0+274;1+53+82+2+101+35
6;18;1600;011;746+0+272+272+0+0+0+11+272;0+61+84+6+75+46
6;18;1600;012;788+0+250+250+1+1+2+16+248;4+100+33+10+70+31
6;18;1600;013;663+1+232+232+0+0+0+12+232;0+48+56+18+106+4
6;18;1600;014;757+0+321+321+0+1+1+10+320;1+53+86+10+154+16
6;18;1600;015;631+0+266+266+2+0+2+16+264;2+48+62+16+128+8
6;18;1600;016;659+2+264+264+0+0+0+23+264;1+46+63+12+137+5
6;18;1600;017;633+0+273+273+1+0+1+16+272;1+66+67+7+124+7
6;18;1600;018;809+2+343+343+0+0+0+22+343;0+78+87+11+147+20
6;18;1600;019;856+4+269+269+5+4+9+19+260;21+108+42+9+26+54
6;18;1600;020;330+4+155+155+1+0+1+7+154;1+26+17+3+34+73
6;18;1600;021;509+0+189+189+0+4+4+8+185;6+86+16+1+12+64
6;18;1600;022;509+0+194+194+0+2+2+0+192;0+113+6+0+4+69
6;18;1600;023;532+3+250+250+0+1+1+0+249;5+23+10+26+106+79
6;18;1600;024;778+0+276+276+1+2+3+8+273;14+133+19+4+11+92
6;18;1600;025;839+0+267+267+0+3+3+15+264;10+87+71+3+24+69
6;18;1600;026;708+0+228+228+0+1+1+12+227;11+81+71+9+33+22
6;18;1600;027;285+4+125+125+0+2+2+0+123;3+13+20+12+72+3
6;18;1600;028;271+0+101+101+0+0+0+2+101;2+14+14+3+3+65
6;18;1600;029;121+1+70+70+0+0+0+0+70;1+19+24+4+20+2
6;18;1600;030;637+1+329+329+1+4+5+24+324;3+56+70+28+157+10
6;18;1600;031;34+0+9+9+0+0+0+0+9;0+5+2+1+1+0
6;18;1700;001;739+2+300+300+3+2+5+7+295;11+90+23+9+18+144
6;18;1700;002;828+3+245+245+1+0+1+6+244;5+78+7+1+6+147
6;18;1700;003;350+3+151+151+1+0+1+7+150;2+46+14+2+61+25
6;18;1700;004;341+3+215+215+1+0+1+1+214;5+34+13+12+7+143
6;18;1700;005;377+3+140+140+3+1+4+6+136;4+53+15+3+29+32
6;18;1700;006;157+3+102+102+4+1+5+1+97;1+10+8+3+45+30
6;18;1700;007;812+4+326+326+2+4+6+4+320;8+49+90+3+137+33
6;18;1700;008;553+0+215+215+2+0+2+9+213;3+32+62+2+105+9
6;18;1700;009;741+1+353+353+0+0+0+6+353;2+48+88+11+176+28
6;18;1700;010;597+1+211+211+0+1+1+11+210;3+76+37+4+25+65
6;18;1700;011;239+2+94+94+0+0+0+0+94;2+32+13+4+28+15
6;18;1700;012;167+4+105+105+3+0+3+2+102;2+34+10+4+3+49
6;18;1700;013;107+7+63+63+0+0+0+0+63;2+11+16+6+27+1
6;18;1700;014;416+4+214+214+2+0+2+0+212;2+126+29+6+33+16
6;18;1700;015;808+0+281+281+0+0+0+4+281;10+108+45+2+42+74
6;18;1700;016;272+4+139+139+0+0+0+1+139;3+66+5+3+18+44
6;18;1700;017;539+1+216+216+1+3+4+6+212;7+75+20+2+82+26
6;18;1700;018;136+2+72+72+0+0+0+0+72;1+34+3+3+10+21
6;18;1700;019;290+3+167+167+0+0+0+3+167;2+100+5+1+38+21
6;18;2600;001;247+5+133+133+1+0+1+0+132;2+19+20+7+83+1
6;18;2600;002;469+8+265+265+1+1+2+17+263;3+52+30+11+165+2
6;18;2600;003;879+4+403+403+0+0+0+0+403;2+70+74+17+233+7
6;18;2600;004;850+1+428+428+0+0+0+16+428;0+68+99+11+244+6
6;18;2600;005;718+2+340+340+0+0+0+13+340;1+71+56+17+193+2
6;18;2600;006;759+2+242+242+0+0+0+8+242;13+118+32+5+29+45
6;18;2600;007;864+3+262+262+3+0+3+0+259;10+71+19+4+25+130
6;18;2600;008;795+3+280+280+3+0+3+0+277;14+125+20+10+14+94
6;18;2600;009;682+2+235+235+5+2+7+6+228;6+87+54+9+48+24
6;18;2600;010;546+3+174+174+2+0+2+11+172;5+46+13+8+23+77
6;18;2600;011;1009+2+259+259+0+3+3+8+256;9+54+36+6+49+102
6;18;2600;012;177+6+91+91+0+1+1+2+90;6+20+7+6+5+46
6;18;2600;013;846+5+340+340+2+1+3+35+337;2+60+81+15+165+14
6;18;2600;014;286+11+161+161+0+0+0+0+161;1+36+39+10+69+6
6;18;2600;015;398+4+216+216+0+0+0+11+216;3+31+39+16+123+4
6;18;2600;016;230+1+97+97+0+0+0+0+97;3+36+13+1+10+34
6;18;2600;017;737+3+204+204+1+1+2+8+202;0+37+19+2+62+82
6;18;2600;018;812+0+262+262+0+3+3+9+259;6+94+46+8+50+55
6;18;2600;019;480+1+137+137+1+1+2+5+135;0+39+13+5+31+47
6;18;2600;020;748+1+225+225+0+0+0+12+225;1+49+46+14+49+66
6;18;2600;021;767+3+281+281+3+2+5+9+276;4+74+64+23+80+31
6;18;2600;022;189+8+116+116+0+0+0+1+116;0+23+28+6+56+3
6;18;2600;023;103+8+62+62+0+0+0+0+62;2+16+14+0+28+2
6;18;2600;024;557+2+174+174+0+0+0+0+174;2+139+9+0+14+10
6;18;2600;025;623+4+152+152+0+1+1+9+151;9+39+28+3+19+53
6;18;2600;026;654+2+240+240+1+2+3+0+237;4+140+12+11+13+57
6;18;2600;027;945+1+413+413+2+0+2+8+411;3+66+138+12+172+20
6;18;2600;028;941+2+342+342+0+1+1+5+341;1+63+112+11+144+10
6;18;2600;029;965+2+382+382+0+0+0+25+382;1+97+87+12+128+57
6;18;2600;030;976+1+445+445+1+0+1+17+444;1+72+124+10+210+27
6;18;2600;031;962+0+454+454+3+0+3+42+451;3+96+110+15+213+14
6;18;2600;032;963+0+428+428+0+1+1+28+427;3+97+108+8+202+9
6;18;2600;033;980+0+464+464+0+0+0+26+464;0+114+130+6+198+16
6;18;2600;034;962+0+429+429+1+0+1+26+428;1+108+96+12+194+17
6;18;2600;035;854+2+390+390+2+0+2+8+388;1+118+109+8+143+9
6;18;2600;036;1040+0+441+441+0+0+0+22+441;3+114+142+8+158+16
6;18;2600;037;982+0+408+408+0+0+0+37+408;0+106+120+22+150+10
6;18;2600;038;886+0+354+354+2+1+3+25+351;1+90+114+12+118+16
6;18;2600;039;901+0+323+323+2+0+2+19+321;3+97+86+10+121+4
6;18;2600;040;959+1+495+495+1+2+3+26+492;2+128+111+14+222+15
6;18;2600;041;898+3+418+418+0+0+0+16+418;3+87+93+7+204+24
6;18;2600;042;985+0+431+431+2+0+2+14+429;2+104+93+11+206+13
6;18;2600;043;938+0+480+480+2+0+2+31+478;3+126+122+4+207+16
6;18;2600;044;921+1+336+336+1+0+1+15+335;7+51+111+11+147+8
6;18;2600;045;922+0+303+303+1+1+2+0+301;2+63+100+9+106+21
6;18;2600;046;935+1+406+406+0+1+1+23+405;1+89+126+5+167+17
6;18;2600;047;936+0+276+276+0+2+2+15+274;4+38+80+9+132+11
6;18;2600;048;959+0+403+403+0+0+0+28+403;3+51+112+12+215+10
6;18;2600;049;982+0+385+385+1+0+1+18+384;2+86+116+4+160+16
6;18;2600;050;956+0+189+189+0+1+1+10+188;6+60+33+9+63+17
6;18;2600;051;930+0+244+244+0+0+0+9+244;3+79+50+11+76+25
6;18;2600;052;948+5+365+365+2+3+5+17+360;3+69+94+9+153+32
6;18;2600;053;960+0+249+249+0+0+0+11+249;0+70+80+6+69+24
6;18;2600;054;749+0+182+182+0+0+0+0+182;3+32+67+4+61+15
6;18;2600;055;820+0+232+232+0+0+0+0+232;0+70+68+6+64+24
6;18;2600;056;850+1+221+221+1+1+2+9+219;0+50+78+6+71+14
6;18;2600;057;819+1+250+250+1+1+2+9+248;0+54+104+12+57+21
6;18;2600;058;942+0+238+238+1+0+1+15+237;2+52+70+17+77+19
6;18;2600;059;817+0+238+238+0+0+0+9+238;1+53+96+7+74+7
6;18;2600;060;846+2+265+265+0+0+0+5+265;1+54+95+12+84+19
6;18;2600;061;931+1+290+290+3+1+4+18+286;2+70+100+13+79+22
6;18;2600;062;927+1+259+259+1+1+2+15+257;1+59+91+12+74+20
6;18;2600;063;920+0+286+286+0+1+1+0+285;3+73+95+18+84+12
6;18;2600;064;90+0+31+31+0+0+0+0+31;0+6+13+5+1+6
6;18;2600;065;54+0+53+53+1+1+2+0+51;6+12+4+10+18+1
6;18;2600;066;100+0+62+62+1+0+1+2+61;2+15+12+7+15+10
6;18;2900;001;531+4+286+286+1+2+3+0+283;14+78+38+7+45+101
6;18;2900;002;315+0+154+154+1+0+1+2+153;8+55+7+3+0+80
6;18;2900;003;703+0+321+321+5+8+13+0+308;7+145+23+9+27+97
6;18;2900;004;366+1+145+145+1+1+2+0+143;1+51+7+4+30+50
6;18;2900;005;345+0+212+212+2+0+2+0+210;2+59+4+2+10+133
6;18;2900;006;256+2+144+144+0+1+1+4+143;1+49+20+10+57+6
6;18;2900;007;667+1+257+257+1+0+1+5+256;7+89+26+8+16+110
6;18;2900;008;390+1+216+216+0+0+0+0+216;2+35+20+3+32+124
6;18;2900;009;306+0+148+148+0+0+0+21+148;4+17+2+2+6+117
6;18;2900;010;546+0+330+330+0+0+0+0+330;7+88+11+9+26+189
6;18;2900;011;330+0+189+189+2+0+2+0+187;2+62+4+4+7+108
6;18;2900;012;100+1+62+62+0+0+0+6+62;2+4+4+2+41+9
6;18;2900;013;266+1+111+111+0+0+0+0+111;1+23+2+0+6+79
6;18;2900;014;89+0+53+53+0+0+0+5+53;7+16+5+2+18+5
6;18;2900;015;410+5+217+217+2+1+3+6+214;10+54+21+13+100+16
6;18;2900;016;833+2+309+309+0+0+0+18+309;7+130+16+5+44+107
6;18;2900;017;656+1+268+268+0+0+0+0+268;7+86+13+5+12+145
6;18;3600;001;789+0+295+295+0+0+0+0+295;9+201+11+3+23+48
6;18;3600;002;552+1+231+231+1+1+1+15+230;1+123+11+9+57+29
6;18;3600;003;587+0+190+190+2+0+2+0+188;5+95+5+2+10+71
6;18;3600;004;319+3+319+319+0+1+1+13+318;2+56+40+10+207+3
6;18;3600;005;956+1+381+381+0+2+2+11+379;7+100+49+16+168+39
6;18;3600;006;654+2+339+339+0+0+0+0+339;0+29+80+4+223+3
6;18;3600;007;680+0+318+318+4+0+4+12+314;4+43+38+5+74+150
6;18;3600;008;720+0+296+296+0+2+2+0+294;4+39+30+5+20+196
6;18;3600;009;777+0+276+276+7+2+9+7+267;3+49+15+8+15+177
6;18;3600;010;872+0+387+387+1+2+3+21+384;1+47+92+7+108+129
6;18;3600;011;125+3+76+76+0+0+0+3+76;2+17+14+2+41+0
[END]

[AGGR]
18;6;   ;6+200+200+122688+337+48730+48730+185+184+362+1713+48368;749+12283+8931+1546+13976+10883
[END]

