[INFO]
19;Р│▒е;201
[END]

[IZB]
19;6;   ;;11.11.2001;1;6;329
[END]

[NM]
1903;001;▒. Ба▓ин;02854;00
1903;002;г░. Бо░ово;05611;00
1903;003;▒. Б░е▒▓ови╢а;06519;00
1903;004;▒. Волово;12067;00
1903;005;▒. Го░но Абланово;16674;00
1903;006;▒. Екза░╡ Йо▒и┤;27173;00
1903;007;▒. Об░е▓еник;53117;00
1904;001;▒. Би▒▓░ен╢и;04162;00
1904;002;▒. Бо▒илков╢и;05743;00
1904;003;▒. Бо▓░ов;05877;00
1904;004;г░. Б┐ла;07603;00
1904;005;▒. Д░┐нове╢;23916;00
1904;006;▒. Коп░иве╢;38529;00
1904;007;▒. Лом Че░ковна;05133;00
1904;008;▒. Пей╖иново;55720;00
1904;009;▒. Пе▓ кладен╢и;55988;00
1904;010;▒. Пол▒ко Ко▒ово;57368;00
1904;011;▒. С▓║░мен;70130;00
1905;001;▒. Б║з║н;07231;00
1905;002;г░. Ве▓ово;10803;00
1905;003;▒. Глоджево;15151;00
1905;004;▒. Каменово;35897;00
1905;005;▒. К░ивн┐;39832;00
1905;006;▒. Пи▒ане╢;56441;00
1905;007;▒. П░о▒▓о░но;58668;00
1905;008;▒. Равно;61203;00
1905;009;г░. Сеново;66229;00
1905;010;▒. Сми░нен▒ки;67578;00
1905;011;▒. Топ╖ии;72850;00
1908;001;▒. Бани▒ка;02587;00
1908;002;▒. Ба▓и╕ни╢а;02868;00
1908;003;▒. Б║зове╢;07212;00
1908;004;г░. Две могили;20184;00
1908;005;▒. Могилино;30380;00
1908;006;▒. Ка░ан В║░бовка;36364;00
1908;007;▒. Ка╢елово;36703;00
1908;008;▒. О▒▓░и╢а;54362;00
1908;009;▒. Пепелина;55837;00
1908;010;▒. Помен;57488;00
1908;011;▒. Чилнов;81373;00
1908;012;▒. Ши░оково;83301;00
1913;001;▒. Божи╖ен;04981;00
1913;002;▒. Иваново;32095;00
1913;003;▒. Ко╕ов;39205;00
1913;004;▒. К░а▒ен;39520;00
1913;005;▒. Ме╖ка;47977;00
1913;006;▒. Ни▒ово;51768;00
1913;007;▒. Пи░гово;56397;00
1913;008;▒. Таба╖ка;72028;00
1913;009;▒. Т░║▒▓еник;73362;00
1913;010;▒. Че░вен;80443;00
1913;011;▒. Щ░║клево;84049;00
1927;001;▒. Ба▒а░бово;02796;00
1927;002;▒. Долно Абланово;22558;00
1927;003;▒. Ма░▓ен;47336;00
1927;004;▒. Николово;51679;00
1927;005;▒. Ново ▒ело;52235;00
1927;006;▒. П░о▒ена;58637;00
1927;007;г░. Р│▒е;63427;00
1927;008;▒. Санд░ово;65348;00
1927;009;▒. Семе░джиево;66158;00
1927;010;▒. Те▓ово;72357;00
1927;011;▒. Хо▓ан╢а;77342;00
1927;012;▒. Че░вена вода;80460;00
1927;013;▒. Я▒▓░ебово;87700;00
1933;001;▒. Бабово;02083;00
1933;002;▒. Бо░и▒ово;05517;00
1933;003;▒. Б░║╕лен;06673;00
1933;004;▒. Гол┐мо В░аново;15829;00
1933;005;▒. Ко╕а░на;39178;00
1933;006;▒. Малко В░аново;46560;00
1933;007;▒. Р┐╡ово;63668;00
1933;009;▒. Сливо поле;67444;00
1933;010;▒. С▓амболово;68713;00
1933;011;▒. Юделник;86026;00
1937;001;▒. Бел╢ов;03745;00
1937;002;▒. Бел┐ново;03808;00
1937;003;▒. Дж│л╛ни╢а;20849;00
1937;004;▒. Долна С▓│дена;22277;00
1937;005;▒. Ка░аманово;36316;00
1937;006;▒. К░ивина;39788;00
1937;007;▒. Новг░ад;51977;00
1937;008;▒. Пипе░ково;56366;00
1937;009;▒. Ценово;78361;00
[END]

[SEC]
19;0300;001;6;002
19;0300;002;6;002
19;0300;003;6;002
19;0300;004;6;004
19;0300;005;6;003
19;0300;006;6;007
19;0300;007;6;007
19;0300;008;6;006
19;0300;009;6;005
19;0300;010;6;005
19;0300;011;6;001
19;0400;001;6;004
19;0400;002;6;004
19;0400;003;6;004
19;0400;004;6;004
19;0400;005;6;004
19;0400;006;6;004
19;0400;007;6;004
19;0400;008;6;004
19;0400;009;6;004
19;0400;010;6;004
19;0400;011;6;004
19;0400;012;6;004
19;0400;013;6;004
19;0400;014;6;003
19;0400;015;6;011
19;0400;016;6;009
19;0400;017;6;010
19;0400;018;6;010
19;0400;019;6;007
19;0400;020;6;002
19;0400;021;6;008
19;0400;022;6;006
19;0400;023;6;006
19;0400;024;6;005
19;0400;025;6;001
19;0500;001;6;001
19;0500;002;6;001
19;0500;003;6;002
19;0500;004;6;002
19;0500;005;6;002
19;0500;006;6;002
19;0500;007;6;002
19;0500;008;6;002
19;0500;009;6;003
19;0500;010;6;003
19;0500;011;6;003
19;0500;012;6;003
19;0500;013;6;003
19;0500;014;6;003
19;0500;015;6;004
19;0500;016;6;005
19;0500;017;6;006
19;0500;018;6;007
19;0500;019;6;008
19;0500;020;6;009
19;0500;021;6;009
19;0500;022;6;009
19;0500;023;6;010
19;0500;024;6;010
19;0500;025;6;010
19;0500;026;6;010
19;0500;027;6;011
19;0800;001;6;004
19;0800;002;6;004
19;0800;003;6;004
19;0800;004;6;004
19;0800;005;6;004
19;0800;006;6;002
19;0800;007;6;012
19;0800;008;6;009
19;0800;009;6;008
19;0800;010;6;006
19;0800;011;6;007
19;0800;012;6;003
19;0800;013;6;011
19;0800;014;6;001
19;0800;015;6;005
19;0800;016;6;010
19;1300;001;6;001
19;1300;002;6;002
19;1300;003;6;003
19;1300;004;6;010
19;1300;005;6;008
19;1300;006;6;007
19;1300;007;6;007
19;1300;008;6;007
19;1300;009;6;005
19;1300;010;6;009
19;1300;011;6;009
19;1300;012;6;011
19;1300;013;6;011
19;1300;014;6;011
19;1300;015;6;011
19;1300;016;6;004
19;1300;017;6;006
19;2700;001;6;007
19;2700;002;6;007
19;2700;003;6;007
19;2700;004;6;007
19;2700;005;6;007
19;2700;006;6;007
19;2700;007;6;007
19;2700;008;6;007
19;2700;009;6;007
19;2700;010;6;007
19;2700;011;6;007
19;2700;012;6;007
19;2700;013;6;007
19;2700;014;6;007
19;2700;015;6;007
19;2700;016;6;007
19;2700;017;6;007
19;2700;018;6;007
19;2700;019;6;007
19;2700;020;6;007
19;2700;021;6;007
19;2700;022;6;007
19;2700;023;6;007
19;2700;024;6;007
19;2700;025;6;007
19;2700;026;6;007
19;2700;027;6;007
19;2700;028;6;007
19;2700;029;6;007
19;2700;030;6;007
19;2700;031;6;007
19;2700;032;6;007
19;2700;033;6;007
19;2700;034;6;007
19;2700;035;6;007
19;2700;036;6;007
19;2700;037;6;007
19;2700;038;6;007
19;2700;039;6;007
19;2700;040;6;007
19;2700;041;6;007
19;2700;042;6;007
19;2700;043;6;007
19;2700;044;6;007
19;2700;045;6;007
19;2700;046;6;007
19;2700;047;6;007
19;2700;048;6;007
19;2700;049;6;007
19;2700;050;6;007
19;2700;051;6;007
19;2700;052;6;007
19;2700;053;6;007
19;2700;054;6;007
19;2700;055;6;007
19;2700;056;6;007
19;2700;057;6;007
19;2700;058;6;007
19;2700;059;6;007
19;2700;060;6;007
19;2700;061;6;007
19;2700;062;6;007
19;2700;063;6;007
19;2700;064;6;007
19;2700;065;6;007
19;2700;066;6;007
19;2700;067;6;007
19;2700;068;6;007
19;2700;069;6;007
19;2700;070;6;007
19;2700;071;6;007
19;2700;072;6;007
19;2700;073;6;007
19;2700;074;6;007
19;2700;075;6;007
19;2700;076;6;007
19;2700;077;6;007
19;2700;078;6;007
19;2700;079;6;007
19;2700;080;6;007
19;2700;081;6;007
19;2700;082;6;007
19;2700;083;6;007
19;2700;084;6;007
19;2700;085;6;007
19;2700;086;6;007
19;2700;087;6;007
19;2700;088;6;007
19;2700;089;6;007
19;2700;090;6;007
19;2700;091;6;007
19;2700;092;6;007
19;2700;093;6;007
19;2700;094;6;007
19;2700;095;6;007
19;2700;096;6;007
19;2700;097;6;007
19;2700;098;6;007
19;2700;099;6;007
19;2700;100;6;007
19;2700;101;6;007
19;2700;102;6;007
19;2700;103;6;007
19;2700;104;6;007
19;2700;105;6;007
19;2700;106;6;007
19;2700;107;6;007
19;2700;108;6;007
19;2700;109;6;007
19;2700;110;6;007
19;2700;111;6;007
19;2700;112;6;007
19;2700;113;6;007
19;2700;114;6;007
19;2700;115;6;007
19;2700;116;6;007
19;2700;117;6;007
19;2700;118;6;007
19;2700;119;6;007
19;2700;120;6;007
19;2700;121;6;007
19;2700;122;6;007
19;2700;123;6;007
19;2700;124;6;007
19;2700;125;6;007
19;2700;126;6;007
19;2700;127;6;007
19;2700;128;6;007
19;2700;129;6;007
19;2700;130;6;007
19;2700;131;6;007
19;2700;132;6;007
19;2700;133;6;007
19;2700;134;6;007
19;2700;135;6;007
19;2700;136;6;007
19;2700;137;6;007
19;2700;138;6;007
19;2700;139;6;007
19;2700;140;6;007
19;2700;141;6;007
19;2700;142;6;007
19;2700;143;6;007
19;2700;144;6;007
19;2700;145;6;007
19;2700;146;6;007
19;2700;147;6;007
19;2700;148;6;007
19;2700;149;6;007
19;2700;150;6;007
19;2700;151;6;007
19;2700;152;6;007
19;2700;153;6;007
19;2700;154;6;007
19;2700;155;6;007
19;2700;156;6;007
19;2700;157;6;007
19;2700;158;6;007
19;2700;159;6;007
19;2700;160;6;007
19;2700;161;6;007
19;2700;162;6;007
19;2700;163;6;007
19;2700;164;6;007
19;2700;165;6;007
19;2700;166;6;007
19;2700;167;6;007
19;2700;168;6;007
19;2700;169;6;007
19;2700;170;6;007
19;2700;171;6;007
19;2700;172;6;007
19;2700;173;6;007
19;2700;174;6;007
19;2700;175;6;007
19;2700;176;6;007
19;2700;177;6;001
19;2700;178;6;001
19;2700;179;6;002
19;2700;180;6;003
19;2700;181;6;003
19;2700;182;6;003
19;2700;183;6;003
19;2700;184;6;004
19;2700;185;6;004
19;2700;186;6;004
19;2700;187;6;004
19;2700;188;6;005
19;2700;189;6;005
19;2700;190;6;006
19;2700;191;6;008
19;2700;192;6;008
19;2700;193;6;009
19;2700;194;6;009
19;2700;195;6;010
19;2700;196;6;010
19;2700;197;6;011
19;2700;198;6;012
19;2700;199;6;012
19;2700;200;6;013
19;2700;201;6;007
19;2700;202;6;007
19;2700;203;6;007
19;2700;204;6;007
19;2700;205;6;007
19;2700;206;6;007
19;2700;207;6;007
19;3300;001;6;009
19;3300;002;6;009
19;3300;003;6;009
19;3300;004;6;009
19;3300;005;6;002
19;3300;006;6;011
19;3300;007;6;005
19;3300;008;6;010
19;3300;009;6;004
19;3300;010;6;004
19;3300;011;6;006
19;3300;012;6;001
19;3300;013;6;003
19;3300;014;6;007
19;3300;015;6;007
19;3300;016;6;007
19;3700;001;6;009
19;3700;002;6;009
19;3700;003;6;001
19;3700;004;6;004
19;3700;005;6;007
19;3700;006;6;006
19;3700;007;6;003
19;3700;008;6;002
19;3700;009;6;005
19;3700;010;6;008
[END]

[MAJ]
19;6;   ;01;;;Пе▓║░ Ки░илов Бе░он и С▓о┐н В║л╖ев Анд░еев;, ;ПКБ+СВА;1081;0;1
19;6;   ;02;;;Пе▓║░ С▓е┤анов С▓о┐нов и Нели Пе▓░ова К│╢кова;, ;ПСС+НПК;33138;2;2
19;6;   ;03;;;Богомил Ангелов Бонев и А▓ана▒ Иванов Желез╖ев;, ;БАБ+АИЖ;22408;0;3
19;6;   ;04;;;Жо░ж Ган╖ев Ган╖ев и Ве▒елин С▓о┐нов Бон╖ев;, ;ЖГГ+ВСБ;3720;0;4
19;6;   ;05;;;Гео░ги Седе┤╖ов П║░ванов и Ангел Иванов Ма░ин;, ;ГСП+АИМ;30831;2;5
19;6;   ;06;;;Рене▓а Иванова Инджова и К░║▒▓╛ Николов Илов;, ;РИИ+КНИ;3841;0;6
[END]

[PROP]
[END]

[LISTI]
[END]

[PROT]
6;19;0300;001;695+1+400+400+0+0+0+16+400;6+99+139+5+139+12
6;19;0300;002;692+2+377+377+2+0+2+19+375;3+104+103+14+142+9
6;19;0300;003;822+1+374+374+3+2+5+12+369;4+69+93+16+175+12
6;19;0300;004;179+1+118+118+0+0+0+5+118;2+38+20+7+49+2
6;19;0300;005;266+2+161+161+0+2+2+9+159;3+51+19+11+73+2
6;19;0300;006;756+0+464+464+1+6+7+0+457;7+195+65+20+152+18
6;19;0300;007;594+0+278+278+2+2+4+0+274;11+75+46+8+119+15
6;19;0300;008;732+1+401+401+2+1+3+23+398;9+73+71+10+229+6
6;19;0300;009;468+0+222+222+0+4+4+21+218;2+45+36+10+124+1
6;19;0300;010;684+0+320+320+1+0+1+21+319;14+92+54+29+127+3
6;19;0300;011;725+0+384+384+0+1+1+11+383;16+126+70+17+132+22
6;19;0400;001;544+0+234+234+0+0+0+0+234;1+69+60+8+89+7
6;19;0400;002;856+0+356+356+1+0+1+3+355;4+70+91+11+160+19
6;19;0400;003;718+0+252+252+0+0+0+0+252;9+62+70+9+85+17
6;19;0400;004;1012+0+400+400+2+0+2+2+398;2+137+101+11+121+26
6;19;0400;005;755+1+343+343+0+0+0+6+343;2+91+82+12+147+9
6;19;0400;006;993+0+319+319+1+4+5+15+314;5+74+60+58+104+13
6;19;0400;007;1028+2+431+431+0+0+0+15+431;2+110+160+15+126+18
6;19;0400;008;737+2+298+298+1+1+2+10+296;0+70+95+9+102+20
6;19;0400;009;580+2+253+253+0+0+0+8+253;4+58+69+9+102+11
6;19;0400;010;779+0+331+331+1+0+1+8+330;0+70+96+13+131+20
6;19;0400;011;732+3+220+220+1+0+1+4+219;5+48+58+4+88+16
6;19;0400;012;50+5+36+36+0+1+1+2+35;1+11+7+5+6+5
6;19;0400;013;95+0+48+48+1+0+1+0+47;6+12+6+6+12+5
6;19;0400;014;248+2+167+167+0+1+1+0+166;4+15+12+6+125+4
6;19;0400;015;336+0+219+219+0+1+1+0+218;1+53+42+17+98+7
6;19;0400;016;95+6+68+68+0+0+0+1+68;0+22+16+0+30+0
6;19;0400;017;784+0+252+252+2+1+3+5+249;1+71+62+16+87+12
6;19;0400;018;771+1+323+323+0+0+0+0+323;6+51+83+16+163+4
6;19;0400;019;335+7+216+216+0+0+0+0+216;8+55+38+6+103+6
6;19;0400;020;733+1+440+440+0+4+4+11+436;7+147+109+26+142+5
6;19;0400;021;378+4+214+214+1+2+3+6+211;1+46+38+9+111+6
6;19;0400;022;533+2+263+263+0+0+0+4+263;6+71+37+8+134+7
6;19;0400;023;497+0+282+282+3+2+5+11+277;4+89+36+24+115+9
6;19;0400;024;625+4+363+363+0+1+1+12+362;8+144+39+11+146+14
6;19;0400;025;317+4+182+182+2+2+4+2+178;1+38+34+7+94+4
6;19;0500;001;509+2+227+227+0+2+2+20+225;2+88+37+6+83+9
6;19;0500;002;676+0+231+231+1+2+3+0+228;7+59+58+10+49+45
6;19;0500;003;637+0+273+273+1+2+3+0+270;4+71+60+14+107+14
6;19;0500;004;647+0+317+317+1+2+3+10+314;2+41+52+11+197+11
6;19;0500;005;801+3+362+362+4+1+5+18+357;5+60+95+27+160+10
6;19;0500;006;605+0+227+227+2+0+2+0+225;7+28+45+5+133+7
6;19;0500;007;778+0+176+176+1+2+3+0+173;4+56+31+13+41+28
6;19;0500;008;648+0+184+184+4+1+5+3+179;6+60+38+4+27+44
6;19;0500;009;500+0+146+146+0+0+0+0+146;7+70+13+5+19+32
6;19;0500;010;478+0+147+147+0+0+0+1+147;3+59+17+4+33+31
6;19;0500;011;529+0+193+193+0+0+0+0+193;13+87+42+3+21+27
6;19;0500;012;688+0+195+195+3+1+4+6+191;9+100+15+7+12+48
6;19;0500;013;519+0+200+200+1+0+1+10+199;5+70+23+0+34+67
6;19;0500;014;518+4+162+162+0+1+1+0+161;12+73+12+6+20+38
6;19;0500;015;504+1+280+280+0+1+1+14+279;2+28+46+36+166+1
6;19;0500;016;606+4+230+230+0+1+1+0+229;3+30+59+12+120+5
6;19;0500;017;446+0+264+264+4+0+4+18+260;7+48+55+11+131+8
6;19;0500;018;136+1+104+104+0+0+0+0+104;2+23+34+2+37+6
6;19;0500;019;608+1+261+261+1+1+2+1+259;5+67+70+21+50+46
6;19;0500;020;426+0+186+186+0+0+0+11+186;2+27+32+9+110+6
6;19;0500;021;545+1+157+157+0+0+0+7+157;3+44+20+20+53+17
6;19;0500;022;454+0+193+193+0+0+0+7+193;4+23+67+10+84+5
6;19;0500;023;659+0+281+281+1+1+2+0+279;10+88+47+5+59+70
6;19;0500;024;567+0+233+233+3+0+3+0+230;5+45+30+8+83+59
6;19;0500;025;613+0+231+231+2+0+2+12+229;11+109+35+2+23+49
6;19;0500;026;656+0+280+280+0+0+0+0+280;10+91+31+2+38+108
6;19;0500;027;402+3+225+225+0+1+1+5+224;2+67+40+15+95+5
6;19;0800;001;680+1+325+325+0+1+1+8+324;2+78+93+17+128+6
6;19;0800;002;617+0+255+255+0+0+0+5+255;0+78+74+13+81+9
6;19;0800;003;878+0+402+402+0+1+1+9+401;9+81+129+26+143+13
6;19;0800;004;994+0+318+318+4+2+6+9+312;6+92+67+13+114+20
6;19;0800;005;668+0+132+132+0+6+6+9+126;10+42+27+13+18+16
6;19;0800;006;695+8+352+352+1+0+1+4+351;4+60+72+10+143+62
6;19;0800;007;107+5+76+76+1+0+1+4+75;1+19+14+0+40+1
6;19;0800;008;41+5+38+38+0+0+0+0+38;0+14+5+1+17+1
6;19;0800;009;383+2+223+223+0+0+0+0+223;3+31+30+5+153+1
6;19;0800;010;492+5+260+260+1+3+4+11+256;8+71+44+12+103+18
6;19;0800;011;917+1+482+482+1+4+5+15+477;3+93+76+29+265+11
6;19;0800;012;881+1+353+353+1+1+2+14+351;5+55+66+24+177+24
6;19;0800;013;530+3+225+225+1+3+4+4+221;7+68+34+11+95+6
6;19;0800;014;1068+2+535+535+0+7+7+11+528;10+104+77+46+271+20
6;19;0800;015;298+0+158+158+1+0+1+6+157;4+39+43+1+61+9
6;19;0800;016;504+1+250+250+1+1+2+8+248;8+98+33+5+83+21
6;19;1300;001;172+1+124+124+1+0+1+4+123;1+51+13+10+48+0
6;19;1300;002;765+2+353+353+0+1+1+20+352;2+85+88+13+151+13
6;19;1300;003;419+2+254+254+0+0+0+31+254;0+84+44+17+106+3
6;19;1300;004;362+0+200+200+3+0+3+3+197;2+60+62+5+68+0
6;19;1300;005;160+1+104+104+0+0+0+1+104;1+49+15+0+31+8
6;19;1300;006;623+0+311+311+0+0+0+14+311;5+71+48+13+168+6
6;19;1300;007;635+2+304+304+1+0+1+18+303;0+98+53+16+126+10
6;19;1300;008;485+2+228+228+0+0+0+9+228;0+67+47+9+102+3
6;19;1300;009;720+4+425+425+2+0+2+11+423;6+127+71+13+200+6
6;19;1300;010;841+0+320+320+1+1+2+6+318;9+81+56+9+133+30
6;19;1300;011;706+0+302+302+2+0+2+13+300;10+94+54+11+125+6
6;19;1300;012;798+0+297+297+2+8+10+12+287;9+79+50+27+96+26
6;19;1300;013;516+2+229+229+0+0+0+5+229;1+64+62+13+76+13
6;19;1300;014;529+3+299+299+1+1+2+4+297;4+74+88+10+117+4
6;19;1300;015;1137+0+325+325+0+0+0+4+325;4+153+97+14+54+3
6;19;1300;016;774+2+349+349+1+1+2+0+347;3+86+74+40+141+3
6;19;1300;017;130+0+79+79+0+0+0+0+79;2+24+15+1+37+0
6;19;2700;001;784+0+370+370+2+0+2+0+368;1+188+59+11+96+13
6;19;2700;002;781+0+306+306+0+1+1+8+305;1+157+74+5+61+7
6;19;2700;003;985+0+529+529+1+1+2+18+527;5+209+103+6+194+10
6;19;2700;004;960+0+410+410+0+0+0+11+410;4+206+93+6+96+5
6;19;2700;005;918+11+394+394+0+0+0+16+394;3+174+83+11+102+21
6;19;2700;006;945+0+382+382+1+0+1+11+381;1+164+113+4+93+6
6;19;2700;007;734+0+270+270+0+0+0+10+270;2+114+62+15+66+11
6;19;2700;008;817+0+361+361+0+0+0+8+361;1+164+62+12+113+9
6;19;2700;009;840+0+334+334+1+0+1+0+333;2+148+74+6+97+6
6;19;2700;010;881+0+391+391+0+0+0+6+391;4+157+94+8+114+14
6;19;2700;011;953+1+420+420+0+0+0+10+420;4+199+100+9+103+5
6;19;2700;012;1034+0+504+504+2+0+2+26+502;4+250+107+14+111+16
6;19;2700;013;745+1+370+370+0+0+0+21+370;0+136+90+11+117+16
6;19;2700;014;974+0+503+503+0+0+0+20+503;4+238+110+5+134+12
6;19;2700;015;864+4+402+402+1+2+3+0+399;0+195+84+4+102+14
6;19;2700;016;716+1+340+340+1+2+3+3+337;4+153+61+1+109+9
6;19;2700;017;855+0+404+404+1+1+2+12+402;1+188+84+6+115+8
6;19;2700;018;1017+0+501+501+0+0+0+9+501;2+252+82+10+140+15
6;19;2700;019;958+0+431+431+0+0+0+17+431;2+226+73+8+110+12
6;19;2700;020;809+0+404+404+0+1+1+0+403;2+190+64+4+131+12
6;19;2700;021;835+4+381+381+0+0+0+11+381;0+153+105+8+97+18
6;19;2700;022;866+0+362+362+2+0+2+13+360;1+144+64+9+130+12
6;19;2700;023;941+0+446+446+1+0+1+17+445;3+187+93+10+139+13
6;19;2700;024;980+0+472+472+0+0+0+12+472;0+232+98+12+120+10
6;19;2700;025;751+0+309+309+2+0+2+7+307;1+138+75+7+84+2
6;19;2700;026;912+1+374+374+1+0+1+15+373;2+160+67+14+118+12
6;19;2700;027;718+0+289+289+1+0+1+18+288;1+178+49+2+53+5
6;19;2700;028;880+1+317+317+0+1+1+13+316;0+166+76+7+60+7
6;19;2700;029;380+2+98+98+0+0+0+5+98;1+35+29+9+19+5
6;19;2700;030;1075+1+453+453+0+1+1+30+452;1+201+83+14+139+14
6;19;2700;031;955+0+381+381+0+0+0+0+381;1+175+87+7+104+7
6;19;2700;032;766+0+292+292+1+1+2+11+290;3+103+65+5+108+6
6;19;2700;033;639+0+264+262+2+0+2+10+262;3+125+49+10+64+11
6;19;2700;034;965+1+394+394+0+0+0+8+394;1+183+99+1+98+12
6;19;2700;035;991+0+404+404+0+0+0+0+404;3+166+113+14+93+15
6;19;2700;036;944+0+393+393+0+0+0+21+393;4+161+104+11+96+17
6;19;2700;037;669+0+195+195+1+0+1+7+194;0+81+42+11+58+2
6;19;2700;038;537+0+204+204+0+0+0+10+204;1+79+41+7+74+2
6;19;2700;039;764+1+370+370+4+0+4+0+366;2+140+75+8+125+16
6;19;2700;040;871+0+393+393+1+0+1+12+392;2+167+116+15+85+7
6;19;2700;041;898+1+453+453+0+0+0+6+453;5+210+96+3+126+13
6;19;2700;042;953+1+441+441+0+0+0+0+441;3+171+91+7+157+12
6;19;2700;043;805+0+348+348+1+1+2+20+346;2+162+78+11+82+11
6;19;2700;044;846+2+350+350+0+1+1+15+349;1+111+85+8+136+8
6;19;2700;045;993+0+365+365+2+0+2+363+363;1+148+76+8+116+14
6;19;2700;046;944+4+378+378+1+0+1+17+377;4+145+114+5+96+13
6;19;2700;047;1051+2+414+414+1+0+1+16+413;2+182+105+10+95+19
6;19;2700;048;966+1+320+320+2+0+2+9+318;1+153+75+10+70+9
6;19;2700;049;918+3+295+295+2+2+4+0+291;4+114+73+9+81+10
6;19;2700;050;928+3+273+273+0+5+5+0+268;4+130+62+7+55+10
6;19;2700;051;802+3+280+280+1+3+4+0+276;12+131+50+20+52+11
6;19;2700;052;821+4+255+255+1+4+5+0+250;7+116+56+14+41+16
6;19;2700;053;840+0+275+275+1+0+1+13+274;9+131+56+13+52+13
6;19;2700;054;740+0+265+265+1+1+2+10+263;3+124+53+10+63+10
6;19;2700;055;849+0+352+352+0+0+0+15+352;0+116+95+19+110+12
6;19;2700;056;917+0+345+345+0+2+2+16+343;0+124+104+19+86+10
6;19;2700;057;820+0+236+236+0+2+2+11+234;1+88+63+6+65+11
6;19;2700;058;665+0+207+207+2+0+2+0+205;2+76+63+12+44+8
6;19;2700;059;655+0+212+212+1+0+1+5+211;3+88+58+9+47+6
6;19;2700;060;897+4+334+334+1+0+1+18+333;3+115+82+21+93+19
6;19;2700;061;996+0+333+333+2+0+2+6+331;2+124+94+15+85+11
6;19;2700;062;660+0+235+235+0+0+0+11+235;2+88+56+12+69+8
6;19;2700;063;977+0+370+370+0+1+1+0+369;2+111+122+25+93+16
6;19;2700;064;717+1+248+248+0+0+0+7+248;1+85+66+10+76+10
6;19;2700;065;769+0+300+300+1+0+1+5+299;0+93+95+9+93+9
6;19;2700;066;718+0+268+268+0+0+0+9+268;1+110+64+6+72+15
6;19;2700;067;758+0+267+267+0+0+0+12+267;6+98+73+4+81+5
6;19;2700;068;864+0+285+285+2+1+3+4+282;2+116+84+13+54+13
6;19;2700;069;979+11+301+301+0+0+0+0+301;0+121+84+15+71+10
6;19;2700;070;951+1+333+333+0+0+0+0+333;2+86+127+2+109+7
6;19;2700;071;780+0+197+197+0+0+0+5+197;0+68+76+6+39+8
6;19;2700;072;586+2+200+200+1+0+1+0+199;0+76+66+7+40+10
6;19;2700;073;776+1+265+265+0+0+0+5+265;2+120+71+6+55+11
6;19;2700;074;597+0+110+110+0+0+0+2+110;1+43+34+9+18+5
6;19;2700;075;841+0+177+177+1+1+2+8+175;1+74+60+9+25+6
6;19;2700;076;920+5+275+275+0+0+0+5+275;4+117+95+11+39+9
6;19;2700;077;1047+0+380+380+1+0+1+15+379;1+138+104+20+105+11
6;19;2700;078;611+0+189+189+0+0+0+0+189;0+72+49+15+43+10
6;19;2700;079;989+0+334+334+0+0+0+10+334;2+113+105+12+90+12
6;19;2700;080;957+0+322+322+0+1+1+8+321;1+140+81+15+75+9
6;19;2700;081;724+0+220+220+0+0+0+7+220;1+82+78+1+52+6
6;19;2700;082;881+0+280+280+0+0+0+9+280;1+106+97+12+57+7
6;19;2700;083;895+0+285+285+0+0+0+12+285;0+100+107+7+62+9
6;19;2700;084;1008+0+296+296+0+2+2+12+294;0+114+111+8+49+12
6;19;2700;085;888+0+313+313+0+1+1+14+312;1+119+109+18+52+13
6;19;2700;086;925+0+260+260+0+1+1+0+259;2+101+82+11+47+16
6;19;2700;087;889+0+262+262+1+1+2+4+260;0+97+75+13+65+10
6;19;2700;088;777+0+202+202+0+0+0+8+202;1+77+47+9+57+11
6;19;2700;089;718+0+219+219+0+1+1+10+218;0+69+88+17+37+7
6;19;2700;090;707+0+230+230+0+0+0+8+230;3+92+65+20+42+8
6;19;2700;091;640+0+245+245+0+1+1+0+244;2+86+86+13+46+11
6;19;2700;092;974+1+302+302+1+0+1+17+301;6+126+90+9+59+11
6;19;2700;093;976+2+279+279+0+0+0+0+279;2+99+77+10+78+13
6;19;2700;094;1046+0+328+328+0+0+0+0+328;1+133+94+17+78+5
6;19;2700;095;869+0+308+308+1+0+1+7+307;2+123+98+16+64+4
6;19;2700;096;647+0+257+257+0+0+0+10+257;1+112+71+8+56+9
6;19;2700;097;821+0+329+329+0+1+1+19+328;2+105+81+5+127+8
6;19;2700;098;758+0+321+321+0+1+1+11+320;5+127+95+4+86+3
6;19;2700;099;969+0+412+412+0+1+1+3+411;3+119+109+27+140+13
6;19;2700;100;857+1+232+232+0+0+0+7+232;1+103+62+17+39+10
6;19;2700;101;811+0+303+303+0+0+0+12+303;5+115+82+13+79+9
6;19;2700;102;667+0+259+259+1+0+1+8+258;2+113+72+5+62+4
6;19;2700;103;804+0+274+274+0+0+0+0+274;1+111+68+12+63+19
6;19;2700;104;958+0+378+378+0+0+0+7+378;2+159+103+10+87+17
6;19;2700;105;764+0+318+318+1+0+1+6+317;1+77+88+12+131+8
6;19;2700;106;745+0+293+293+0+0+0+22+293;1+102+73+9+101+7
6;19;2700;107;837+2+289+289+0+1+1+9+288;1+103+76+16+77+15
6;19;2700;108;894+0+353+353+1+0+1+18+352;4+157+79+4+97+11
6;19;2700;109;974+0+349+349+0+1+1+26+348;4+137+102+12+89+4
6;19;2700;110;961+0+399+399+0+0+0+16+399;3+145+77+6+148+20
6;19;2700;111;1017+0+417+417+0+0+0+18+417;1+129+111+11+157+8
6;19;2700;112;823+0+351+351+1+0+1+13+350;1+133+83+14+111+8
6;19;2700;113;639+0+298+298+0+3+3+8+295;0+103+71+7+106+8
6;19;2700;114;795+1+373+373+0+0+0+21+373;2+140+77+19+128+7
6;19;2700;115;745+2+331+331+0+0+0+16+331;5+97+87+6+132+4
6;19;2700;116;876+1+445+445+0+0+0+28+445;1+153+91+10+183+7
6;19;2700;117;824+15+363+363+0+0+0+11+363;3+106+111+10+120+13
6;19;2700;118;641+0+283+283+0+0+0+0+283;3+120+57+7+85+11
6;19;2700;119;761+0+338+338+0+0+0+17+338;1+123+73+8+125+8
6;19;2700;120;746+1+288+288+0+0+0+0+288;1+111+80+4+81+11
6;19;2700;121;864+0+345+345+0+1+1+0+344;0+134+115+9+76+10
6;19;2700;122;716+0+289+289+0+0+0+0+289;0+103+86+1+82+17
6;19;2700;123;969+0+379+379+0+0+0+15+379;1+123+113+9+120+13
6;19;2700;124;611+4+239+239+2+0+2+5+237;0+65+58+8+97+9
6;19;2700;125;760+3+299+299+0+0+0+0+299;1+101+101+4+86+6
6;19;2700;126;716+0+252+252+0+1+1+13+251;4+86+63+7+82+9
6;19;2700;127;701+0+253+253+0+0+0+0+253;1+100+68+14+63+7
6;19;2700;128;677+0+235+235+0+0+0+4+235;2+81+80+10+53+9
6;19;2700;129;726+1+306+306+0+0+0+4+306;0+90+82+8+117+9
6;19;2700;130;626+0+239+239+2+0+2+0+237;4+88+63+8+66+8
6;19;2700;131;816+0+300+300+1+0+1+6+299;1+101+78+11+91+17
6;19;2700;132;990+0+382+382+0+0+0+26+382;1+130+99+15+120+17
6;19;2700;133;805+0+269+269+1+0+1+0+268;2+129+71+5+49+12
6;19;2700;134;760+0+251+251+0+0+0+5+251;5+83+80+6+72+5
6;19;2700;135;654+0+210+210+0+0+0+0+210;2+67+65+12+52+12
6;19;2700;136;947+1+278+278+1+2+3+9+275;1+111+79+15+58+11
6;19;2700;137;824+0+317+317+1+0+1+0+316;2+108+74+17+107+8
6;19;2700;138;934+0+379+379+2+0+2+5+377;3+104+107+16+138+9
6;19;2700;139;880+0+372+372+0+0+0+16+372;3+105+110+14+127+13
6;19;2700;140;997+1+406+406+1+0+1+8+405;3+144+126+14+109+9
6;19;2700;141;664+1+238+238+0+0+0+0+238;4+86+82+6+49+11
6;19;2700;142;929+0+434+434+0+0+0+4+434;3+117+123+15+169+7
6;19;2700;143;899+1+344+344+1+0+1+0+343;4+146+80+10+101+2
6;19;2700;144;985+0+456+456+1+0+1+0+455;2+174+105+7+160+7
6;19;2700;145;794+1+317+317+0+0+0+6+317;3+132+65+6+107+4
6;19;2700;146;708+1+311+311+0+1+1+10+310;2+118+75+4+100+11
6;19;2700;147;746+0+363+363+0+0+0+17+363;0+168+63+6+110+16
6;19;2700;148;913+3+432+432+1+0+1+14+431;1+195+102+6+113+14
6;19;2700;149;819+4+377+377+1+0+1+0+376;3+190+73+1+105+4
6;19;2700;150;706+0+333+333+0+0+0+0+333;3+149+54+8+114+5
6;19;2700;151;806+0+398+398+0+1+1+0+397;0+171+91+6+118+11
6;19;2700;152;966+0+405+405+0+1+1+9+404;4+158+89+6+132+15
6;19;2700;153;975+3+473+473+1+0+1+0+472;3+184+111+9+139+26
6;19;2700;154;706+0+335+335+0+0+0+4+335;2+119+88+4+106+16
6;19;2700;155;123+3+126+126+1+0+1+2+125;1+62+30+3+25+4
6;19;2700;156;871+2+376+376+0+0+0+5+376;1+123+111+9+124+8
6;19;2700;157;731+0+321+321+0+1+1+0+320;2+116+82+9+105+6
6;19;2700;158;819+0+349+349+2+0+2+0+347;2+139+78+11+108+9
6;19;2700;159;873+0+342+342+0+1+1+17+341;3+134+96+15+86+7
6;19;2700;160;926+0+391+391+0+1+1+6+390;2+133+88+3+160+4
6;19;2700;161;655+1+264+264+0+0+0+0+264;1+110+62+2+75+14
6;19;2700;162;725+2+346+346+0+0+0+10+346;2+135+91+10+100+8
6;19;2700;163;889+0+374+374+1+0+1+13+373;3+155+87+9+106+13
6;19;2700;164;970+1+397+397+0+0+0+0+397;5+140+102+4+130+16
6;19;2700;165;725+0+270+270+2+0+2+8+268;2+107+76+9+65+9
6;19;2700;166;880+0+341+341+0+0+0+18+341;3+119+81+11+109+18
6;19;2700;167;853+0+307+307+0+4+4+12+303;4+98+78+36+74+13
6;19;2700;168;606+0+207+207+2+0+2+10+205;3+64+57+12+51+18
6;19;2700;169;605+1+145+145+0+2+2+8+143;2+43+34+11+41+12
6;19;2700;170;966+0+312+312+0+0+0+0+312;4+129+82+22+66+9
6;19;2700;171;937+0+417+417+1+1+2+0+415;7+176+123+15+87+7
6;19;2700;172;867+4+351+351+1+1+2+11+349;2+144+99+18+72+14
6;19;2700;173;639+3+278+278+0+1+1+12+277;3+99+76+9+83+7
6;19;2700;174;657+0+283+283+0+0+0+15+283;2+114+75+10+77+5
6;19;2700;175;171+0+97+97+0+0+0+0+97;3+19+20+6+43+6
6;19;2700;176;328+0+158+158+0+0+0+0+158;0+40+48+5+61+4
6;19;2700;177;580+0+245+245+0+2+2+11+243;1+96+76+4+65+1
6;19;2700;178;516+0+190+190+0+0+0+0+190;1+50+61+6+68+4
6;19;2700;179;239+1+170+170+0+1+1+2+169;1+51+47+10+54+6
6;19;2700;180;886+2+288+288+0+0+0+0+288;0+118+71+19+71+9
6;19;2700;181;912+2+338+338+0+0+0+0+338;1+133+69+8+115+12
6;19;2700;182;634+0+208+208+0+0+0+0+208;1+86+49+19+47+6
6;19;2700;183;881+0+274+274+2+0+2+5+272;5+107+70+16+65+9
6;19;2700;184;788+0+342+342+0+0+0+5+342;3+88+79+20+148+4
6;19;2700;185;604+1+298+298+0+1+1+8+297;1+100+51+12+130+3
6;19;2700;186;623+0+239+239+0+0+0+7+239;2+124+38+16+55+4
6;19;2700;187;578+1+225+225+0+0+0+9+225;1+90+48+8+77+1
6;19;2700;188;526+3+313+313+1+2+3+12+310;4+80+55+10+157+4
6;19;2700;189;539+4+309+309+0+0+0+10+309;3+69+54+6+164+13
6;19;2700;190;571+8+308+308+1+0+1+0+307;1+73+47+17+152+17
6;19;2700;191;626+3+266+266+1+1+2+0+264;3+83+46+8+111+13
6;19;2700;192;609+3+209+209+3+0+3+6+206;3+60+70+19+51+3
6;19;2700;193;498+0+178+178+1+1+2+6+176;3+59+27+8+60+19
6;19;2700;194;611+0+191+191+0+0+0+3+191;2+62+19+10+75+23
6;19;2700;195;918+0+347+347+1+2+3+8+344;7+53+115+20+131+18
6;19;2700;196;874+3+288+288+0+0+0+8+288;4+55+93+24+106+6
6;19;2700;197;493+3+280+280+0+2+2+2+278;9+80+39+13+133+4
6;19;2700;198;643+5+275+275+1+2+3+10+272;3+81+92+17+79+0
6;19;2700;199;592+0+211+211+2+1+3+9+208;3+84+60+12+49+0
6;19;2700;200;383+2+106+106+0+0+0+5+106;3+35+18+7+14+29
6;19;2700;201;93+0+33+33+0+0+0+2+33;5+10+4+4+8+2
6;19;2700;202;92+0+53+53+0+1+1+2+52;3+12+2+7+21+7
6;19;2700;203;243+1+195+195+0+0+0+14+195;5+41+22+17+100+10
6;19;2700;204;69+0+31+31+0+0+0+0+31;1+11+8+1+9+1
6;19;2700;205;42+0+17+17+0+0+0+0+17;3+10+2+1+1+0
6;19;2700;206;37+0+37+37+2+0+2+0+35;2+14+7+8+4+0
6;19;2700;207;45+0+31+31+0+0+0+2+31;4+11+7+0+8+1
6;19;3300;001;775+1+320+320+0+0+0+0+320;1+104+51+12+147+5
6;19;3300;002;844+0+193+193+0+0+0+6+193;2+107+38+11+26+9
6;19;3300;003;628+1+236+236+0+6+6+6+230;7+92+38+15+59+19
6;19;3300;004;525+0+192+192+1+2+3+7+189;14+71+28+19+52+5
6;19;3300;005;793+4+367+367+2+1+3+12+364;10+114+66+16+144+14
6;19;3300;006;868+0+324+324+0+2+2+16+322;13+102+76+14+85+32
6;19;3300;007;606+0+223+223+1+1+2+3+221;9+56+35+15+86+20
6;19;3300;008;611+0+240+240+0+0+0+3+240;8+144+19+1+42+26
6;19;3300;009;651+2+200+200+0+0+0+6+200;5+54+62+8+59+12
6;19;3300;010;808+0+137+137+2+0+2+7+135;8+49+36+9+26+7
6;19;3300;011;814+0+304+304+1+3+4+12+300;15+87+39+15+126+18
6;19;3300;012;604+2+325+325+0+1+1+0+324;3+83+47+14+172+5
6;19;3300;013;452+2+254+254+0+1+1+15+253;8+50+45+13+132+5
6;19;3300;014;650+2+266+266+0+1+1+0+265;0+61+56+17+129+2
6;19;3300;015;702+3+295+295+1+0+1+20+294;0+102+47+10+123+12
6;19;3300;016;546+1+221+221+0+2+2+11+219;3+63+46+14+87+6
6;19;3700;001;897+0+470+470+1+1+2+30+468;3+67+156+28+206+8
6;19;3700;002;841+1+355+355+0+1+1+18+354;11+91+78+21+137+16
6;19;3700;003;610+0+292+292+0+5+5+18+287;3+83+62+25+109+5
6;19;3700;004;819+6+380+380+1+1+2+0+378;3+90+102+39+132+12
6;19;3700;005;1005+1+471+471+1+1+2+19+469;5+70+97+25+257+15
6;19;3700;006;606+0+333+333+0+0+0+15+333;7+82+53+16+171+4
6;19;3700;007;338+1+168+168+0+0+0+16+168;1+51+31+12+69+4
6;19;3700;008;169+0+131+131+0+0+0+7+131;5+42+25+7+50+2
6;19;3700;009;1061+0+557+557+0+2+2+7+555;12+100+118+35+281+9
6;19;3700;010;538+2+263+263+0+1+1+18+262;4+71+48+32+100+7
[END]

[AGGR]
19;6;   ;6+329+329+233796+345+95427+95425+192+216+408+2908+95019;1081+33138+22408+3720+30831+3841
[END]

