[INFO]
20;Сили▒▓░а;201
[END]

[IZB]
20;6;   ;;11.11.2001;1;6;214
[END]

[NM]
2001;001;▒. Алеково;00240;00
2001;002;г░. Ал┤а▓а░;00415;00
2001;003;▒. Би▒▓░а;04145;00
2001;004;▒. Ва▒ил Лев▒ки;10210;00
2001;005;▒. К│▓лови╢а;40751;00
2001;006;▒. Ца░ А▒ен;78063;00
2001;007;▒. Ч│кове╢;81712;00
2007;001;▒. Ба╣ино;03017;00
2007;002;▒. Богдан╢и;04670;00
2007;003;▒. В║лкан;12440;00
2007;004;г░. Главини╢а;15031;00
2007;005;▒. Ди╖ево;21230;00
2007;006;▒. Долно Р┐╡ово;22798;00
2007;007;▒. За┤и░ово;30377;00
2007;008;▒. Звеними░;30507;00
2007;009;▒. Зебил;30689;00
2007;010;▒. За░и╢а;31406;00
2007;011;▒. Кал│ге░ене;35554;00
2007;012;▒. Кола░ово;37993;00
2007;013;▒. Ко▒а░а;38707;00
2007;014;▒. Ли▒▓е╢;43894;00
2007;015;▒. Мал║к П░е▒лаве╢;46927;00
2007;016;▒. Ножа░ево;52338;00
2007;017;▒. О▒ен;54078;00
2007;018;▒. Падина;55138;00
2007;019;▒. Подле▒;57056;00
2007;020;▒. Сокол;67828;00
2007;021;▒. С▓е┤ан Ка░аджа;69184;00
2007;022;▒. С│╡одол;70336;00
2007;023;▒. Че░ного░;81075;00
2010;001;▒. Боил;05124;00
2010;002;▒. Водно;11764;00
2010;003;▒. Вокил;12022;00
2010;004;▒. В║░бино;12721;00
2010;005;▒. Г░║н╖а░ово;18018;00
2010;006;▒. Доле╢;21926;00
2010;007;г░. Д│лово;24030;00
2010;008;▒. Зла▓окла▒;31125;00
2010;009;▒. Коз┐к;37839;00
2010;010;▒. Колоб║░;38073;00
2010;011;▒. Межден;47696;00
2010;012;▒. Овен;53148;00
2010;013;▒. Око░╕;53494;00
2010;014;▒. О░е╕ене;53744;00
2010;015;▒. Паи▒иево;55186;00
2010;016;▒. Полковник Та▒лаково;57296;00
2010;017;▒. По░ойно;57813;00
2010;018;▒. П░авда;57995;00
2010;019;▒. П░о╡лада;58709;00
2010;020;▒. Раздел;61724;00
2010;021;▒. Р│йно;63286;00
2010;022;▒. Сек│лово;66038;00
2010;023;▒. Скала;66696;00
2010;024;▒. Че░ковна;80738;00
2010;025;▒. Че░ник;81966;00
2010;026;▒. Че░нолик;81150;00
2010;027;▒. Я░еби╢а;87504;00
2015;001;▒. Войново;11990;00
2015;002;▒. Голе╕;15566;00
2015;003;▒. Го▒подиново;17333;00
2015;004;▒. Давидово;20047;00
2015;005;▒. Доб░│джанка;21720;00
2015;006;▒. За░ник;30346;00
2015;007;▒. Кайна░джа;35242;00
2015;008;▒. Камен╢и;35938;00
2015;009;▒. К░аново;39462;00
2015;010;▒. Полковник Чолаково;57306;00
2015;011;▒. Поп░│▒аново;57724;00
2015;012;▒. По▒ев;57889;00
2015;013;▒. Све▓о▒лав;65615;00
2015;014;▒. С░еди╣е;68357;00
2015;015;▒. С▓░елково;69804;00
2031;001;▒. Айдеми░;00895;00
2031;002;▒. Баб│к;02097;00
2031;003;▒. Бого░ово;04772;00
2031;004;▒. Б░адва░и;06032;00
2031;005;▒. Б║лга░ка;07329;00
2031;006;▒. Ве▓░ен;10834;00
2031;007;▒. Главан;14948;00
2031;008;▒. Йо░даново;34134;00
2031;010;▒. Калипе▓░ово;41143;00
2031;011;▒. Полковник Ламб░иново;57251;00
2031;012;▒. Поп К░алево;57604;00
2031;013;▒. П░о┤е▒о░ И╕и░ково;58699;00
2031;014;г░. Сили▒▓░а;66425;00
2031;015;▒. Смиле╢;67526;00
2031;016;▒. С░а╢ими░;68254;00
2031;017;▒. С░еб║░на;68299;00
2031;018;▒. С║░пово;70665;00
2031;019;▒. Майо░ Ценови╖;78358;00
2032;001;▒. Бо▒на;05757;00
2032;002;▒. Га░ван;14547;00
2032;003;▒. Доб░о▓и╢а;21693;00
2032;004;▒. И░ник;32799;00
2032;005;▒. И▒к░а;32839;00
2032;006;▒. Л╛бен;44495;00
2032;007;▒. Нова Попина;51901;00
2032;008;▒. Пол┐на;57385;00
2032;009;▒. Попина;57577;00
2032;010;▒. Си▓ово;66665;00
2032;011;▒. Сла▓ина;67249;00
2034;001;▒. Ан▓имово;00494;00
2034;002;▒. Бели╢а;03527;00
2034;003;▒. Б░ени╢а;06389;00
2034;004;▒. Ва░нен╢и;10149;00
2034;005;▒. Д│наве╢;24044;00
2034;006;▒. Нова Че░на;51956;00
2034;007;▒. Пожа░ево;57090;00
2034;008;▒. П░е▒лав╢и;58253;00
2034;009;▒. С▓а░о ▒ело;69078;00
2034;010;▒. С┐ново;70682;00
2034;011;г░. Т│▓░акан;73496;00
2034;012;▒. Т║░нов╢и;73729;00
2034;013;▒. Ца░ев дол;78118;00
2034;014;▒. Ца░ Сам│ил;78238;00
2034;015;▒. Ш│мен╢и;83524;00
[END]

[SEC]
20;0100;201;6;002
20;0100;202;6;002
20;0100;203;6;002
20;0100;204;6;001
20;0100;205;6;003
20;0100;206;6;004
20;0100;207;6;005
20;0100;208;6;006
20;0100;209;6;007
20;0700;301;6;004
20;0700;302;6;004
20;0700;303;6;001
20;0700;304;6;002
20;0700;305;6;003
20;0700;306;6;005
20;0700;307;6;006
20;0700;308;6;010
20;0700;309;6;007
20;0700;310;6;007
20;0700;311;6;009
20;0700;312;6;008
20;0700;313;6;011
20;0700;314;6;012
20;0700;315;6;013
20;0700;316;6;014
20;0700;317;6;015
20;0700;318;6;016
20;0700;319;6;017
20;0700;320;6;018
20;0700;321;6;019
20;0700;322;6;020
20;0700;323;6;021
20;0700;324;6;022
20;0700;325;6;023
20;1000;401;6;007
20;1000;402;6;007
20;1000;403;6;007
20;1000;404;6;007
20;1000;405;6;007
20;1000;406;6;007
20;1000;407;6;007
20;1000;408;6;007
20;1000;409;6;025
20;1000;410;6;025
20;1000;411;6;025
20;1000;412;6;007
20;1000;413;6;002
20;1000;414;6;024
20;1000;415;6;005
20;1000;416;6;019
20;1000;417;6;008
20;1000;418;6;010
20;1000;419;6;011
20;1000;420;6;004
20;1000;421;6;016
20;1000;422;6;009
20;1000;423;6;017
20;1000;424;6;020
20;1000;425;6;022
20;1000;426;6;023
20;1000;427;6;026
20;1000;428;6;026
20;1000;429;6;018
20;1000;430;6;018
20;1000;431;6;027
20;1000;432;6;027
20;1000;433;6;021
20;1000;434;6;006
20;1000;435;6;001
20;1000;436;6;014
20;1000;437;6;015
20;1000;438;6;013
20;1000;439;6;013
20;1000;440;6;003
20;1000;441;6;003
20;1000;442;6;012
20;1500;501;6;001
20;1500;502;6;002
20;1500;503;6;004
20;1500;504;6;005
20;1500;505;6;006
20;1500;506;6;007
20;1500;507;6;009
20;1500;508;6;010
20;1500;509;6;012
20;1500;510;6;011
20;1500;511;6;013
20;1500;512;6;014
20;1500;513;6;014
20;1500;514;6;003
20;1500;515;6;008
20;1500;516;6;015
20;1500;517;6;007
20;3100;101;6;014
20;3100;102;6;014
20;3100;103;6;014
20;3100;104;6;014
20;3100;105;6;014
20;3100;106;6;014
20;3100;107;6;014
20;3100;108;6;014
20;3100;109;6;014
20;3100;110;6;014
20;3100;111;6;014
20;3100;112;6;014
20;3100;113;6;014
20;3100;114;6;014
20;3100;115;6;014
20;3100;116;6;014
20;3100;117;6;014
20;3100;118;6;014
20;3100;119;6;014
20;3100;120;6;014
20;3100;121;6;014
20;3100;122;6;014
20;3100;123;6;014
20;3100;124;6;014
20;3100;125;6;014
20;3100;126;6;014
20;3100;127;6;014
20;3100;128;6;014
20;3100;129;6;014
20;3100;130;6;014
20;3100;131;6;014
20;3100;132;6;014
20;3100;133;6;014
20;3100;134;6;014
20;3100;135;6;014
20;3100;136;6;014
20;3100;137;6;014
20;3100;138;6;014
20;3100;139;6;014
20;3100;140;6;014
20;3100;141;6;014
20;3100;142;6;014
20;3100;143;6;014
20;3100;144;6;014
20;3100;145;6;014
20;3100;146;6;014
20;3100;147;6;014
20;3100;148;6;014
20;3100;149;6;001
20;3100;150;6;001
20;3100;151;6;001
20;3100;152;6;001
20;3100;153;6;001
20;3100;154;6;001
20;3100;155;6;001
20;3100;156;6;001
20;3100;157;6;002
20;3100;158;6;003
20;3100;159;6;004
20;3100;160;6;005
20;3100;161;6;006
20;3100;162;6;007
20;3100;163;6;008
20;3100;164;6;010
20;3100;165;6;010
20;3100;166;6;010
20;3100;167;6;010
20;3100;168;6;010
20;3100;169;6;002
20;3100;170;6;019
20;3100;171;6;011
20;3100;172;6;013
20;3100;173;6;013
20;3100;174;6;012
20;3100;175;6;015
20;3100;176;6;016
20;3100;177;6;017
20;3100;178;6;018
20;3200;601;6;010
20;3200;602;6;001
20;3200;603;6;002
20;3200;604;6;003
20;3200;605;6;004
20;3200;606;6;005
20;3200;607;6;005
20;3200;608;6;006
20;3200;609;6;007
20;3200;610;6;008
20;3200;611;6;009
20;3200;612;6;011
20;3400;701;6;011
20;3400;702;6;011
20;3400;703;6;011
20;3400;704;6;011
20;3400;705;6;011
20;3400;706;6;011
20;3400;707;6;011
20;3400;708;6;011
20;3400;709;6;011
20;3400;710;6;011
20;3400;711;6;011
20;3400;712;6;011
20;3400;713;6;011
20;3400;714;6;002
20;3400;715;6;006
20;3400;716;6;006
20;3400;717;6;006
20;3400;718;6;010
20;3400;719;6;008
20;3400;720;6;003
20;3400;721;6;009
20;3400;722;6;009
20;3400;723;6;015
20;3400;724;6;004
20;3400;725;6;007+005
20;3400;727;6;014
20;3400;728;6;014
20;3400;729;6;012
20;3400;730;6;001
20;3400;731;6;013
20;3400;732;6;011
[END]

[MAJ]
20;6;   ;01;;;Пе▓║░ Ки░илов Бе░он и С▓о┐н В║л╖ев Анд░еев;, ;ПКБ+СВА;854;0;1
20;6;   ;02;;;Пе▓║░ С▓е┤анов С▓о┐нов и Нели Пе▓░ова К│╢кова;, ;ПСС+НПК;13943;2;2
20;6;   ;03;;;Богомил Ангелов Бонев и А▓ана▒ Иванов Желез╖ев;, ;БАБ+АИЖ;10172;0;3
20;6;   ;04;;;Жо░ж Ган╖ев Ган╖ев и Ве▒елин С▓о┐нов Бон╖ев;, ;ЖГГ+ВСБ;2081;0;4
20;6;   ;05;;;Гео░ги Седе┤╖ов П║░ванов и Ангел Иванов Ма░ин;, ;ГСП+АИМ;19217;2;5
20;6;   ;06;;;Рене▓а Иванова Инджова и К░║▒▓╛ Николов Илов;, ;РИИ+КНИ;6509;0;6
[END]

[PROP]
[END]

[LISTI]
[END]

[PROT]
6;20;0100;201;815+1+381+381+1+1+2+32+379;4+82+82+26+173+12
6;20;0100;202;632+1+346+346+1+0+1+19+345;3+56+69+17+185+15
6;20;0100;203;366+0+191+191+0+2+2+11+189;2+45+28+12+95+7
6;20;0100;204;537+1+250+250+0+0+0+0+250;3+47+23+11+163+3
6;20;0100;205;287+0+139+139+0+0+0+8+139;5+59+12+4+25+34
6;20;0100;206;126+3+61+61+0+0+0+1+61;3+12+8+4+33+1
6;20;0100;207;124+3+79+79+0+0+0+1+79;3+16+8+2+45+5
6;20;0100;208;124+4+75+75+0+0+0+4+75;3+12+27+3+26+4
6;20;0100;209;285+1+94+94+0+1+1+4+93;3+33+11+3+7+36
6;20;0700;301;847+1+418+418+1+3+4+10+414;9+48+78+9+247+23
6;20;0700;302;864+2+335+335+0+0+0+5+335;6+48+50+15+180+36
6;20;0700;303;185+2+85+85+0+3+3+6+82;8+31+24+5+4+10
6;20;0700;304;485+2+153+153+0+4+4+7+149;4+64+24+10+30+17
6;20;0700;305;310+0+179+179+0+0+0+6+179;5+112+22+5+5+30
6;20;0700;306;562+2+203+203+2+3+5+8+198;8+101+21+8+28+32
6;20;0700;307;340+6+162+162+0+2+2+0+160;11+44+5+10+72+18
6;20;0700;308;401+1+189+189+0+0+0+0+189;3+112+13+2+5+54
6;20;0700;309;422+0+206+206+0+1+1+0+205;2+31+32+12+123+5
6;20;0700;310;482+0+156+156+0+1+1+9+155;1+41+38+7+57+11
6;20;0700;311;645+2+300+300+0+1+1+3+299;9+96+28+2+18+146
6;20;0700;312;413+2+184+184+1+1+2+4+182;5+94+23+2+22+36
6;20;0700;313;487+2+192+192+0+1+1+2+191;8+99+12+5+11+56
6;20;0700;314;429+3+128+128+1+2+3+3+125;9+57+18+12+17+12
6;20;0700;315;197+1+104+104+0+1+1+4+103;10+45+8+2+4+34
6;20;0700;316;467+3+297+297+0+0+0+17+297;1+152+20+4+17+103
6;20;0700;317;356+3+206+206+0+0+0+9+206;4+22+16+16+138+10
6;20;0700;318;493+3+239+239+1+4+5+0+234;13+99+19+11+32+60
6;20;0700;319;162+1+127+127+0+0+0+4+127;1+22+12+6+85+1
6;20;0700;320;317+2+175+175+0+0+0+0+175;7+56+82+3+13+14
6;20;0700;321;186+5+119+119+0+0+0+7+119;1+21+21+11+63+2
6;20;0700;322;417+3+266+266+1+1+2+6+264;4+48+34+8+168+2
6;20;0700;323;809+0+280+280+1+3+4+10+276;8+45+55+30+94+44
6;20;0700;324;603+2+262+262+0+3+3+15+259;9+48+37+3+15+147
6;20;0700;325;425+2+189+189+0+5+5+13+184;12+50+39+21+50+12
6;20;1000;401;777+2+308+308+0+0+0+6+308;1+76+42+6+158+25
6;20;1000;402;483+0+260+260+0+2+2+3+258;0+20+52+5+178+3
6;20;1000;403;925+0+310+310+1+1+2+21+308;2+52+94+6+116+38
6;20;1000;404;814+1+346+346+0+1+1+15+345;0+54+85+18+154+34
6;20;1000;405;701+5+322+322+0+0+0+7+322;1+34+64+4+205+14
6;20;1000;406;869+3+276+276+0+5+5+22+271;7+114+52+9+61+28
6;20;1000;407;769+0+253+253+0+0+0+24+253;2+38+55+8+131+19
6;20;1000;408;800+5+250+250+3+3+6+26+244;12+100+31+4+51+46
6;20;1000;409;896+1+219+219+1+1+2+13+217;6+54+24+11+37+85
6;20;1000;410;790+3+176+176+0+0+0+0+176;4+96+15+4+9+48
6;20;1000;411;435+4+112+112+0+0+0+3+112;4+53+11+4+13+27
6;20;1000;412;52+1+26+26+0+0+0+0+26;0+7+6+2+10+1
6;20;1000;413;760+0+211+211+1+1+2+0+209;17+54+32+10+4+92
6;20;1000;414;385+2+177+177+1+0+1+7+176;7+45+10+7+41+66
6;20;1000;415;473+1+241+241+0+1+1+13+240;2+35+54+18+93+38
6;20;1000;416;193+2+119+119+0+0+0+0+119;4+16+3+5+55+36
6;20;1000;417;499+4+194+194+1+2+3+0+191;4+33+17+4+26+107
6;20;1000;418;438+2+137+137+1+1+2+2+135;2+12+5+0+3+113
6;20;1000;419;629+3+272+272+0+0+0+18+272;0+29+39+21+130+53
6;20;1000;420;101+2+72+72+0+1+1+0+71;1+6+12+4+42+6
6;20;1000;421;333+3+244+244+0+0+0+0+244;0+15+13+1+4+211
6;20;1000;422;175+2+177+177+0+0+0+0+177;0+12+2+15+135+13
6;20;1000;423;886+2+280+280+8+0+8+0+272;12+67+14+8+13+158
6;20;1000;424;544+1+199+199+1+1+2+0+197;4+54+28+4+10+97
6;20;1000;425;706+0+368+368+0+0+0+0+368;12+108+44+15+155+34
6;20;1000;426;107+1+107+107+0+0+0+0+107;4+26+1+4+47+25
6;20;1000;427;670+0+193+193+0+2+2+9+191;10+40+15+6+10+110
6;20;1000;428;590+1+215+215+0+0+0+0+215;7+38+13+2+30+125
6;20;1000;429;765+1+292+292+0+3+3+19+289;4+106+23+3+16+137
6;20;1000;430;609+3+216+216+0+4+4+10+212;5+55+11+5+6+130
6;20;1000;431;631+3+234+234+0+0+0+0+234;2+34+26+4+18+150
6;20;1000;432;631+7+248+248+0+0+0+0+248;8+46+16+5+4+169
6;20;1000;433;796+0+349+349+2+1+3+0+346;3+50+16+2+8+267
6;20;1000;434;413+1+234+234+3+1+4+7+230;2+49+10+4+16+149
6;20;1000;435;750+1+288+288+1+2+3+4+285;3+31+11+2+7+231
6;20;1000;436;352+1+189+189+0+0+0+0+189;2+29+2+1+4+151
6;20;1000;437;792+0+325+325+0+2+2+15+323;8+73+18+7+29+188
6;20;1000;438;762+0+330+330+1+1+2+15+328;12+91+30+7+102+86
6;20;1000;439;688+0+314+314+0+0+0+20+314;7+63+44+14+133+53
6;20;1000;440;529+0+122+122+0+2+2+6+120;1+38+14+0+3+64
6;20;1000;441;492+2+132+132+0+0+0+0+132;4+29+14+6+14+65
6;20;1000;442;820+4+403+403+0+0+0+17+403;8+100+26+8+7+254
6;20;1500;501;179+5+121+121+0+0+0+0+121;3+24+18+2+73+1
6;20;1500;502;757+1+308+308+0+3+3+23+305;24+194+19+11+50+7
6;20;1500;503;108+2+63+63+0+1+1+2+62;9+22+7+0+12+12
6;20;1500;504;91+0+59+59+0+0+0+9+59;1+25+8+1+21+3
6;20;1500;505;292+1+138+138+0+1+1+5+137;9+82+5+3+35+3
6;20;1500;506;448+0+293+293+2+2+4+18+289;2+64+44+11+165+3
6;20;1500;507;178+0+140+140+1+0+1+0+139;0+11+12+8+107+1
6;20;1500;508;151+0+74+74+0+0+0+0+74;6+50+4+1+10+3
6;20;1500;509;199+0+68+68+0+0+0+0+68;2+27+3+2+24+10
6;20;1500;510;35+0+24+24+0+0+0+0+24;0+2+3+1+18+0
6;20;1500;511;117+0+66+66+0+0+0+0+66;0+15+9+1+40+1
6;20;1500;512;453+0+258+258+0+2+2+14+256;7+81+33+6+123+6
6;20;1500;513;504+0+209+209+0+3+3+15+206;8+149+4+4+32+9
6;20;1500;514;57+0+49+49+0+0+0+0+49;0+19+9+1+20+0
6;20;1500;515;42+2+37+37+0+0+0+0+37;0+10+1+1+23+2
6;20;1500;516;36+0+24+24+0+0+0+0+24;1+2+3+2+16+0
6;20;1500;517;431+0+262+262+1+1+2+4+260;3+39+50+8+158+2
6;20;3100;101;1189+1+621+621+0+0+0+12+621;4+189+129+17+269+13
6;20;3100;102;586+0+257+257+1+0+1+5+256;1+81+71+5+89+9
6;20;3100;103;593+1+259+259+0+0+0+8+259;1+79+71+9+88+11
6;20;3100;104;592+1+251+251+1+0+1+8+250;3+46+84+6+92+19
6;20;3100;105;1039+0+481+481+0+0+0+0+481;6+128+139+9+184+15
6;20;3100;106;753+1+318+318+1+0+1+5+317;1+94+94+11+111+6
6;20;3100;107;617+2+270+270+0+3+3+0+267;2+73+73+9+103+7
6;20;3100;108;835+1+403+403+1+0+1+0+402;2+97+131+8+147+17
6;20;3100;109;803+0+357+357+0+0+0+16+357;0+98+90+13+148+8
6;20;3100;110;897+6+339+339+2+0+2+7+337;6+78+108+18+116+11
6;20;3100;111;596+0+264+264+0+0+0+0+264;0+65+98+7+86+8
6;20;3100;112;714+1+299+299+3+0+3+3+296;1+78+75+9+118+15
6;20;3100;113;978+0+469+469+0+2+2+29+467;3+122+111+12+206+13
6;20;3100;114;623+0+313+313+0+0+0+12+313;3+77+67+11+145+10
6;20;3100;115;771+1+332+332+0+0+0+0+332;2+86+80+18+133+13
6;20;3100;116;689+3+318+318+0+1+1+14+317;1+78+86+19+120+13
6;20;3100;117;975+0+323+323+0+0+0+5+323;3+67+117+20+104+12
6;20;3100;118;1063+0+403+403+2+0+2+0+401;2+130+116+17+123+13
6;20;3100;119;972+0+342+342+0+2+2+0+340;10+102+93+20+92+23
6;20;3100;120;546+4+239+239+3+0+3+5+236;1+53+54+12+103+13
6;20;3100;121;1132+3+398+398+2+0+2+0+396;1+107+130+16+132+10
6;20;3100;122;850+0+362+362+0+0+0+0+362;0+100+90+22+138+12
6;20;3100;123;1394+0+567+567+0+0+0+13+567;2+151+141+17+240+16
6;20;3100;124;788+0+374+374+0+2+2+16+372;4+89+105+14+148+12
6;20;3100;125;749+0+323+323+0+1+1+0+322;3+90+73+13+127+16
6;20;3100;126;788+0+370+370+0+1+1+10+369;2+81+99+10+172+5
6;20;3100;127;990+0+470+470+0+0+0+0+470;3+118+108+17+209+15
6;20;3100;128;1003+1+491+491+1+0+1+490+490;5+147+114+20+189+15
6;20;3100;129;533+3+251+251+0+1+1+7+250;1+59+60+3+120+7
6;20;3100;130;1091+6+403+403+1+2+3+18+400;2+161+93+16+115+13
6;20;3100;131;674+0+289+289+0+2+2+0+287;4+94+89+11+75+14
6;20;3100;132;1012+0+450+450+0+2+2+29+448;9+117+110+15+160+37
6;20;3100;133;956+1+223+223+1+2+3+13+220;6+115+24+9+38+28
6;20;3100;134;949+0+381+381+0+5+5+15+376;2+121+94+13+130+16
6;20;3100;135;610+3+237+237+2+2+4+0+233;2+68+49+12+90+12
6;20;3100;136;833+3+400+400+1+2+3+21+397;3+157+66+7+147+17
6;20;3100;137;1173+1+587+587+2+0+2+36+585;6+189+143+9+220+18
6;20;3100;138;799+2+372+372+1+0+1+27+371;0+111+107+12+137+4
6;20;3100;139;981+6+423+423+0+0+0+20+423;4+130+132+8+133+16
6;20;3100;140;1214+6+522+522+4+1+5+28+517;6+148+154+13+180+16
6;20;3100;141;730+2+343+343+1+0+1+19+342;4+73+102+10+142+11
6;20;3100;142;616+1+322+322+0+0+0+14+322;1+82+91+16+132+0
6;20;3100;143;817+0+376+376+1+0+1+7+375;5+86+120+8+153+3
6;20;3100;144;1157+0+473+473+1+0+1+0+472;3+130+130+11+173+25
6;20;3100;145;610+0+188+188+0+0+0+0+188;1+62+43+2+61+19
6;20;3100;146;858+2+421+421+2+1+3+10+418;1+128+91+7+171+20
6;20;3100;147;57+0+23+23+0+0+0+0+23;0+7+7+1+8+0
6;20;3100;148;204+1+143+143+0+2+2+9+141;3+30+19+9+80+0
6;20;3100;149;967+1+336+336+0+2+2+0+334;3+98+95+16+100+22
6;20;3100;150;976+2+389+389+2+2+4+0+385;2+119+112+22+111+19
6;20;3100;151;971+5+363+363+0+0+0+5+363;2+111+93+30+111+16
6;20;3100;152;806+1+330+330+1+1+2+6+328;2+96+69+14+135+12
6;20;3100;153;918+2+448+448+0+0+0+10+448;3+132+80+24+204+5
6;20;3100;154;656+2+354+354+0+0+0+15+354;1+77+74+11+182+9
6;20;3100;155;561+1+290+290+0+1+1+9+289;5+70+60+13+131+10
6;20;3100;156;578+5+269+269+0+5+5+2+264;2+51+64+18+118+11
6;20;3100;157;581+3+342+342+1+2+3+19+339;4+89+41+9+190+6
6;20;3100;158;88+2+60+60+0+0+0+2+60;1+11+14+1+32+1
6;20;3100;159;989+8+270+270+0+3+3+15+267;8+117+62+6+40+34
6;20;3100;160;177+5+95+95+0+0+0+6+95;1+18+21+9+46+0
6;20;3100;161;348+5+227+227+0+1+1+0+226;3+75+36+6+101+5
6;20;3100;162;99+6+77+77+0+0+0+0+77;0+7+10+1+56+3
6;20;3100;163;441+1+158+158+0+1+1+3+157;8+57+15+4+41+32
6;20;3100;164;895+1+485+485+1+2+3+0+482;2+84+83+17+285+11
6;20;3100;165;956+2+429+429+3+1+4+14+425;2+80+105+16+214+8
6;20;3100;166;568+0+260+260+0+2+2+0+258;5+54+52+18+123+6
6;20;3100;167;768+2+423+423+0+1+1+0+422;4+59+89+33+224+13
6;20;3100;168;940+0+414+414+0+9+9+0+405;22+183+70+24+86+20
6;20;3100;169;150+4+104+104+1+0+1+0+103;3+11+18+5+65+1
6;20;3100;170;65+2+48+48+0+0+0+0+48;1+12+5+2+27+1
6;20;3100;171;112+5+71+71+0+0+0+5+71;2+20+7+0+41+1
6;20;3100;172;581+2+236+236+0+0+0+0+236;1+42+39+8+120+26
6;20;3100;173;598+2+318+318+0+2+2+0+316;3+44+52+6+174+37
6;20;3100;174;129+0+82+82+0+0+0+0+82;0+15+11+5+50+1
6;20;3100;175;463+5+242+242+0+0+0+10+242;4+32+44+10+147+5
6;20;3100;176;334+3+224+224+1+0+1+0+223;3+34+25+13+140+8
6;20;3100;177;782+0+434+434+0+4+4+35+430;6+58+42+21+294+9
6;20;3100;178;50+1+27+27+0+1+1+0+26;0+9+3+5+9+0
6;20;3200;601;894+1+478+478+0+2+2+22+476;2+69+67+37+298+3
6;20;3200;602;387+0+175+175+1+0+1+4+174;8+85+12+4+15+50
6;20;3200;603;511+4+268+268+2+3+5+10+263;9+71+41+14+125+3
6;20;3200;604;506+1+334+334+0+0+0+24+334;3+32+65+32+194+8
6;20;3200;605;136+5+74+74+0+0+0+0+74;2+12+18+3+38+1
6;20;3200;606;983+0+171+171+0+2+2+6+169;7+66+24+3+16+53
6;20;3200;607;564+0+130+130+1+1+2+1+128;4+48+13+6+22+35
6;20;3200;608;526+0+169+169+0+0+0+0+169;7+80+21+9+25+27
6;20;3200;609;95+3+75+75+0+0+0+3+75;0+26+11+1+31+6
6;20;3200;610;195+4+137+137+0+0+0+5+137;4+51+28+8+45+1
6;20;3200;611;838+2+406+406+1+2+3+39+403;4+103+59+12+217+8
6;20;3200;612;163+3+103+103+0+0+0+3+103;4+23+13+10+52+1
6;20;3400;701;754+0+377+377+1+0+1+16+376;0+90+93+24+159+10
6;20;3400;702;719+0+299+299+0+0+0+14+299;4+84+68+11+123+9
6;20;3400;703;750+0+301+301+0+0+0+6+301;6+105+60+12+64+54
6;20;3400;704;674+0+255+255+2+5+7+10+248;10+105+34+5+41+53
6;20;3400;705;684+0+271+271+0+1+1+11+270;0+67+99+8+87+9
6;20;3400;706;790+0+350+350+0+2+2+15+348;2+84+81+11+159+11
6;20;3400;707;705+0+254+254+0+0+0+0+254;2+45+70+7+124+6
6;20;3400;708;619+0+224+224+1+0+1+0+223;0+59+88+11+56+9
6;20;3400;709;714+0+334+334+0+0+0+12+334;5+53+97+19+159+1
6;20;3400;710;702+1+298+298+1+0+1+15+297;2+79+69+14+124+9
6;20;3400;711;652+0+286+286+0+1+1+8+285;4+69+79+13+96+24
6;20;3400;712;744+0+323+323+0+0+0+10+323;3+71+95+14+131+9
6;20;3400;713;588+0+222+222+1+1+2+4+220;13+67+52+16+58+14
6;20;3400;714;676+0+371+371+2+1+3+9+368;1+84+67+27+185+4
6;20;3400;715;532+0+252+252+0+0+0+10+252;4+64+61+20+100+3
6;20;3400;716;637+0+141+141+0+0+0+1+141;0+44+14+2+40+41
6;20;3400;717;513+2+196+196+1+0+1+6+195;3+41+31+27+74+19
6;20;3400;718;97+1+62+62+0+0+0+1+62;1+19+7+3+31+1
6;20;3400;719;619+1+254+254+0+1+1+0+253;1+145+27+11+22+47
6;20;3400;720;227+3+101+101+0+0+0+6+101;3+35+16+1+24+22
6;20;3400;721;502+0+260+260+0+0+0+0+260;2+26+48+15+167+2
6;20;3400;722;663+1+316+316+0+1+1+0+315;1+48+72+20+165+9
6;20;3400;723;593+1+287+287+1+1+2+8+285;6+80+50+23+115+11
6;20;3400;724;374+3+242+242+1+0+1+10+241;2+46+46+15+127+5
6;20;3400;725;136+3+78+78+0+0+0+0+78;2+17+5+7+44+3
6;20;3400;727;549+0+191+191+0+5+5+0+186;7+34+41+9+72+23
6;20;3400;728;792+0+200+200+1+3+4+0+196;10+53+9+11+33+80
6;20;3400;729;316+2+146+146+0+1+1+0+145;9+47+18+4+46+21
6;20;3400;730;65+4+41+41+0+0+0+0+41;1+9+5+3+23+0
6;20;3400;731;94+4+64+64+0+0+0+0+64;2+16+10+4+27+5
6;20;3400;732;22+0+14+14+1+0+1+0+13;0+8+1+0+4+0
[END]

[AGGR]
20;6;   ;6+214+214+121754+339+53078+53078+101+201+302+1996+52776;854+13943+10172+2081+19217+6509
[END]

