[INFO]
21;Сливен;201
[END]

[IZB]
21;6;   ;;11.11.2001;1;6;308
[END]

[NM]
2111;001;▒. Бо░ин╢и;05480;00
2111;002;▒. Б░а▓ан;06135;00
2111;005;▒. Г░аде╢;17436;00
2111;006;▒. Д║бова;24270;00
2111;007;▒. Же░авна;29283;00
2111;010;▒. Ка▓│ни╣е;36681;00
2111;011;▒. Кипилово;36854;00
2111;012;г░. Ко▓ел;39030;00
2111;013;▒. Малко ▒ело;46646;00
2111;014;▒. Медвен;47528;00
2111;016;▒. Мок░ен;00045;00
2111;017;▒. Нейково;51398;00
2111;020;▒. О░лово;53919;00
2111;021;▒. О▒▓░а Могила;54300;00
2111;023;▒. П║да░ево;58966;00
2111;025;▒. Седла░ево;65958;00
2111;026;▒. Сокола░╢и;67859;00
2111;027;▒. С▓░ел╢и;69821;00
2111;028;▒. Ти╖а;72480;00
2111;029;▒. Топ│зево;72833;00
2111;030;▒. Фила░е▓ово;76073;00
2111;031;▒. Ябланово;87031;00
2116;001;▒. А▒енове╢;00713;00
2116;002;▒. Бан┐;02734;00
2116;003;▒. Богданово;04635;00
2116;004;▒. Б░┐▒▓ово;06788;00
2116;005;▒. Б┐л кладене╢;07778;00
2116;007;▒. Г░а┤и▓ово;17810;00
2116;008;▒. Д┐дово;24760;00
2116;009;▒. Езе░о;27111;00
2116;010;▒. Еленово;27245;00
2116;011;▒. Заго░╢и;30171;00
2116;012;▒. Каменово;35907;00
2116;013;▒. Ка░аново;36395;00
2116;014;▒. Кон╝ово;38426;00
2116;015;▒. Ко░▓ен;38683;00
2116;016;▒. К░ива к░│╕а;39757;00
2116;017;▒. Л╛бене╢;44505;00
2116;018;▒. Л╛бенова ма╡ала;44522;00
2116;019;▒. Млека░ево;48725;00
2116;020;▒. На│╖ен;51161;00
2116;021;г░. Нова Заго░а;51809;00
2116;022;▒. Ново▒еле╢;52146;00
2116;023;▒. Ома░╖ево;53518;00
2116;024;▒. Пе▓ могили;56068;00
2116;025;▒. Пи▓ово;56527;00
2116;026;▒. Пол▒ко п║да░ево;57371;00
2116;027;▒. П░о╡о░ово;58726;00
2116;028;▒. Радево;61310;00
2116;029;▒. Раде╢ки;61340;00
2116;030;▒. Сокол;67831;00
2116;031;▒. С▓оил войвода;69314;00
2116;032;▒. С║б░ано;70456;00
2116;033;▒. С║диево;70487;00
2116;034;▒. С║дий▒ко поле;70490;00
2116;035;▒. Ценино;78344;00
2120;001;▒. Биково;04039;00
2120;004;▒. Бинко▒;04114;00
2120;005;▒. Бла▓е╢;04337;00
2120;006;▒. Божев╢и;04947;00
2120;007;▒. Бозаджии;05092;00
2120;008;▒. Б┐ла;07613;00
2120;009;▒. В║глен;12414;00
2120;010;▒. Гав░аилово;14275;00
2120;011;▒. Ге░геве╢;14800;00
2120;012;▒. Гл│┤и╕ево;15206;00
2120;013;▒. Гл│╕ник;15237;00
2120;014;▒. Гол┐мо Чо╖овен;15936;00
2120;015;▒. Го░но Алек▒анд░ово;16688;00
2120;016;▒. Г░ад▒ко;17600;00
2120;017;▒. Д░агоданово;23337;00
2120;018;▒. Жел╝о войвода;29194;00
2120;019;▒. Зай╖а░и;30257;00
2120;020;▒. Зла▓и войвода;30990;00
2120;021;▒. Изг░ев;32545;00
2120;022;▒. И╖е░а;32915;00
2120;023;▒. Кало┐ново;35537;00
2120;024;▒. Камен;35660;00
2120;025;г░. Ке░мен;36779;00
2120;027;▒. Кова╖и▓е;37530;00
2120;029;▒. К░│╕а░е;40083;00
2120;030;▒. Малко Чо╖овен;46694;00
2120;032;▒. Ме╖ка░ево;47980;00
2120;033;▒. Младово;48708;00
2120;035;▒. Николаево;51634;00
2120;037;▒. Нова╖ево;51929;00
2120;038;▒. Пана░е▓ов╢и;55333;00
2120;039;▒. Раково;62061;00
2120;041;▒. Сам│илово;65303;00
2120;042;▒. Селиминово;66041;00
2120;043;▒. Скобелево;66812;00
2120;044;г░. Сливен;67338;00
2120;046;▒. Со▓и░┐;68117;00
2120;047;▒. С░едо░ек;68549;00
2120;048;▒. С▓а░а ░ека;68864;00
2120;049;▒. С▓а░о ▒ело;69081;00
2120;050;▒. Чокоба;81534;00
2120;051;▒. С▓░│пе╢;69986;00
2120;052;▒. Топол╖ане;72816;00
2120;053;▒. Т░апоклово;73016;00
2120;054;▒. Чин▓│лово;81387;00
2124;001;▒. Близне╢;04443;00
2124;002;▒. Бо░ов дол;05551;00
2124;003;▒. Б┐ла паланка;07644;00
2124;004;▒. Ж║л▓ б░┐г;29533;00
2124;005;▒. О░иза░и;53847;00
2124;006;▒. Сбо░и╣е;65499;00
2124;007;▒. С║░╢ево;70679;00
2124;008;г░. Тв║░ди╢а;72165;00
2124;009;▒. Че░венаково;80474;00
2124;010;г░. Шива╖ево;15944;00
[END]

[SEC]
21;1100;001;6;016
21;1100;002;6;001
21;1100;003;6;002
21;1100;004;6;005
21;1100;005;6;005
21;1100;006;6;005
21;1100;007;6;005
21;1100;008;6;005
21;1100;009;6;006
21;1100;010;6;007
21;1100;011;6;010
21;1100;012;6;011
21;1100;013;6;012
21;1100;014;6;012
21;1100;015;6;012
21;1100;016;6;012
21;1100;017;6;012
21;1100;018;6;012
21;1100;019;6;012
21;1100;020;6;012
21;1100;021;6;012
21;1100;022;6;013
21;1100;023;6;014
21;1100;024;6;017
21;1100;025;6;020
21;1100;026;6;021
21;1100;027;6;023
21;1100;028;6;025
21;1100;029;6;026
21;1100;030;6;027
21;1100;031;6;028
21;1100;032;6;028
21;1100;033;6;029
21;1100;034;6;030
21;1100;035;6;031
21;1100;036;6;031
21;1100;037;6;031
21;1100;038;6;031
21;1600;001;6;021
21;1600;002;6;021
21;1600;003;6;021
21;1600;004;6;021
21;1600;005;6;021
21;1600;006;6;021
21;1600;007;6;021
21;1600;008;6;021
21;1600;009;6;021
21;1600;010;6;021
21;1600;011;6;021
21;1600;012;6;021
21;1600;013;6;021
21;1600;014;6;021
21;1600;015;6;021
21;1600;016;6;021
21;1600;017;6;021
21;1600;018;6;021
21;1600;019;6;021
21;1600;020;6;021
21;1600;021;6;021
21;1600;022;6;021
21;1600;023;6;021
21;1600;024;6;021
21;1600;025;6;021
21;1600;026;6;021
21;1600;027;6;021
21;1600;028;6;021
21;1600;029;6;021
21;1600;030;6;015
21;1600;031;6;015
21;1600;032;6;001
21;1600;033;6;004
21;1600;034;6;013
21;1600;035;6;016
21;1600;036;6;002
21;1600;037;6;002
21;1600;038;6;033
21;1600;039;6;035
21;1600;040;6;034
21;1600;041;6;020
21;1600;042;6;012
21;1600;043;6;014
21;1600;044;6;009
21;1600;045;6;026
21;1600;046;6;023+007
21;1600;047;6;025
21;1600;048;6;027
21;1600;049;6;010
21;1600;050;6;030
21;1600;051;6;028
21;1600;052;6;019
21;1600;053;6;005
21;1600;054;6;029
21;1600;055;6;022
21;1600;056;6;024
21;1600;057;6;031
21;1600;058;6;008
21;1600;059;6;003
21;1600;060;6;018
21;1600;061;6;017
21;1600;062;6;032
21;1600;063;6;011
21;2000;001;6;044
21;2000;002;6;044
21;2000;003;6;044
21;2000;004;6;044
21;2000;005;6;044
21;2000;006;6;044
21;2000;007;6;044
21;2000;008;6;044
21;2000;009;6;044
21;2000;010;6;044
21;2000;011;6;044
21;2000;012;6;044
21;2000;013;6;044
21;2000;014;6;044
21;2000;015;6;044
21;2000;016;6;044
21;2000;017;6;044
21;2000;018;6;044
21;2000;019;6;044
21;2000;020;6;044
21;2000;021;6;044
21;2000;022;6;044
21;2000;023;6;044
21;2000;024;6;044
21;2000;025;6;044
21;2000;026;6;044
21;2000;027;6;044
21;2000;028;6;044
21;2000;029;6;044
21;2000;030;6;044
21;2000;031;6;044
21;2000;032;6;044
21;2000;033;6;044
21;2000;034;6;044
21;2000;035;6;044
21;2000;036;6;044
21;2000;037;6;044
21;2000;038;6;044
21;2000;039;6;044
21;2000;040;6;044
21;2000;041;6;044
21;2000;042;6;044
21;2000;043;6;044
21;2000;044;6;044
21;2000;045;6;044
21;2000;046;6;044
21;2000;047;6;044
21;2000;048;6;044
21;2000;049;6;044
21;2000;050;6;044
21;2000;051;6;044
21;2000;052;6;044
21;2000;053;6;044
21;2000;054;6;044
21;2000;055;6;044
21;2000;056;6;044
21;2000;057;6;044
21;2000;058;6;044
21;2000;059;6;044
21;2000;060;6;044
21;2000;061;6;044
21;2000;062;6;044
21;2000;063;6;044
21;2000;064;6;044
21;2000;065;6;044
21;2000;066;6;044
21;2000;067;6;044
21;2000;068;6;044
21;2000;069;6;044
21;2000;070;6;044
21;2000;071;6;044
21;2000;072;6;044
21;2000;073;6;044
21;2000;074;6;044
21;2000;075;6;044
21;2000;076;6;044
21;2000;077;6;044
21;2000;078;6;044
21;2000;079;6;044
21;2000;080;6;044
21;2000;081;6;044
21;2000;082;6;044
21;2000;083;6;044
21;2000;084;6;044
21;2000;085;6;044
21;2000;086;6;044
21;2000;087;6;044
21;2000;088;6;044
21;2000;089;6;044
21;2000;090;6;044
21;2000;091;6;044
21;2000;092;6;044
21;2000;093;6;044
21;2000;094;6;044
21;2000;095;6;044
21;2000;096;6;044
21;2000;097;6;044
21;2000;098;6;044
21;2000;099;6;044
21;2000;100;6;044
21;2000;101;6;044
21;2000;102;6;044
21;2000;103;6;044
21;2000;104;6;044
21;2000;105;6;044
21;2000;106;6;044
21;2000;107;6;044
21;2000;108;6;044
21;2000;109;6;044
21;2000;110;6;044
21;2000;111;6;044
21;2000;112;6;044
21;2000;113;6;044
21;2000;114;6;044
21;2000;115;6;044
21;2000;116;6;044
21;2000;117;6;044
21;2000;118;6;044
21;2000;119;6;044
21;2000;120;6;044
21;2000;121;6;044
21;2000;122;6;044
21;2000;123;6;044
21;2000;124;6;044
21;2000;125;6;044
21;2000;126;6;044
21;2000;127;6;046
21;2000;128;6;046
21;2000;129;6;022
21;2000;130;6;039
21;2000;131;6;048
21;2000;132;6;021
21;2000;133;6;006
21;2000;134;6;047
21;2000;135;6;019
21;2000;136;6;016
21;2000;137;6;037
21;2000;138;6;009
21;2000;139;6;008
21;2000;140;6;008
21;2000;141;6;054
21;2000;142;6;030
21;2000;143;6;014
21;2000;144;6;010
21;2000;145;6;010
21;2000;146;6;042
21;2000;147;6;042
21;2000;148;6;004
21;2000;149;6;051
21;2000;150;6;049
21;2000;151;6;020
21;2000;152;6;020
21;2000;153;6;027
21;2000;154;6;027
21;2000;155;6;035
21;2000;156;6;033
21;2000;157;6;001
21;2000;158;6;007
21;2000;159;6;043
21;2000;160;6;025
21;2000;161;6;025
21;2000;162;6;025
21;2000;163;6;050
21;2000;164;6;012
21;2000;165;6;038
21;2000;166;6;041
21;2000;167;6;041
21;2000;168;6;032
21;2000;169;6;011
21;2000;170;6;029
21;2000;171;6;029
21;2000;172;6;024
21;2000;173;6;024
21;2000;174;6;018
21;2000;175;6;018
21;2000;176;6;018
21;2000;177;6;018
21;2000;178;6;052
21;2000;179;6;052
21;2000;180;6;052
21;2000;181;6;023
21;2000;182;6;013
21;2000;183;6;053
21;2000;184;6;017
21;2000;185;6;005
21;2000;186;6;015
21;2000;187;6;044
21;2000;188;6;044
21;2000;189;6;044
21;2400;001;6;008
21;2400;002;6;008
21;2400;003;6;008
21;2400;004;6;008
21;2400;005;6;008
21;2400;006;6;008
21;2400;008;6;005
21;2400;009;6;006
21;2400;010;6;006
21;2400;011;6;010
21;2400;012;6;010
21;2400;013;6;010
21;2400;014;6;009
21;2400;015;6;001
21;2400;016;6;007
21;2400;017;6;002
21;2400;018;6;004
21;2400;019;6;003
[END]

[MAJ]
21;6;   ;01;;;Пе▓║░ Ки░илов Бе░он и С▓о┐н В║л╖ев Анд░еев;, ;ПКБ+СВА;909;0;1
21;6;   ;02;;;Пе▓║░ С▓е┤анов С▓о┐нов и Нели Пе▓░ова К│╢кова;, ;ПСС+НПК;21694;2;2
21;6;   ;03;;;Богомил Ангелов Бонев и А▓ана▒ Иванов Желез╖ев;, ;БАБ+АИЖ;13537;0;3
21;6;   ;04;;;Жо░ж Ган╖ев Ган╖ев и Ве▒елин С▓о┐нов Бон╖ев;, ;ЖГГ+ВСБ;2614;0;4
21;6;   ;05;;;Гео░ги Седе┤╖ов П║░ванов и Ангел Иванов Ма░ин;, ;ГСП+АИМ;28178;2;5
21;6;   ;06;;;Рене▓а Иванова Инджова и К░║▒▓╛ Николов Илов;, ;РИИ+КНИ;2889;0;6
[END]

[PROP]
[END]

[LISTI]
[END]

[PROT]
6;21;1100;001;697+47+353+353+3+0+3+12+350;12+101+69+19+145+4
6;21;1100;002;172+0+83+83+0+0+0+0+83;0+12+21+13+34+3
6;21;1100;003;47+3+27+27+0+0+0+0+27;0+5+4+0+1+17
6;21;1100;004;624+4+236+236+3+5+8+15+228;11+61+43+14+92+7
6;21;1100;005;460+0+94+94+0+0+0+0+94;5+21+2+4+55+7
6;21;1100;006;395+1+61+61+0+3+3+11+58;6+13+6+4+29+0
6;21;1100;007;517+0+112+112+1+2+3+4+109;5+19+14+11+57+3
6;21;1100;008;427+2+59+59+0+2+2+4+57;5+19+6+4+19+4
6;21;1100;009;102+7+78+78+2+0+2+0+76;1+20+3+1+4+47
6;21;1100;010;450+3+226+226+0+1+1+0+225;0+77+27+18+98+5
6;21;1100;011;45+1+35+35+0+0+0+0+35;0+6+11+0+16+2
6;21;1100;012;670+12+339+339+0+4+4+10+335;1+49+33+29+215+8
6;21;1100;013;616+1+283+283+0+1+1+0+282;0+66+76+7+122+11
6;21;1100;014;717+1+340+340+3+0+3+0+337;2+95+74+7+151+8
6;21;1100;015;532+1+213+213+0+0+0+0+213;1+63+56+8+81+4
6;21;1100;016;804+0+337+337+2+4+6+0+331;5+77+70+8+158+13
6;21;1100;017;663+2+259+259+0+1+1+0+258;2+82+55+7+105+7
6;21;1100;018;541+0+208+208+0+0+0+8+208;3+47+27+4+117+10
6;21;1100;019;515+0+184+184+2+0+2+12+182;3+41+46+7+76+9
6;21;1100;020;660+0+216+216+0+0+0+10+216;8+111+25+15+55+2
6;21;1100;021;683+0+202+202+0+2+2+9+200;7+66+27+5+92+3
6;21;1100;022;446+2+217+217+0+1+1+2+216;6+176+16+3+5+10
6;21;1100;023;165+5+119+119+0+1+1+5+118;2+27+20+4+64+1
6;21;1100;024;468+2+255+255+1+1+2+16+253;6+33+50+37+119+8
6;21;1100;025;179+2+73+73+0+2+2+0+71;2+5+8+0+6+50
6;21;1100;026;190+2+86+86+2+0+2+0+84;1+17+12+0+0+54
6;21;1100;027;506+7+274+274+0+0+0+5+274;13+49+47+29+127+9
6;21;1100;028;52+2+45+45+0+1+1+2+44;1+13+3+2+23+2
6;21;1100;029;509+1+158+158+0+1+1+4+157;6+73+13+4+5+56
6;21;1100;030;383+0+134+134+6+0+6+0+128;5+69+19+10+21+4
6;21;1100;031;478+1+187+187+0+0+0+0+187;2+70+56+11+43+5
6;21;1100;032;488+2+171+171+3+0+3+7+168;8+49+32+13+65+1
6;21;1100;033;135+1+59+59+0+0+0+1+59;2+3+3+3+4+44
6;21;1100;034;686+1+212+212+0+0+0+0+212;4+45+15+9+8+131
6;21;1100;035;701+1+291+291+1+2+3+5+288;13+190+19+7+23+36
6;21;1100;036;680+0+214+214+1+3+4+10+210;15+142+16+10+4+23
6;21;1100;037;617+0+248+248+1+3+4+0+244;11+174+21+6+13+19
6;21;1100;038;703+0+236+236+0+2+2+6+234;4+144+23+3+27+33
6;21;1600;001;1146+2+413+413+0+0+0+5+413;1+129+114+24+127+18
6;21;1600;002;993+0+329+329+0+0+0+16+329;2+121+81+4+110+11
6;21;1600;003;798+2+332+332+0+0+0+32+332;1+130+72+4+117+8
6;21;1600;004;1067+0+410+410+0+0+0+0+410;3+161+78+5+138+25
6;21;1600;005;804+1+307+307+0+0+0+14+307;3+108+70+8+110+8
6;21;1600;006;877+0+310+310+0+0+0+14+310;1+114+62+6+110+17
6;21;1600;007;666+3+298+298+0+0+0+6+298;1+109+56+10+113+9
6;21;1600;008;946+0+307+307+0+0+0+18+307;4+76+76+7+133+11
6;21;1600;009;563+2+100+100+0+4+4+0+96;2+26+16+2+35+15
6;21;1600;010;570+0+84+84+0+1+1+4+83;1+18+12+2+42+8
6;21;1600;011;699+0+106+106+0+3+3+0+103;3+20+15+6+40+19
6;21;1600;012;308+0+45+45+0+1+1+1+44;1+8+9+0+19+7
6;21;1600;013;366+366+49+49+1+0+1+0+48;0+11+6+2+21+8
6;21;1600;014;561+0+87+87+0+2+2+0+85;0+25+12+5+38+5
6;21;1600;015;657+0+117+117+1+4+5+0+112;2+28+7+2+64+9
6;21;1600;016;686+0+108+108+0+0+0+0+108;5+30+18+8+33+14
6;21;1600;017;722+0+302+302+0+2+2+14+300;1+86+58+8+134+13
6;21;1600;018;874+1+347+347+0+0+0+22+347;2+88+81+8+159+9
6;21;1600;019;482+0+187+187+0+0+0+4+187;0+57+45+4+72+9
6;21;1600;020;475+0+194+194+0+0+0+0+194;0+56+46+3+84+5
6;21;1600;021;755+1+326+326+1+0+1+9+325;1+119+81+2+114+8
6;21;1600;022;642+0+246+246+0+0+0+10+246;1+109+43+5+82+6
6;21;1600;023;755+0+295+295+0+0+0+7+295;0+96+67+7+117+8
6;21;1600;024;904+1+284+284+0+1+1+10+283;0+95+83+18+76+11
6;21;1600;025;943+1+255+255+0+0+0+0+255;0+112+56+7+70+10
6;21;1600;026;703+0+271+271+0+0+0+25+271;1+57+75+7+126+5
6;21;1600;027;877+0+353+353+0+0+0+23+353;3+124+73+10+130+13
6;21;1600;028;834+1+372+372+2+0+2+0+370;1+113+74+4+170+8
6;21;1600;029;43+0+25+25+0+0+0+2+25;0+5+5+2+7+6
6;21;1600;030;779+4+387+387+1+0+1+33+386;3+82+64+10+217+10
6;21;1600;031;894+4+447+447+0+2+2+6+445;4+101+64+17+245+14
6;21;1600;032;576+3+288+288+2+1+3+0+285;1+84+44+6+146+4
6;21;1600;033;337+8+173+173+0+0+0+7+173;2+47+20+7+91+6
6;21;1600;034;580+3+359+359+0+0+0+11+359;2+57+40+11+230+19
6;21;1600;035;46+4+25+25+0+0+0+3+25;0+10+2+2+11+0
6;21;1600;036;461+1+162+162+0+4+4+10+158;9+18+5+5+90+31
6;21;1600;037;536+14+233+233+1+2+3+18+230;6+49+23+11+126+15
6;21;1600;038;701+4+424+424+2+2+4+12+420;4+105+66+12+225+8
6;21;1600;039;124+2+78+78+0+0+0+3+78;1+20+8+1+47+1
6;21;1600;040;314+7+216+216+0+0+0+3+216;6+100+19+2+84+5
6;21;1600;041;171+6+109+109+1+1+2+0+107;1+37+17+4+46+2
6;21;1600;042;448+3+191+191+0+0+0+0+191;2+51+27+10+90+11
6;21;1600;043;842+1+471+471+0+0+0+27+471;6+83+59+18+300+5
6;21;1600;044;435+0+206+206+1+0+1+0+205;2+38+46+6+109+4
6;21;1600;045;345+7+191+191+0+0+0+3+191;0+62+29+5+91+4
6;21;1600;046;454+2+250+250+3+1+4+5+246;4+62+43+18+109+10
6;21;1600;047;474+5+256+256+2+0+2+16+254;6+78+26+4+117+23
6;21;1600;048;196+3+98+98+0+0+0+5+98;2+28+15+6+45+2
6;21;1600;049;578+5+296+296+2+2+4+28+292;4+83+52+10+139+4
6;21;1600;050;214+0+100+100+0+0+0+0+100;4+32+9+3+47+5
6;21;1600;051;239+1+113+113+2+1+3+0+110;2+53+21+5+25+4
6;21;1600;052;389+2+391+391+2+0+2+25+389;3+146+72+8+152+8
6;21;1600;053;337+5+181+181+0+2+2+0+179;3+55+29+2+89+1
6;21;1600;054;444+4+249+249+0+0+0+0+249;1+61+32+13+136+6
6;21;1600;055;476+2+237+237+0+0+0+15+237;5+97+33+7+94+1
6;21;1600;056;593+0+330+330+1+1+2+0+328;3+113+48+12+148+4
6;21;1600;057;608+5+335+335+0+1+1+0+334;0+108+54+21+142+9
6;21;1600;058;142+4+146+146+0+2+2+3+144;5+64+40+6+21+8
6;21;1600;059;327+8+200+200+0+0+0+8+200;4+57+25+4+109+1
6;21;1600;060;871+2+465+465+0+1+1+21+464;1+196+87+7+166+7
6;21;1600;061;427+1+266+266+1+0+1+0+265;4+102+37+9+110+3
6;21;1600;062;205+2+207+207+0+0+0+0+207;6+47+17+7+125+5
6;21;1600;063;354+7+207+207+0+0+0+6+207;0+60+24+8+107+8
6;21;2000;001;699+0+303+303+1+1+2+17+301;5+99+48+8+117+24
6;21;2000;002;769+1+333+333+1+0+1+20+332;3+110+64+6+136+13
6;21;2000;003;693+0+308+308+1+0+1+11+307;1+130+66+5+87+18
6;21;2000;004;708+1+261+261+0+1+1+9+260;2+97+44+9+98+10
6;21;2000;005;675+1+222+222+0+0+0+9+222;1+69+81+13+50+8
6;21;2000;006;868+1+285+285+1+0+1+11+284;1+98+77+11+90+7
6;21;2000;007;735+1+223+223+0+0+0+2+223;0+62+54+4+89+14
6;21;2000;008;752+0+212+212+0+0+0+0+212;2+91+50+6+51+12
6;21;2000;009;756+0+208+208+0+0+0+11+208;0+84+36+8+72+8
6;21;2000;010;520+2+214+214+0+0+0+5+214;2+73+35+10+89+5
6;21;2000;011;656+0+233+233+0+0+0+7+233;0+83+55+4+87+4
6;21;2000;012;663+1+230+230+0+0+0+11+230;2+79+58+8+74+9
6;21;2000;013;490+0+159+159+0+0+0+0+159;0+63+22+2+69+3
6;21;2000;014;592+2+198+198+0+1+1+1+197;0+48+55+9+77+8
6;21;2000;015;415+2+136+136+0+0+0+0+136;1+36+28+6+59+6
6;21;2000;016;736+1+233+233+0+0+0+0+233;4+77+48+1+89+14
6;21;2000;017;769+0+319+319+1+0+1+0+318;0+114+66+9+125+4
6;21;2000;018;678+1+286+286+1+0+1+11+285;2+106+51+3+115+8
6;21;2000;019;424+0+179+179+0+1+1+7+178;2+58+32+2+75+9
6;21;2000;020;565+1+170+170+0+1+1+0+169;3+63+19+11+66+7
6;21;2000;021;785+0+241+241+1+0+1+0+240;6+82+27+23+100+2
6;21;2000;022;643+0+223+223+2+0+2+0+221;4+81+37+16+72+11
6;21;2000;023;704+2+259+259+0+1+1+5+258;1+95+49+6+101+6
6;21;2000;024;585+0+258+258+0+0+0+13+258;3+101+59+8+83+4
6;21;2000;025;601+2+225+225+1+0+1+0+224;1+92+38+3+81+9
6;21;2000;026;850+3+352+352+1+0+1+26+351;2+145+77+4+114+9
6;21;2000;027;572+0+230+230+0+0+0+8+230;0+100+46+5+71+8
6;21;2000;028;604+0+174+174+1+0+1+6+173;0+59+43+3+62+6
6;21;2000;029;738+0+286+286+1+0+1+0+285;4+103+62+8+88+20
6;21;2000;030;637+0+279+279+0+0+0+3+279;1+106+52+10+98+12
6;21;2000;031;656+1+280+280+2+1+3+0+277;2+98+58+5+106+8
6;21;2000;032;795+0+375+375+0+0+0+15+375;4+120+69+6+167+9
6;21;2000;033;723+0+324+324+0+0+0+0+324;2+115+56+4+140+7
6;21;2000;034;646+1+346+346+1+1+2+16+344;0+105+61+5+163+10
6;21;2000;035;422+2+215+215+0+0+0+22+215;2+64+37+4+101+7
6;21;2000;036;610+0+268+268+1+0+1+14+267;2+100+55+3+101+6
6;21;2000;037;630+0+341+341+1+0+1+9+340;1+126+38+6+156+13
6;21;2000;038;584+0+272+272+1+1+2+4+270;2+76+66+2+113+11
6;21;2000;039;701+1+327+327+0+0+0+10+327;4+115+79+5+114+10
6;21;2000;040;694+0+318+318+2+0+2+8+316;3+101+63+9+129+11
6;21;2000;041;701+3+307+307+1+0+1+8+306;1+131+45+7+109+13
6;21;2000;042;497+4+130+130+0+0+0+3+130;0+56+21+4+45+4
6;21;2000;043;746+2+363+363+0+0+0+20+363;2+101+66+5+171+18
6;21;2000;044;559+2+242+242+0+0+0+10+242;0+52+58+9+113+10
6;21;2000;045;673+2+261+261+0+0+0+7+261;3+70+51+11+116+10
6;21;2000;046;467+0+189+189+0+0+0+7+189;1+71+60+7+44+6
6;21;2000;047;774+0+280+280+0+0+0+0+280;1+94+70+7+97+11
6;21;2000;048;620+0+203+203+2+0+2+9+201;3+60+54+11+65+8
6;21;2000;049;720+0+256+256+0+0+0+10+256;1+89+65+11+85+5
6;21;2000;050;748+0+187+187+0+0+0+5+187;1+97+33+15+35+6
6;21;2000;051;659+3+277+277+0+0+0+5+277;1+97+61+3+105+10
6;21;2000;052;559+0+193+193+0+0+0+0+193;1+74+37+8+65+8
6;21;2000;053;787+1+357+357+0+0+0+9+357;0+108+71+5+164+9
6;21;2000;054;662+1+242+242+0+2+2+6+240;0+75+58+5+90+12
6;21;2000;055;779+0+285+285+0+0+0+8+285;3+106+63+5+102+6
6;21;2000;056;338+0+131+131+0+0+0+5+131;1+40+26+3+56+5
6;21;2000;057;750+1+269+269+0+0+0+16+269;4+99+61+13+88+4
6;21;2000;058;1065+2+339+339+1+0+1+10+338;5+101+72+4+145+11
6;21;2000;059;679+1+226+226+0+0+0+0+226;3+91+49+7+67+9
6;21;2000;060;759+0+235+235+0+0+0+0+235;3+75+65+11+72+9
6;21;2000;061;778+2+275+275+0+1+1+0+274;3+99+71+7+85+9
6;21;2000;062;799+0+306+306+0+0+0+12+306;0+86+94+11+102+13
6;21;2000;063;855+0+252+252+0+0+0+0+252;1+89+76+9+65+12
6;21;2000;064;784+0+251+251+0+2+2+4+249;4+68+93+3+69+12
6;21;2000;065;692+1+213+213+2+0+2+8+211;3+47+63+6+82+10
6;21;2000;066;844+0+212+212+0+0+0+8+212;0+87+54+6+57+8
6;21;2000;067;705+0+176+176+1+0+1+7+175;2+58+55+5+46+9
6;21;2000;068;757+0+253+253+1+0+1+0+252;0+98+77+8+66+3
6;21;2000;069;777+2+228+228+0+0+0+5+228;0+78+52+9+82+7
6;21;2000;070;702+1+192+192+0+0+0+7+192;1+64+50+7+64+6
6;21;2000;071;784+0+256+256+0+0+0+0+256;4+91+62+5+87+7
6;21;2000;072;713+2+262+262+0+1+1+2+261;2+68+74+4+99+14
6;21;2000;073;675+1+240+240+0+0+0+0+240;1+57+61+10+97+14
6;21;2000;074;558+0+205+205+0+0+0+0+205;1+54+51+8+87+4
6;21;2000;075;691+0+222+222+0+3+3+0+219;3+76+52+2+83+3
6;21;2000;076;773+0+211+211+1+0+1+6+210;1+74+57+10+57+11
6;21;2000;077;749+3+232+232+0+1+1+0+231;1+70+70+3+77+10
6;21;2000;078;827+0+262+262+0+0+0+6+262;2+94+68+5+76+17
6;21;2000;079;843+0+216+216+0+0+0+6+216;0+75+71+1+54+15
6;21;2000;080;667+0+182+182+0+1+1+6+181;0+68+52+10+38+13
6;21;2000;081;689+0+225+225+0+0+0+0+225;0+63+61+8+84+9
6;21;2000;082;701+3+244+244+1+0+1+0+243;2+76+64+4+91+6
6;21;2000;083;603+1+219+219+0+0+0+6+219;3+71+48+4+91+2
6;21;2000;084;618+0+192+192+0+0+0+0+192;0+73+61+6+43+9
6;21;2000;085;703+0+209+209+0+0+0+0+209;1+89+53+6+56+4
6;21;2000;086;752+0+199+199+0+0+0+0+199;5+69+46+3+67+9
6;21;2000;087;722+0+210+210+0+0+0+3+210;1+58+72+8+61+10
6;21;2000;088;818+3+243+243+0+0+0+5+243;1+84+65+11+68+14
6;21;2000;089;758+0+172+172+2+0+2+1+170;0+71+54+5+39+1
6;21;2000;090;703+0+166+166+0+0+0+2+166;2+63+45+9+43+4
6;21;2000;091;765+0+249+249+0+0+0+0+249;1+95+70+6+69+8
6;21;2000;092;807+0+270+270+0+0+0+7+270;1+72+81+16+87+13
6;21;2000;093;617+2+231+231+0+0+0+2+231;3+77+55+13+74+9
6;21;2000;094;502+2+159+159+0+1+1+2+158;0+57+39+4+49+9
6;21;2000;095;747+2+326+326+0+0+0+12+326;3+72+80+8+156+7
6;21;2000;096;612+1+273+273+2+0+2+14+271;2+38+58+5+155+13
6;21;2000;097;638+0+280+280+1+0+1+0+279;2+101+55+7+107+7
6;21;2000;098;1141+0+235+235+3+0+3+0+232;2+63+60+7+96+4
6;21;2000;099;771+2+283+283+1+0+1+13+282;1+62+81+9+121+8
6;21;2000;100;745+0+278+278+0+0+0+18+278;0+43+84+13+127+11
6;21;2000;101;723+3+269+269+1+0+1+2+268;4+58+89+9+92+16
6;21;2000;102;683+1+260+260+0+0+0+0+260;1+54+82+16+93+14
6;21;2000;103;714+2+241+241+0+0+0+4+241;2+47+62+9+114+7
6;21;2000;104;565+0+215+215+0+0+0+4+215;1+88+44+6+69+7
6;21;2000;105;638+1+256+256+0+1+1+14+255;1+86+62+9+89+8
6;21;2000;106;527+0+211+211+0+0+0+14+211;1+53+52+7+86+12
6;21;2000;107;623+0+271+271+0+0+0+8+271;0+79+52+12+119+9
6;21;2000;108;868+1+297+297+0+1+1+14+296;1+68+76+12+133+6
6;21;2000;109;689+1+247+247+1+0+1+6+246;2+67+62+8+99+8
6;21;2000;110;814+1+272+272+0+0+0+0+272;2+92+69+4+95+10
6;21;2000;111;629+6+254+254+0+0+0+0+254;3+81+60+10+91+9
6;21;2000;112;767+5+284+284+0+0+0+0+284;1+101+85+6+82+9
6;21;2000;113;748+0+194+194+0+2+2+0+192;7+79+11+20+54+21
6;21;2000;114;716+0+129+129+0+0+0+0+129;7+69+3+7+34+9
6;21;2000;115;596+4+141+141+0+0+0+0+141;3+80+18+8+27+5
6;21;2000;116;769+0+122+122+0+2+2+2+120;4+61+8+5+39+3
6;21;2000;117;934+1+200+200+1+0+1+0+199;11+79+12+12+75+10
6;21;2000;118;823+0+133+133+1+1+2+0+131;2+72+12+8+28+9
6;21;2000;119;384+1+133+133+1+0+1+1+132;3+17+6+8+94+4
6;21;2000;120;640+1+237+237+0+0+0+4+237;13+15+17+19+167+6
6;21;2000;121;623+0+172+172+0+1+1+9+171;2+81+25+5+52+6
6;21;2000;122;839+0+260+260+0+1+1+10+259;2+114+57+10+70+6
6;21;2000;123;771+0+152+152+0+3+3+0+149;2+88+15+8+32+4
6;21;2000;124;723+0+191+191+1+0+1+3+190;2+95+34+8+46+5
6;21;2000;125;903+0+263+263+0+0+0+16+263;6+98+62+8+84+5
6;21;2000;126;543+0+210+210+0+2+2+11+208;3+74+40+15+72+4
6;21;2000;127;524+4+173+173+2+1+3+15+170;3+84+16+8+52+7
6;21;2000;128;541+0+178+178+1+2+3+8+175;4+112+6+16+34+3
6;21;2000;129;182+14+99+99+0+0+0+0+99;2+53+8+4+28+4
6;21;2000;130;44+6+40+40+2+0+2+2+38;0+12+8+0+18+0
6;21;2000;131;530+6+224+224+0+0+0+0+224;2+29+25+9+156+3
6;21;2000;132;116+1+41+41+0+0+0+1+41;3+15+1+1+11+10
6;21;2000;133;267+3+150+150+2+1+3+4+147;2+53+10+13+59+10
6;21;2000;134;120+3+47+47+0+0+0+0+47;0+10+12+3+11+11
6;21;2000;135;45+1+25+25+0+0+0+0+25;2+8+1+0+14+0
6;21;2000;136;539+2+195+195+2+3+5+9+190;1+46+31+3+68+41
6;21;2000;137;875+1+269+269+0+4+4+15+265;11+90+41+12+11+100
6;21;2000;138;94+1+26+26+0+0+0+0+26;2+3+8+0+5+8
6;21;2000;139;609+2+308+308+0+0+0+0+308;1+22+61+17+203+4
6;21;2000;140;629+1+262+262+0+1+1+0+261;3+28+51+19+153+7
6;21;2000;141;716+3+382+382+1+1+2+12+381;1+34+44+17+282+3
6;21;2000;142;318+3+198+198+1+0+1+9+197;2+43+13+12+125+2
6;21;2000;143;212+4+81+81+0+1+1+0+80;4+31+10+1+33+1
6;21;2000;144;484+2+212+212+0+0+0+8+212;7+35+23+11+133+3
6;21;2000;145;520+1+219+220+0+2+2+7+218;1+71+32+12+94+8
6;21;2000;146;503+2+217+217+0+3+3+14+214;1+27+27+14+141+4
6;21;2000;147;530+0+286+286+0+0+0+8+286;2+59+29+14+173+9
6;21;2000;148;178+5+99+99+0+0+0+0+99;2+26+11+2+56+2
6;21;2000;149;192+9+117+117+0+0+0+4+117;1+12+9+4+90+1
6;21;2000;150;146+7+153+153+0+0+0+7+153;2+39+14+6+90+2
6;21;2000;151;359+1+190+190+0+1+1+0+189;3+43+48+7+87+1
6;21;2000;152;526+0+237+237+0+0+0+0+237;5+33+44+10+137+8
6;21;2000;153;479+0+196+196+0+0+0+0+196;4+68+35+5+81+3
6;21;2000;154;420+0+198+198+0+0+0+0+198;3+59+43+11+81+1
6;21;2000;155;345+4+192+192+2+4+6+10+186;2+43+18+8+110+5
6;21;2000;156;357+10+367+367+0+0+0+0+367;5+138+23+5+195+1
6;21;2000;157;328+4+187+187+0+0+0+2+187;1+55+13+14+97+7
6;21;2000;158;53+4+57+57+0+0+0+0+57;3+21+4+2+27+0
6;21;2000;159;407+1+222+222+0+0+0+0+222;5+84+20+8+102+3
6;21;2000;160;646+0+299+299+1+3+4+0+295;6+106+24+15+140+4
6;21;2000;161;500+2+211+211+2+0+2+0+209;2+95+31+4+77+0
6;21;2000;162;566+0+281+281+0+2+2+0+279;1+96+24+9+146+3
6;21;2000;163;515+3+274+274+0+0+0+0+274;7+95+13+4+148+7
6;21;2000;164;480+4+201+201+1+1+2+0+199;2+79+28+22+66+2
6;21;2000;165;319+1+128+128+0+0+0+0+128;3+62+11+9+39+4
6;21;2000;166;687+4+306+306+0+0+0+0+306;0+132+53+10+105+6
6;21;2000;167;785+3+345+345+0+3+3+12+342;19+118+95+36+68+6
6;21;2000;168;483+3+217+217+0+1+1+0+216;3+68+39+11+91+4
6;21;2000;169;552+3+236+236+0+0+0+0+236;4+80+22+20+105+5
6;21;2000;170;844+2+344+344+0+2+2+10+342;6+86+60+15+170+5
6;21;2000;171;689+2+240+240+0+1+1+14+239;6+70+40+17+103+3
6;21;2000;172;426+1+170+170+0+1+1+9+169;7+49+28+17+64+4
6;21;2000;173;447+1+211+211+5+0+5+0+206;3+64+36+16+84+3
6;21;2000;174;664+2+272+272+1+1+2+0+270;7+61+41+16+138+7
6;21;2000;175;623+7+305+305+1+1+2+10+303;7+79+26+9+172+10
6;21;2000;176;456+16+220+220+1+1+2+0+218;5+62+42+19+87+3
6;21;2000;177;402+1+174+174+0+0+0+2+174;1+43+38+7+84+1
6;21;2000;178;579+3+275+275+1+1+2+5+273;11+67+43+13+133+6
6;21;2000;179;617+0+304+304+0+0+0+0+304;3+65+52+16+163+5
6;21;2000;180;633+1+273+273+0+0+0+0+273;2+90+48+20+110+3
6;21;2000;181;400+1+241+241+0+0+0+15+241;6+46+37+6+140+6
6;21;2000;182;266+6+150+150+2+1+3+0+147;2+25+47+18+52+3
6;21;2000;183;348+4+182+182+0+0+0+9+182;4+40+26+4+105+3
6;21;2000;184;471+1+255+255+1+0+1+0+254;3+66+54+4+120+7
6;21;2000;185;745+6+416+416+0+1+1+10+415;4+78+83+17+228+5
6;21;2000;186;503+3+264+264+1+1+2+9+262;10+53+62+26+107+4
6;21;2000;187;114+1+89+89+0+3+3+8+86;3+10+10+3+56+4
6;21;2000;188;111+14+40+40+0+1+1+4+39;2+12+8+0+16+1
6;21;2000;189;51+0+44+44+0+1+1+0+43;2+14+3+12+7+5
6;21;2400;001;643+1+328+328+0+0+0+12+328;8+85+71+10+145+9
6;21;2400;002;961+1+381+381+0+3+3+30+378;3+106+87+11+156+15
6;21;2400;003;765+0+326+326+0+1+1+0+325;4+97+73+15+124+12
6;21;2400;004;866+0+362+362+0+0+0+0+362;3+76+92+19+163+9
6;21;2400;005;868+0+374+374+1+4+5+0+369;14+73+48+14+207+13
6;21;2400;006;797+0+356+356+1+0+1+21+355;9+81+77+24+154+10
6;21;2400;008;509+1+241+241+3+3+6+5+235;14+49+61+11+93+7
6;21;2400;009;847+0+375+375+1+1+2+0+373;5+84+89+23+165+7
6;21;2400;010;624+0+258+258+0+0+0+0+258;8+60+37+11+135+7
6;21;2400;011;989+0+443+443+0+1+1+0+442;2+81+110+15+221+13
6;21;2400;012;1016+0+428+428+0+0+0+0+428;5+80+65+15+255+8
6;21;2400;013;998+1+390+390+1+1+2+0+388;3+62+101+14+200+8
6;21;2400;014;244+3+138+138+1+0+1+0+137;2+10+23+2+95+5
6;21;2400;015;76+6+64+64+0+0+0+0+64;0+18+4+1+37+4
6;21;2400;016;44+2+35+35+0+0+0+5+35;2+4+2+0+25+2
6;21;2400;017;564+0+199+199+0+2+2+4+197;1+29+50+11+97+9
6;21;2400;018;394+2+127+127+1+1+2+0+125;3+62+43+3+10+4
6;21;2400;019;895+0+239+239+0+2+2+0+237;14+88+88+8+14+25
[END]

[AGGR]
21;6;   ;6+308+308+180088+946+70148+70149+142+187+329+1704+69821;909+21694+13537+2614+28178+2889
[END]

