[INFO]
22;Смол┐н;201
[END]

[IZB]
22;6;   ;;11.11.2001;1;6;272
[END]

[NM]
2202;001;▒. Г║л║бово;00850;00
2202;002;▒. Бо▒илково;05737;00
2202;003;▒. Ви╕нево;11377;00
2202;004;▒. В║л╖андол;12526;00
2202;005;▒. Глогино;15117;00
2202;006;▒. Давидково;20033;00
2202;007;▒. Две ▓ополи;20198;00
2202;008;▒. Дебел┐ново;20290;00
2202;009;▒. Д░┐нка;23875;00
2202;010;▒. Заг░ажден;30209;00
2202;011;▒. К░║▒▓а▓и╢а;40326;00
2202;012;▒. Бани▓е;44402;00
2202;013;▒. Малка А░да;46406;00
2202;016;▒. О░┐╡ове╢;54002;00
2202;017;▒. Планин▒ко;59313;00
2202;018;▒. Рибен дол;62606;00
2202;019;▒. Сливка;67355;00
2202;020;▒. С▓║░ни╢а;70158;00
2202;021;▒. Т░еве;72922;00
2205;001;▒. Бо░ино;05462;00
2205;002;▒. Б│йново;06879;00
2205;003;▒. Кожа░и;37592;00
2205;004;▒. Чала;80159;00
2205;005;▒. Ягодина;87223;00
2209;001;▒. Беден;03112;00
2209;002;▒. Б░езе;06269;00
2209;004;▒. Г░о╡о▓но;17957;00
2209;005;▒. Г╝ов░ен;18424;00
2209;006;г░. Девин;20465;00
2209;007;▒. Ж░ебово;29502;00
2209;008;▒. Ке▒▓ен;36796;00
2209;009;▒. Л┐▒ково;44848;00
2209;010;▒. Ми╡алково;48547;00
2209;012;▒. О▒иково;54198;00
2209;013;▒. Сел╖а;66130;00
2209;015;▒. С▓оманово;69465;00
2209;016;▒. Т░иг░ад;73105;00
2209;017;▒. Ч│░еково;81815;00
2210;001;▒. Ба░│▓ин;02779;00
2210;002;▒. Б░║╣ен;06700;00
2210;003;г░. До▒па▓;23025;00
2210;004;▒. Змей╢а;31259;00
2210;005;▒. Ка▒║ка;41006;00
2210;006;▒. Л╛б╖а;44642;00
2210;007;▒. Ц░║н╖а;78567;00
2210;008;▒. Чавда░;80025;00
2211;001;▒. Аламов╢и;00196;00
2211;002;▒. Долен;21871;00
2211;003;▒. Е░ма ░ека;27588;00
2211;004;г░. Зла▓ог░ад;31111;00
2211;005;▒. К│╕ла;40806;00
2211;006;▒. П░е▒ока;59344;00
2211;008;▒. С▓а░╢ево;69105;00
2211;009;▒. С▓░а╕ими░;69759;00
2211;011;▒. Ца╢а░ов╢и;78241;00
2216;004;▒. Бо░иново;05476;00
2216;005;▒. Бо░овина;05579;00
2216;006;▒. Б│кова пол┐на;06937;00
2216;007;▒. Б│ково;07017;00
2216;010;▒. Ве╡▓ино;10910;00
2216;011;▒. В║░ба;12655;00
2216;014;▒. В║░бина;12718;00
2216;021;▒. Гали╣е;14413;00
2216;023;▒. К│пен;40662;00
2216;025;▒. Л┐▒ка;43387;00
2216;026;▒. Ле╣ак;43582;00
2216;028;▒. Лов╢и;43983;00
2216;029;г░. Мадан;46045;00
2216;031;▒. Ми▓ов▒ка;48461;00
2216;033;▒. М║гли╣а;49504;00
2216;034;▒. Пе╖ин▒ко;56246;00
2216;037;▒. Равнил;61162;00
2216;039;▒. Равни╣а;61176;00
2216;040;▒. С░едного░╢и;68451;00
2216;042;▒. С▓│дена;70041;00
2216;044;▒. Т║нко▓о;73599;00
2216;045;▒. Ци░ка;78505;00
2216;046;▒. Ша░ен▒ка;83048;00
2216;047;▒. Ч│░ка;81801;00
2218;001;▒. Б│░ево;07911;00
2218;002;▒. В║░ли дол;12896;00
2218;003;▒. В║░лино;12927;00
2218;005;▒. Г║░на▓и;18374;00
2218;006;▒. Диманово;21004;00
2218;008;▒. Д│н┐;24952;00
2218;009;▒. Еленка;41157;00
2218;010;▒. Изг░ев;32559;00
2218;011;▒. Коза░ка;37695;00
2218;012;▒. Ко╖ани;39092;00
2218;013;▒. К░айна;41277;00
2218;014;▒. К│ндево;40628;00
2218;015;г░. Неделино;51319;00
2218;016;▒. Ог░адна;53388;00
2218;017;▒. С░еде╢;68309;00
2218;018;▒. Т║нка ба░а;73883;00
2227;002;▒. Бо░ие;05365;00
2227;006;▒. Б┐ла ░ека;07689;00
2227;007;▒. Ви▓ина;11301;00
2227;011;▒. Войкова л║ка;11870;00
2227;012;▒. Ел╡ове╢;27365;00
2227;014;▒. Иваново;32929;00
2227;015;▒. Ко░и▓а;38604;00
2227;016;▒. Мо╖│░а;49165;00
2227;017;▒. Оглед;53309;00
2227;018;▒. Пловдив╢и;56798;00
2227;019;▒. Пол┐на;57399;00
2227;020;▒. Равнина▓а;61193;00
2227;022;▒. Рибни╢а;62637;00
2227;023;г░. Р│дозем;63207;00
2227;024;▒. Сопо▓а;68093;00
2227;025;▒. Чепин╢и;80399;00
2231;002;▒. А░да;00597;00
2231;004;м. Б│ка╢и▓е;02988;00
2231;005;м. Белев дол;03321;00
2231;007;▒. Бо░иково;05414;00
2231;008;▒. Бо▒▓ина;05801;00
2231;009;▒. Б│ка▓а;06923;00
2231;010;▒. Виево;11048;00
2231;011;▒. Вла╡ово;11572;00
2231;012;м. В║л╖ан;12512;00
2231;015;▒. Гела;14605;00
2231;017;м. Го░на А░да;02782;00
2231;018;▒. Го░ово;17052;00
2231;021;▒. Г░ад║▓;17631;00
2231;022;▒. Д│нево;24089;00
2231;028;▒. Елен▒ка;27262;00
2231;029;▒. Ка▓░ани╢а;36631;00
2231;030;▒. Ки▒ел╖ово;36974;00
2231;031;м. Коко░ово;37945;00
2231;032;м. Ко╕ни╢а;39181;00
2231;034;▒. К░емене;39637;00
2231;035;▒. К│▓ела;40748;00
2231;037;▒. Лево╖ево;43219;00
2231;040;▒. Л║ка;44433;00
2231;041;▒. Могили╢а;48814;00
2231;042;▒. Мом╖илов╢и;49014;00
2231;044;▒. М│гла;49285;00
2231;046;▒. О░е╕е╢;53792;00
2231;048;▒. О▒▓░и Пазлак;54359;00
2231;049;▒. Пе▓ково;55991;00
2231;050;▒. Пи▒ани╢а;56455;00
2231;053;м. Подви▒;56962;00
2231;054;▒. Полковник Се░а┤имово;57282;00
2231;058;м. Ровина;67760;00
2231;059;▒. Р┐ка;62462;00
2231;060;м. Сели╣е;66069;00
2231;061;▒. Сивино;66384;00
2231;062;▒. Славейно;66957;00
2231;063;▒. Смил┐н;67547;00
2231;065;г░. Смол┐н;67653;00
2231;066;▒. Соколов╢и;67965;00
2231;067;▒. Соли╣а;68000;00
2231;069;▒. С▓ик║л;69256;00
2231;070;▒. С▓ойки▓е;69345;00
2231;071;▒. С▓░ажа;69585;00
2231;072;▒. Тикале;72391;00
2231;074;м. Т░еби╣е;73033;00
2231;076;▒. Т│░┐н;73482;00
2231;078;▒. Т║░║н;73777;00
2231;080;▒. Фа▓ово;76042;00
2231;081;▒. Чепле▓ен;80412;00
2231;088;▒. Че░е╕ево;80666;00
2231;089;▒. Чокманово;81520;00
2231;090;▒. Ч│╖│░;31841;00
2231;091;▒. Ши░ока л║ка;83274;00
2231;092;▒. Ха▒ови╢а;77205;00
2231;093;м. Змиево;31285;00
2231;094;м. Милково;48218;00
2231;095;м. Ел╝ово;27415;00
2231;096;м. Липе╢;43743;00
2231;097;м. С║░нино;70620;00
2231;098;м. Л╛лка;44673;00
2231;099;м. По▓ока;57916;00
2231;100;м. Че░е╕ки▓е;80604;00
2231;101;м. И▒╝ов╢и;32891;00
2231;102;▒. Пе╣е░а;56294;00
2231;103;м. Мага░джи╢а;46019;00
2231;104;м. Заеви▓е;03026;00
2238;001;▒. Бог│▓ево;04801;00
2238;003;▒. Заб║░до;30034;00
2238;004;▒. Зо░ни╢а;31351;00
2238;005;▒. Лилеково;43668;00
2238;006;▒. Малево;46286;00
2238;007;▒. О░е╡ово;53669;00
2238;008;▒. О▒▓░и╢а;54376;00
2238;009;▒. Павел▒ко;55035;00
2238;010;к.▒. Пампо░ово;;00
2238;012;▒. П░оглед;58517;00
2238;013;▒. Хвойна;77219;00
2238;014;г░. Чепела░е;80371;00
[END]

[SEC]
22;0200;001;6;012
22;0200;002;6;009
22;0200;003;6;016
22;0200;004;6;003
22;0200;005;6;001
22;0200;006;6;021
22;0200;007;6;019
22;0200;008;6;013
22;0200;009;6;011
22;0200;010;6;006
22;0200;011;6;006
22;0200;012;6;020
22;0200;013;6;002
22;0200;014;6;008
22;0200;015;6;010+017
22;0200;016;6;005
22;0200;017;6;004
22;0200;018;6;018
22;0200;019;6;007
22;0200;020;6;012
22;0500;001;6;001
22;0500;002;6;001
22;0500;003;6;001
22;0500;004;6;004
22;0500;005;6;005
22;0500;006;6;002
22;0500;007;6;003
22;0900;001;6;006
22;0900;002;6;006
22;0900;003;6;006
22;0900;004;6;006
22;0900;005;6;006
22;0900;006;6;006
22;0900;007;6;006
22;0900;008;6;006
22;0900;009;6;006
22;0900;010;6;001
22;0900;011;6;002
22;0900;012;6;004
22;0900;013;6;005
22;0900;014;6;016
22;0900;015;6;007
22;0900;016;6;008
22;0900;017;6;009
22;0900;018;6;010
22;0900;019;6;013
22;0900;020;6;015
22;0900;021;6;012
22;0900;022;6;017
22;0900;023;6;006
22;1000;001;6;003
22;1000;002;6;003
22;1000;003;6;003
22;1000;004;6;005
22;1000;005;6;001
22;1000;006;6;001
22;1000;007;6;007
22;1000;008;6;002
22;1000;009;6;008
22;1000;010;6;004
22;1000;011;6;004
22;1000;012;6;006
22;1100;001;6;004
22;1100;002;6;004
22;1100;003;6;004
22;1100;004;6;004
22;1100;005;6;004
22;1100;006;6;004
22;1100;007;6;004
22;1100;008;6;004
22;1100;009;6;004
22;1100;010;6;001
22;1100;011;6;003
22;1100;012;6;003
22;1100;013;6;005
22;1100;014;6;002
22;1100;015;6;004
22;1100;016;6;011
22;1100;017;6;009
22;1100;018;6;006
22;1100;019;6;008
22;1100;020;6;008
22;1100;021;6;008
22;1600;001;6;029
22;1600;002;6;029
22;1600;003;6;029
22;1600;004;6;029
22;1600;005;6;029
22;1600;006;6;029
22;1600;007;6;029
22;1600;008;6;029
22;1600;009;6;029
22;1600;010;6;029
22;1600;011;6;029
22;1600;012;6;031
22;1600;013;6;044
22;1600;014;6;004
22;1600;015;6;011
22;1600;016;6;046
22;1600;017;6;033
22;1600;018;6;028
22;1600;019;6;040
22;1600;020;6;039
22;1600;021;6;026
22;1600;022;6;025
22;1600;023;6;037
22;1600;024;6;005
22;1600;025;6;042
22;1600;026;6;023
22;1600;027;6;014
22;1600;028;6;014
22;1600;029;6;045
22;1600;030;6;010
22;1600;031;6;006
22;1600;032;6;007
22;1600;033;6;021
22;1600;034;6;034
22;1600;035;6;047
22;1600;036;6;029
22;1800;001;6;015
22;1800;002;6;015
22;1800;003;6;015
22;1800;004;6;015
22;1800;005;6;015
22;1800;006;6;015
22;1800;007;6;013
22;1800;008;6;011
22;1800;009;6;003
22;1800;010;6;018
22;1800;011;6;009
22;1800;012;6;012
22;1800;013;6;006
22;1800;014;6;005
22;1800;015;6;001
22;1800;016;6;017
22;1800;017;6;010
22;1800;018;6;014
22;1800;019;6;016
22;1800;020;6;002
22;1800;021;6;002
22;1800;022;6;008
22;2700;001;6;023
22;2700;002;6;023
22;2700;003;6;023
22;2700;004;6;023
22;2700;005;6;023
22;2700;006;6;023
22;2700;007;6;006
22;2700;008;6;011
22;2700;009;6;022
22;2700;010;6;017
22;2700;011;6;025
22;2700;012;6;025
22;2700;013;6;012
22;2700;014;6;007
22;2700;015;6;019
22;2700;016;6;016
22;2700;017;6;018
22;2700;018;6;015
22;2700;019;6;014
22;2700;020;6;002
22;2700;021;6;020
22;2700;022;6;024
22;2700;023;6;012
22;3100;001;6;065
22;3100;002;6;065
22;3100;003;6;065
22;3100;004;6;065
22;3100;005;6;065
22;3100;006;6;065
22;3100;007;6;065
22;3100;008;6;065
22;3100;009;6;065
22;3100;010;6;065
22;3100;011;6;065
22;3100;012;6;065
22;3100;013;6;065
22;3100;014;6;065
22;3100;015;6;065
22;3100;016;6;065
22;3100;017;6;065
22;3100;018;6;065
22;3100;019;6;065
22;3100;020;6;065
22;3100;021;6;065
22;3100;022;6;065
22;3100;023;6;065
22;3100;024;6;065
22;3100;025;6;065
22;3100;026;6;065
22;3100;027;6;065
22;3100;028;6;065
22;3100;029;6;065
22;3100;030;6;065
22;3100;031;6;065
22;3100;032;6;065
22;3100;033;6;065
22;3100;034;6;065
22;3100;035;6;065
22;3100;036;6;011
22;3100;037;6;022
22;3100;038;6;037
22;3100;039;6;008
22;3100;040;6;050+092
22;3100;041;6;066
22;3100;042;6;042
22;3100;043;6;042
22;3100;044;6;035
22;3100;045;6;010
22;3100;046;6;062
22;3100;047;6;049
22;3100;048;6;005
22;3100;049;6;029
22;3100;050;6;072
22;3100;051;6;021
22;3100;052;6;059
22;3100;053;6;060
22;3100;054;6;074
22;3100;055;6;078
22;3100;056;6;028
22;3100;057;6;053+048+058
22;3100;058;6;040
22;3100;059;6;071
22;3100;060;6;046
22;3100;061;6;031
22;3100;062;6;054+090
22;3100;063;6;080
22;3100;064;6;089
22;3100;065;6;063
22;3100;066;6;063
22;3100;067;6;012+093
22;3100;068;6;081
22;3100;069;6;032+094
22;3100;070;6;018+095
22;3100;071;6;004+096
22;3100;072;6;061+097+098
22;3100;073;6;017
22;3100;074;6;002
22;3100;075;6;007+099+100
22;3100;076;6;041+101
22;3100;077;6;088
22;3100;078;6;009
22;3100;079;6;030
22;3100;080;6;076+102
22;3100;081;6;034
22;3100;082;6;044
22;3100;083;6;015+103+104
22;3100;084;6;067
22;3100;085;6;069
22;3100;086;6;091
22;3100;087;6;070
22;3100;088;6;065
22;3100;089;6;065
22;3100;090;6;065
22;3800;001;6;014
22;3800;002;6;014
22;3800;003;6;014
22;3800;004;6;014
22;3800;005;6;014
22;3800;006;6;014
22;3800;007;6;009
22;3800;008;6;009
22;3800;009;6;013
22;3800;010;6;006
22;3800;011;6;007
22;3800;012;6;001
22;3800;013;6;003
22;3800;014;6;008
22;3800;015;6;005
22;3800;016;6;004
22;3800;017;6;012
22;3800;018;6;010
[END]

[MAJ]
22;6;   ;01;;;Пе▓║░ Ки░илов Бе░он и С▓о┐н В║л╖ев Анд░еев;, ;ПКБ+СВА;709;0;1
22;6;   ;02;;;Пе▓║░ С▓е┤анов С▓о┐нов и Нели Пе▓░ова К│╢кова;, ;ПСС+НПК;19577;2;2
22;6;   ;03;;;Богомил Ангелов Бонев и А▓ана▒ Иванов Желез╖ев;, ;БАБ+АИЖ;10811;0;3
22;6;   ;04;;;Жо░ж Ган╖ев Ган╖ев и Ве▒елин С▓о┐нов Бон╖ев;, ;ЖГГ+ВСБ;1681;0;4
22;6;   ;05;;;Гео░ги Седе┤╖ов П║░ванов и Ангел Иванов Ма░ин;, ;ГСП+АИМ;15731;2;5
22;6;   ;06;;;Рене▓а Иванова Инджова и К░║▒▓╛ Николов Илов;, ;РИИ+КНИ;1888;0;6
[END]

[PROP]
[END]

[LISTI]
[END]

[PROT]
6;22;0200;001;1027+3+476+476+0+4+4+14+472;7+148+124+10+174+9
6;22;0200;002;298+1+177+177+0+0+0+6+177;8+51+36+6+71+5
6;22;0200;003;710+0+367+367+1+3+4+19+363;11+107+110+17+107+11
6;22;0200;004;365+0+225+225+0+1+1+0+224;3+122+38+6+48+7
6;22;0200;005;593+1+269+269+0+0+0+9+269;8+114+30+11+85+21
6;22;0200;006;71+3+45+45+0+0+0+0+45;3+19+4+2+16+1
6;22;0200;007;48+4+37+37+0+0+0+0+37;2+7+6+5+15+2
6;22;0200;008;292+2+173+173+0+0+0+11+173;0+47+22+1+98+5
6;22;0200;009;105+0+70+70+0+0+0+4+70;3+15+3+8+32+9
6;22;0200;010;380+0+206+206+0+3+3+0+203;6+117+16+6+53+5
6;22;0200;011;553+0+261+261+0+0+0+0+261;3+144+24+11+74+5
6;22;0200;012;393+0+221+221+0+0+0+10+221;5+96+17+6+94+3
6;22;0200;013;86+0+51+51+0+0+0+0+51;1+28+12+0+9+1
6;22;0200;014;40+5+37+37+0+0+0+0+37;2+13+5+0+17+0
6;22;0200;015;562+0+267+267+0+1+1+0+266;8+88+15+16+130+9
6;22;0200;016;138+1+73+73+0+0+0+1+73;1+18+13+6+32+3
6;22;0200;017;167+1+81+81+0+0+0+0+81;1+32+6+5+37+0
6;22;0200;018;26+0+17+17+0+0+0+0+17;0+5+1+0+10+1
6;22;0200;019;29+0+15+15+0+0+0+0+15;0+5+2+0+0+8
6;22;0200;020;22+0+13+13+0+0+0+0+13;0+5+6+0+0+2
6;22;0500;001;733+0+233+233+1+0+1+0+232;7+115+34+4+39+33
6;22;0500;002;694+0+274+274+1+0+1+10+273;4+126+30+2+63+48
6;22;0500;003;812+0+352+352+0+0+0+10+352;5+168+46+2+31+100
6;22;0500;004;170+0+106+106+1+0+1+0+105;0+40+28+11+19+7
6;22;0500;005;525+1+302+302+0+1+1+10+301;3+91+35+13+156+3
6;22;0500;006;370+0+284+284+0+0+0+0+284;2+62+32+6+174+8
6;22;0500;007;131+0+99+99+1+0+1+0+98;0+18+13+1+66+0
6;22;0900;001;693+0+362+362+1+0+1+19+361;4+60+100+10+184+3
6;22;0900;002;749+0+283+283+0+1+1+12+282;4+70+77+15+100+16
6;22;0900;003;634+0+255+255+1+1+2+7+253;1+52+73+7+113+7
6;22;0900;004;802+0+313+313+1+1+2+8+311;4+88+102+13+94+10
6;22;0900;005;600+1+292+292+2+0+2+14+290;3+62+62+10+139+14
6;22;0900;006;600+0+281+281+2+1+3+14+278;7+94+60+8+101+8
6;22;0900;007;887+3+345+345+1+1+2+16+343;8+120+86+12+105+12
6;22;0900;008;594+0+278+278+0+0+0+11+278;4+84+63+17+108+2
6;22;0900;009;630+0+247+247+0+0+0+7+247;4+97+55+12+73+6
6;22;0900;010;507+2+261+261+0+2+2+17+259;5+75+31+8+134+6
6;22;0900;011;571+1+264+264+0+1+1+9+263;3+45+76+9+123+7
6;22;0900;012;767+0+244+244+2+2+4+6+240;9+119+43+7+14+48
6;22;0900;013;780+0+140+140+0+0+0+0+140;4+75+22+1+33+5
6;22;0900;014;714+2+383+383+0+0+0+10+383;2+111+55+8+199+8
6;22;0900;015;136+0+116+116+0+0+0+0+116;2+28+8+8+68+2
6;22;0900;016;154+1+108+108+0+0+0+0+108;1+29+13+3+60+2
6;22;0900;017;889+0+512+512+0+2+2+32+510;10+114+82+24+275+5
6;22;0900;018;379+0+204+204+0+0+0+0+204;2+59+40+12+91+0
6;22;0900;019;813+0+392+392+0+0+0+0+392;8+171+65+22+110+16
6;22;0900;020;264+1+89+89+0+1+1+0+88;0+13+22+0+52+1
6;22;0900;021;348+0+152+152+0+0+0+5+152;1+38+28+9+74+2
6;22;0900;022;83+1+63+63+0+0+0+1+63;1+18+13+5+25+1
6;22;0900;023;50+0+15+15+0+0+0+0+15;2+1+1+1+9+1
6;22;1000;001;696+2+416+416+0+1+1+0+415;5+172+191+13+24+10
6;22;1000;002;728+1+356+356+2+0+2+9+354;2+91+185+5+60+11
6;22;1000;003;710+0+432+432+0+0+0+21+432;8+121+235+12+42+14
6;22;1000;004;624+0+200+200+1+0+1+3+199;2+102+71+5+9+10
6;22;1000;005;745+0+307+307+0+0+0+0+307;7+68+143+5+43+41
6;22;1000;006;748+0+377+377+0+1+1+0+376;2+126+136+10+81+21
6;22;1000;007;511+0+227+227+0+1+1+0+226;2+54+69+9+75+17
6;22;1000;008;747+0+308+308+0+1+1+1+307;0+208+56+8+26+9
6;22;1000;009;327+0+157+157+2+0+2+7+155;5+66+37+8+34+5
6;22;1000;010;767+0+414+414+1+0+1+0+413;1+51+152+17+187+5
6;22;1000;011;653+0+265+265+0+0+0+3+265;1+69+53+8+127+7
6;22;1000;012;820+0+430+430+0+0+0+14+430;4+175+178+11+53+9
6;22;1100;001;906+1+312+312+0+0+0+11+312;6+152+48+14+85+7
6;22;1100;002;569+2+200+200+0+0+0+12+200;3+83+29+7+76+2
6;22;1100;003;501+0+175+175+0+1+1+2+174;2+109+21+1+36+5
6;22;1100;004;858+0+359+359+0+1+1+13+358;4+182+66+6+93+7
6;22;1100;005;883+1+418+418+0+0+0+0+418;8+234+50+13+100+13
6;22;1100;006;581+0+250+250+0+0+0+3+250;5+154+41+7+37+6
6;22;1100;007;890+0+387+387+0+1+1+12+386;3+237+38+8+91+9
6;22;1100;008;832+1+277+277+1+0+1+8+276;4+143+35+7+83+4
6;22;1100;009;954+1+315+315+1+0+1+6+314;1+158+50+9+86+10
6;22;1100;010;321+2+110+110+0+1+1+2+109;2+45+18+13+31+0
6;22;1100;011;583+4+214+214+0+1+1+2+213;4+91+40+16+50+12
6;22;1100;012;423+3+172+172+0+2+2+8+170;1+80+40+19+28+2
6;22;1100;013;75+3+37+37+0+0+0+0+37;3+21+5+1+5+2
6;22;1100;014;958+3+157+157+0+2+2+4+155;1+76+44+3+27+4
6;22;1100;015;104+4+35+35+0+0+0+0+35;2+23+4+0+5+1
6;22;1100;016;125+2+65+65+0+0+0+4+65;1+37+7+3+15+2
6;22;1100;017;135+4+59+59+1+0+1+1+58;1+31+6+1+16+3
6;22;1100;018;61+3+36+36+0+0+0+0+36;1+19+2+2+10+2
6;22;1100;019;911+2+317+317+3+2+5+20+312;11+180+46+12+49+14
6;22;1100;020;686+1+206+206+0+3+3+5+203;5+116+25+6+42+9
6;22;1100;021;642+1+198+198+0+1+1+0+197;2+81+37+16+50+11
6;22;1600;001;931+0+283+283+1+1+2+19+281;4+95+78+7+83+14
6;22;1600;002;572+0+197+197+0+0+0+11+197;0+50+63+5+70+9
6;22;1600;003;595+0+155+155+0+0+0+12+155;1+59+41+2+37+15
6;22;1600;004;438+0+128+128+0+0+0+0+128;2+54+30+4+33+5
6;22;1600;005;433+0+136+136+0+0+0+0+136;1+56+37+1+40+1
6;22;1600;006;681+0+204+204+0+0+0+0+204;0+80+53+6+54+11
6;22;1600;007;826+0+246+246+0+0+0+0+246;6+88+54+12+76+10
6;22;1600;008;290+4+79+79+0+0+0+0+79;2+45+20+4+5+3
6;22;1600;009;480+1+170+170+0+0+0+3+170;2+78+44+3+35+8
6;22;1600;010;15+6+21+21+0+0+0+0+21;0+3+8+1+7+2
6;22;1600;011;335+0+75+75+1+0+1+0+74;4+27+22+1+7+13
6;22;1600;012;183+4+100+100+0+0+0+0+100;4+72+17+1+3+3
6;22;1600;013;169+2+76+76+0+0+0+0+76;1+53+6+1+3+12
6;22;1600;014;178+2+58+58+0+0+0+0+58;0+27+20+2+4+5
6;22;1600;015;85+4+63+63+0+0+0+0+63;1+53+4+1+2+2
6;22;1600;016;196+1+102+102+0+0+0+0+102;2+65+12+11+9+3
6;22;1600;017;225+2+67+67+0+0+0+0+67;0+54+7+0+0+6
6;22;1600;018;184+2+66+66+0+0+0+0+66;0+34+20+2+6+4
6;22;1600;019;822+4+432+432+0+1+1+0+431;7+259+62+11+87+5
6;22;1600;020;209+0+89+89+0+0+0+0+89;2+67+13+0+3+4
6;22;1600;021;321+5+165+165+0+0+0+0+165;5+138+7+2+10+3
6;22;1600;022;353+1+146+146+0+0+0+3+146;1+100+27+5+13+0
6;22;1600;023;123+2+74+74+0+1+1+0+73;2+49+7+2+13+0
6;22;1600;024;378+2+222+222+0+0+0+0+222;8+125+36+5+42+6
6;22;1600;025;194+1+84+84+0+0+0+2+84;0+64+13+1+3+3
6;22;1600;026;144+0+80+80+0+0+0+0+80;1+68+7+1+2+1
6;22;1600;027;453+0+132+132+0+0+0+0+132;0+93+21+3+12+3
6;22;1600;028;512+1+129+129+0+0+0+4+129;1+83+31+3+6+5
6;22;1600;029;98+1+51+51+1+0+1+0+50;2+29+5+4+9+1
6;22;1600;030;179+1+93+93+1+0+1+0+92;2+41+22+2+23+2
6;22;1600;031;409+3+193+193+0+1+1+0+192;3+149+27+2+6+5
6;22;1600;032;335+1+188+188+1+0+1+0+187;4+38+27+7+106+5
6;22;1600;033;254+1+158+158+0+1+1+0+157;2+26+33+9+82+5
6;22;1600;034;39+2+18+18+0+0+0+0+18;0+13+2+0+3+0
6;22;1600;035;117+4+58+58+0+2+2+0+56;1+37+5+0+11+2
6;22;1600;036;21+1+10+10+0+0+0+0+10;0+7+1+0+2+0
6;22;1800;001;719+0+277+277+0+1+1+4+276;2+90+86+5+82+11
6;22;1800;002;688+2+237+237+0+1+1+8+236;6+66+35+9+117+3
6;22;1800;003;792+2+206+206+1+0+1+0+205;6+49+31+6+109+4
6;22;1800;004;601+4+170+170+0+3+3+0+167;0+48+40+1+73+5
6;22;1800;005;589+1+168+168+0+0+0+4+168;2+58+28+6+73+1
6;22;1800;006;713+1+265+265+0+0+0+0+265;6+94+61+9+89+6
6;22;1800;007;109+3+37+37+0+0+0+0+37;0+7+13+1+16+0
6;22;1800;008;173+3+60+60+0+0+0+1+60;1+5+15+5+32+2
6;22;1800;009;158+5+86+86+0+0+0+0+86;1+4+39+3+38+1
6;22;1800;010;85+4+72+72+0+0+0+0+72;0+7+27+5+33+0
6;22;1800;011;174+1+74+74+0+0+0+0+74;2+25+24+3+18+2
6;22;1800;012;180+3+129+129+0+0+0+0+129;1+21+70+3+33+1
6;22;1800;013;122+4+72+72+0+0+0+0+72;2+22+13+3+29+3
6;22;1800;014;288+0+128+128+1+0+1+0+127;1+12+44+7+61+2
6;22;1800;015;72+2+72+72+0+0+0+0+72;1+4+26+13+26+2
6;22;1800;016;456+2+210+210+0+0+0+6+210;2+39+37+12+118+2
6;22;1800;017;212+2+160+160+0+0+0+0+160;1+8+86+4+60+1
6;22;1800;018;235+1+189+189+0+0+0+0+189;0+7+133+2+47+0
6;22;1800;019;211+2+115+115+0+0+0+0+115;4+26+44+2+38+1
6;22;1800;020;73+1+63+63+0+0+0+0+63;0+20+19+3+20+1
6;22;1800;021;112+4+39+39+0+0+0+0+39;3+21+9+1+2+3
6;22;1800;022;47+5+25+25+0+0+0+0+25;2+14+9+0+0+0
6;22;2700;001;611+6+160+160+0+1+1+2+159;1+70+28+9+33+18
6;22;2700;002;743+1+228+228+0+0+0+0+228;4+82+66+2+64+10
6;22;2700;003;473+2+182+182+1+0+1+0+181;2+41+65+6+57+10
6;22;2700;004;506+0+225+225+0+1+1+0+224;1+73+63+7+74+6
6;22;2700;005;531+8+183+183+0+0+0+0+183;0+53+39+3+84+4
6;22;2700;006;802+1+282+282+1+1+2+0+280;1+110+76+8+76+9
6;22;2700;007;217+3+99+99+0+1+1+2+98;1+62+16+6+7+6
6;22;2700;008;446+5+161+161+0+0+0+0+161;1+109+20+5+16+10
6;22;2700;009;275+2+162+162+0+0+0+0+162;5+118+20+2+11+6
6;22;2700;010;279+2+103+103+0+0+0+0+103;4+58+28+3+9+1
6;22;2700;011;886+1+260+260+0+0+0+3+260;7+191+28+19+10+5
6;22;2700;012;839+0+285+285+0+0+0+0+285;13+184+50+9+18+11
6;22;2700;013;678+2+225+225+0+0+0+5+225;3+131+32+7+40+12
6;22;2700;014;159+3+73+73+0+2+2+1+71;1+44+9+2+7+8
6;22;2700;015;121+3+69+69+0+0+0+0+69;1+10+12+1+41+4
6;22;2700;016;60+8+43+43+2+0+2+2+41;0+29+7+0+4+1
6;22;2700;017;250+3+116+116+0+0+0+0+116;6+68+13+5+16+8
6;22;2700;018;173+0+74+74+0+2+2+0+72;2+36+14+4+13+3
6;22;2700;019;68+4+25+25+0+0+0+0+25;3+10+2+0+7+3
6;22;2700;020;196+2+109+109+0+1+1+0+108;0+83+12+4+4+5
6;22;2700;021;189+3+111+111+0+0+0+1+111;1+84+7+1+15+3
6;22;2700;022;258+3+127+127+0+0+0+0+127;5+86+9+5+7+15
6;22;2700;023;359+2+111+111+0+0+0+2+111;5+86+7+3+8+2
6;22;3100;001;867+2+327+327+0+3+3+4+324;2+123+72+10+88+29
6;22;3100;002;625+1+263+263+0+0+0+7+263;4+89+76+4+77+13
6;22;3100;003;895+2+398+398+1+2+3+15+395;10+170+99+16+87+13
6;22;3100;004;124+2+66+66+0+1+1+0+65;0+40+10+1+12+2
6;22;3100;005;1075+2+388+388+0+1+1+0+387;6+188+77+26+80+10
6;22;3100;006;742+1+357+357+0+0+0+9+357;2+116+76+5+147+11
6;22;3100;007;781+1+292+292+0+0+0+24+292;0+97+72+13+95+15
6;22;3100;008;708+1+362+362+1+1+2+0+360;2+98+69+7+166+18
6;22;3100;009;618+2+323+323+1+0+1+6+322;5+92+55+5+153+12
6;22;3100;010;615+1+248+248+3+2+5+5+243;0+89+58+12+77+7
6;22;3100;011;818+1+346+346+3+4+7+0+339;14+118+75+20+96+16
6;22;3100;012;686+4+327+327+1+1+2+14+325;1+103+65+11+135+10
6;22;3100;013;588+0+257+257+0+1+1+13+256;2+56+58+6+128+6
6;22;3100;014;793+1+271+271+0+0+0+7+271;3+125+67+9+54+13
6;22;3100;015;1025+2+385+385+1+1+2+12+383;2+106+107+19+128+21
6;22;3100;016;827+1+314+314+2+0+2+16+312;2+103+70+11+110+16
6;22;3100;017;782+6+284+284+0+0+0+0+284;3+118+72+13+65+13
6;22;3100;018;822+3+307+307+1+0+1+10+306;4+102+77+6+98+19
6;22;3100;019;766+1+275+275+1+1+2+14+273;5+95+85+13+67+8
6;22;3100;020;655+3+254+254+0+0+0+0+254;0+77+61+7+99+10
6;22;3100;021;764+2+348+348+0+1+1+6+347;0+159+94+7+71+16
6;22;3100;022;811+2+313+313+1+0+1+14+312;2+118+79+14+90+9
6;22;3100;023;871+1+293+293+0+2+2+8+291;3+143+52+10+72+11
6;22;3100;024;841+1+345+345+1+0+1+13+344;0+144+71+7+107+15
6;22;3100;025;797+0+362+362+1+0+1+23+361;5+95+74+14+160+13
6;22;3100;026;784+1+339+339+0+1+1+14+338;3+103+84+10+128+10
6;22;3100;027;712+1+279+279+0+2+2+9+277;1+100+69+11+84+12
6;22;3100;028;793+1+370+370+0+0+0+21+370;2+128+57+15+159+9
6;22;3100;029;673+1+328+328+3+1+4+9+324;2+103+74+14+121+10
6;22;3100;030;796+1+312+312+2+0+2+17+310;3+110+62+15+118+2
6;22;3100;031;250+1+251+251+0+0+0+12+251;4+93+63+5+77+9
6;22;3100;032;783+1+248+248+0+2+2+7+246;2+106+48+19+64+7
6;22;3100;033;745+1+237+237+1+0+1+3+236;3+92+66+9+65+1
6;22;3100;034;843+0+278+278+3+0+3+0+275;6+130+66+13+48+12
6;22;3100;035;465+1+176+176+1+1+2+7+174;1+81+43+8+32+9
6;22;3100;036;321+3+180+180+0+1+1+7+179;2+100+36+8+19+14
6;22;3100;037;110+2+81+81+0+0+0+4+81;0+10+26+1+42+2
6;22;3100;038;194+7+123+123+0+0+0+6+123;0+11+20+1+87+4
6;22;3100;039;154+4+127+127+0+0+0+0+127;2+28+29+8+59+1
6;22;3100;040;37+6+29+29+0+0+0+2+29;1+3+6+0+18+1
6;22;3100;041;232+1+129+129+1+0+1+0+128;2+66+24+0+36+0
6;22;3100;042;649+8+330+330+1+1+2+0+328;2+132+53+19+112+10
6;22;3100;043;620+2+289+289+1+2+3+0+286;4+93+81+11+93+4
6;22;3100;044;389+1+214+214+1+0+1+5+213;4+74+21+3+104+7
6;22;3100;045;515+1+185+185+0+0+0+3+185;0+33+34+4+112+2
6;22;3100;046;206+4+114+114+0+0+0+10+114;2+45+20+3+42+2
6;22;3100;047;290+1+163+163+0+0+0+11+163;1+33+29+0+99+1
6;22;3100;048;87+2+66+66+0+0+0+0+66;1+3+24+2+36+0
6;22;3100;049;194+0+98+98+0+0+0+0+98;0+43+34+1+19+1
6;22;3100;050;159+1+91+91+0+0+0+0+91;1+51+7+2+29+1
6;22;3100;051;129+0+87+87+2+0+2+0+85;4+64+3+2+12+0
6;22;3100;052;218+2+117+117+0+0+0+0+117;1+54+15+1+46+0
6;22;3100;053;106+2+74+74+0+0+0+0+74;1+28+14+1+28+2
6;22;3100;054;146+3+108+108+3+2+5+0+103;1+68+19+3+6+6
6;22;3100;055;615+1+272+272+2+0+2+0+270;11+159+52+4+41+3
6;22;3100;056;81+3+72+72+0+1+1+0+71;0+59+7+1+3+1
6;22;3100;057;178+2+92+92+0+0+0+0+92;1+39+30+1+18+3
6;22;3100;058;93+4+69+69+3+0+3+0+66;2+45+12+0+5+2
6;22;3100;059;108+0+68+68+0+0+0+0+68;1+37+9+0+20+1
6;22;3100;060;56+3+51+51+0+0+0+0+51;1+13+9+0+25+3
6;22;3100;061;33+3+32+32+0+0+0+0+32;0+23+0+0+6+3
6;22;3100;062;99+6+105+105+1+0+1+4+104;8+30+15+4+45+2
6;22;3100;063;82+5+41+41+0+0+0+0+41;0+5+2+1+28+5
6;22;3100;064;124+8+95+95+0+0+0+5+95;1+7+22+2+56+7
6;22;3100;065;745+1+325+325+0+0+0+12+325;0+135+47+10+114+19
6;22;3100;066;757+1+335+335+0+1+1+19+334;4+103+46+10+161+10
6;22;3100;067;84+6+56+56+0+0+0+0+56;0+14+5+1+28+8
6;22;3100;068;80+4+56+56+0+1+1+0+55;0+20+12+0+21+2
6;22;3100;069;95+2+69+69+0+0+0+4+69;2+23+15+1+23+5
6;22;3100;070;80+9+62+62+0+0+0+8+62;1+12+8+3+35+3
6;22;3100;071;103+1+47+47+0+0+0+0+47;0+6+13+2+19+7
6;22;3100;072;233+3+154+154+1+1+2+8+152;1+80+17+1+47+6
6;22;3100;073;197+2+125+125+1+1+2+7+123;2+67+15+6+30+3
6;22;3100;074;443+2+279+279+1+2+3+22+276;3+105+44+9+105+10
6;22;3100;075;102+2+59+59+0+0+0+0+59;0+16+7+1+32+3
6;22;3100;076;458+4+230+230+2+1+3+11+227;1+79+47+7+77+16
6;22;3100;077;53+3+31+31+0+0+0+0+31;0+11+2+2+12+4
6;22;3100;078;76+1+58+58+0+0+0+0+58;0+11+7+1+38+1
6;22;3100;079;61+1+37+37+0+0+0+0+37;3+20+2+2+8+2
6;22;3100;080;97+13+91+91+0+0+0+6+91;2+16+13+1+57+2
6;22;3100;081;46+4+30+30+0+0+0+0+30;0+6+2+1+18+3
6;22;3100;082;429+3+317+317+2+1+3+27+314;9+113+43+9+131+9
6;22;3100;083;106+3+60+60+0+0+0+0+60;0+22+11+6+21+0
6;22;3100;084;48+5+42+42+0+0+0+0+42;1+9+6+3+22+1
6;22;3100;085;59+4+50+50+0+0+0+0+50;0+8+7+1+33+1
6;22;3100;086;515+4+319+319+0+2+2+12+317;2+102+87+7+111+8
6;22;3100;087;318+3+170+170+0+0+0+16+170;1+26+41+11+82+9
6;22;3100;088;744+1+371+371+0+0+0+17+371;1+99+109+5+143+14
6;22;3100;089;583+0+178+178+0+0+0+3+178;1+72+51+9+40+5
6;22;3100;090;94+1+46+46+0+0+0+0+46;1+19+9+2+11+4
6;22;3800;001;904+1+424+424+0+0+0+14+424;4+178+84+12+138+8
6;22;3800;002;560+1+308+308+1+0+1+12+307;1+148+54+8+87+9
6;22;3800;003;1109+2+478+478+0+1+1+20+477;0+213+84+16+154+10
6;22;3800;004;705+0+265+265+0+0+0+0+265;3+137+51+7+57+10
6;22;3800;005;743+0+285+285+1+4+5+0+280;1+102+62+11+100+4
6;22;3800;006;492+0+180+180+0+1+1+9+179;4+58+32+11+67+7
6;22;3800;007;459+2+222+222+0+0+0+0+222;4+93+21+6+94+4
6;22;3800;008;395+3+227+227+0+0+0+8+227;2+73+28+6+113+5
6;22;3800;009;610+3+325+325+1+2+3+4+322;2+86+60+11+151+12
6;22;3800;010;239+1+165+165+0+0+0+7+165;0+20+31+5+106+3
6;22;3800;011;285+1+178+178+1+0+1+4+177;2+83+29+7+53+3
6;22;3800;012;221+6+100+100+0+0+0+0+100;5+45+24+9+17+0
6;22;3800;013;566+6+305+305+0+1+1+8+304;11+79+70+5+139+0
6;22;3800;014;59+4+42+42+0+0+0+0+42;1+10+0+0+31+0
6;22;3800;015;66+6+43+43+0+0+0+0+43;2+13+2+1+24+1
6;22;3800;016;52+8+32+32+0+0+0+0+32;1+8+2+1+18+2
6;22;3800;017;90+2+65+65+0+0+0+0+65;1+41+18+0+4+1
6;22;3800;018;67+4+10+10+0+0+0+0+10;0+7+0+0+3+0
[END]

[AGGR]
22;6;   ;6+272+272+115956+519+50609+50609+92+120+212+1192+50397;709+19577+10811+1681+15731+1888
[END]

