[INFO]
23;ëÆ¥®ø 1;201
[END]

[IZB]
23;6;   ;;11.11.2001;1;6;530
[END]

[NM]
2346;001;£∞. ëÆ¥®ø;68134;02
2346;001;£∞. ëÆ¥®ø;68134;08
2346;001;£∞. ëÆ¥®ø;68134;09
2346;001;£∞. ëÆ¥®ø;68134;10
2346;001;£∞. ëÆ¥®ø;68134;15
2346;001;£∞. ëÆ¥®ø;68134;16
2346;001;£∞. ëÆ¥®ø;68134;17
2346;002;±. Ç´†§†ø;11394;17
2346;003;±. å∫∞∑†•¢Æ;49597;17
2346;004;±. Å®±≤∞®∂†;04234;23
2346;005;±. É•∞¨†≠;14831;23
2346;006;±. Ü•´•ß≠®∂†;29150;23
2346;007;±. ä†ß®∑•≠•;35239;23
2346;008;±. äÆ™†´ø≠•;37914;23
2346;009;±. ä∞®¢®≠†;39791;23
2346;010;±. ãÆß•≠;44063;23
2346;011;±. è†≠∑†∞•¢Æ;55419;23
2346;012;±. è†±†∞•´;22472;23
2346;013;±. è´†≠†;56624;23
[END]

[SEC]
23;4602;001;6;001
23;4602;002;6;001
23;4602;003;6;001
23;4602;004;6;001
23;4602;005;6;001
23;4602;006;6;001
23;4602;007;6;001
23;4602;008;6;001
23;4602;009;6;001
23;4602;010;6;001
23;4602;011;6;001
23;4602;012;6;001
23;4602;013;6;001
23;4602;014;6;001
23;4602;015;6;001
23;4602;016;6;001
23;4602;017;6;001
23;4602;018;6;001
23;4602;019;6;001
23;4602;020;6;001
23;4602;021;6;001
23;4602;022;6;001
23;4602;023;6;001
23;4602;024;6;001
23;4602;025;6;001
23;4602;026;6;001
23;4602;027;6;001
23;4602;028;6;001
23;4602;029;6;001
23;4602;030;6;001
23;4602;031;6;001
23;4602;032;6;001
23;4602;033;6;001
23;4602;034;6;001
23;4602;035;6;001
23;4602;036;6;001
23;4602;037;6;001
23;4602;038;6;001
23;4602;039;6;001
23;4602;040;6;001
23;4602;041;6;001
23;4602;042;6;001
23;4602;043;6;001
23;4602;044;6;001
23;4602;045;6;001
23;4602;046;6;001
23;4602;047;6;001
23;4602;048;6;001
23;4602;049;6;001
23;4602;050;6;001
23;4602;051;6;001
23;4602;052;6;001
23;4602;053;6;001
23;4602;054;6;001
23;4602;055;6;001
23;4602;056;6;001
23;4602;057;6;001
23;4602;058;6;001
23;4602;059;6;001
23;4602;060;6;001
23;4602;061;6;001
23;4602;062;6;001
23;4602;063;6;001
23;4602;064;6;001
23;4602;065;6;001
23;4602;066;6;001
23;4602;067;6;001
23;4602;068;6;001
23;4602;069;6;001
23;4602;070;6;001
23;4602;071;6;001
23;4602;072;6;001
23;4602;073;6;001
23;4602;074;6;001
23;4602;075;6;001
23;4602;076;6;001
23;4602;077;6;001
23;4602;078;6;001
23;4602;079;6;001
23;4602;080;6;001
23;4602;081;6;001
23;4602;082;6;001
23;4602;083;6;001
23;4602;084;6;001
23;4602;085;6;001
23;4602;086;6;001
23;4602;089;6;001
23;4608;001;6;001
23;4608;002;6;001
23;4608;003;6;001
23;4608;004;6;001
23;4608;005;6;001
23;4608;006;6;001
23;4608;007;6;001
23;4608;008;6;001
23;4608;009;6;001
23;4608;010;6;001
23;4608;011;6;001
23;4608;012;6;001
23;4608;013;6;001
23;4608;014;6;001
23;4608;015;6;001
23;4608;016;6;001
23;4608;017;6;001
23;4608;018;6;001
23;4608;019;6;001
23;4608;020;6;001
23;4608;021;6;001
23;4608;022;6;001
23;4608;023;6;001
23;4608;024;6;001
23;4608;025;6;001
23;4608;026;6;001
23;4608;027;6;001
23;4608;028;6;001
23;4608;029;6;001
23;4608;030;6;001
23;4608;031;6;001
23;4609;001;6;001
23;4609;002;6;001
23;4609;003;6;001
23;4609;004;6;001
23;4609;005;6;001
23;4609;006;6;001
23;4609;007;6;001
23;4609;008;6;001
23;4609;009;6;001
23;4609;010;6;001
23;4609;011;6;001
23;4609;012;6;001
23;4609;013;6;001
23;4609;014;6;001
23;4609;015;6;001
23;4609;016;6;001
23;4609;017;6;001
23;4609;018;6;001
23;4609;019;6;001
23;4609;020;6;001
23;4609;021;6;001
23;4609;022;6;001
23;4609;023;6;001
23;4609;024;6;001
23;4609;025;6;001
23;4609;026;6;001
23;4609;027;6;001
23;4609;028;6;001
23;4609;029;6;001
23;4609;030;6;001
23;4609;031;6;001
23;4609;032;6;001
23;4609;033;6;001
23;4609;034;6;001
23;4609;035;6;001
23;4609;036;6;001
23;4609;037;6;001
23;4609;038;6;001
23;4609;039;6;001
23;4609;040;6;001
23;4609;041;6;001
23;4609;042;6;001
23;4609;043;6;001
23;4609;044;6;001
23;4609;045;6;001
23;4609;046;6;001
23;4609;047;6;001
23;4609;048;6;001
23;4609;049;6;001
23;4609;050;6;001
23;4609;051;6;001
23;4609;052;6;001
23;4609;053;6;001
23;4609;054;6;001
23;4609;055;6;001
23;4609;056;6;001
23;4609;057;6;001
23;4609;058;6;001
23;4609;059;6;001
23;4610;001;6;001
23;4610;002;6;001
23;4610;003;6;001
23;4610;004;6;001
23;4610;005;6;001
23;4610;006;6;001
23;4610;007;6;001
23;4610;008;6;001
23;4610;009;6;001
23;4610;010;6;001
23;4610;011;6;001
23;4610;012;6;001
23;4610;013;6;001
23;4610;014;6;001
23;4610;015;6;001
23;4610;016;6;001
23;4610;017;6;001
23;4610;018;6;001
23;4610;019;6;001
23;4610;020;6;001
23;4610;021;6;001
23;4610;022;6;001
23;4610;023;6;001
23;4610;024;6;001
23;4610;025;6;001
23;4610;026;6;001
23;4610;027;6;001
23;4610;028;6;001
23;4610;029;6;001
23;4610;030;6;001
23;4610;031;6;001
23;4610;032;6;001
23;4610;033;6;001
23;4610;034;6;001
23;4610;035;6;001
23;4610;036;6;001
23;4610;037;6;001
23;4610;038;6;001
23;4610;039;6;001
23;4610;040;6;001
23;4610;041;6;001
23;4610;042;6;001
23;4610;043;6;001
23;4610;044;6;001
23;4610;045;6;001
23;4610;046;6;001
23;4610;047;6;001
23;4610;048;6;001
23;4610;049;6;001
23;4610;050;6;001
23;4610;051;6;001
23;4610;052;6;001
23;4610;053;6;001
23;4610;054;6;001
23;4610;055;6;001
23;4610;056;6;001
23;4610;057;6;001
23;4610;058;6;001
23;4610;059;6;001
23;4610;060;6;001
23;4610;061;6;001
23;4610;062;6;001
23;4610;063;6;001
23;4610;064;6;001
23;4610;065;6;001
23;4610;066;6;001
23;4610;067;6;001
23;4610;068;6;001
23;4610;069;6;001
23;4610;070;6;001
23;4610;071;6;001
23;4610;072;6;001
23;4610;073;6;001
23;4610;074;6;001
23;4610;075;6;001
23;4610;076;6;001
23;4610;077;6;001
23;4610;078;6;001
23;4610;079;6;001
23;4610;080;6;001
23;4610;081;6;001
23;4610;082;6;001
23;4610;083;6;001
23;4610;084;6;001
23;4610;085;6;001
23;4610;087;6;001
23;4610;088;6;001
23;4610;089;6;001
23;4610;090;6;001
23;4610;091;6;001
23;4610;093;6;001
23;4615;001;6;001
23;4615;002;6;001
23;4615;003;6;001
23;4615;004;6;001
23;4615;005;6;001
23;4615;006;6;001
23;4615;007;6;001
23;4615;008;6;001
23;4615;009;6;001
23;4615;010;6;001
23;4615;011;6;001
23;4615;012;6;001
23;4615;013;6;001
23;4615;014;6;001
23;4615;015;6;001
23;4615;016;6;001
23;4615;017;6;001
23;4615;018;6;001
23;4615;019;6;001
23;4615;020;6;001
23;4615;021;6;001
23;4615;022;6;001
23;4615;023;6;001
23;4615;024;6;001
23;4615;025;6;001
23;4615;026;6;001
23;4615;027;6;001
23;4615;028;6;001
23;4615;029;6;001
23;4615;030;6;001
23;4615;031;6;001
23;4615;032;6;001
23;4615;033;6;001
23;4615;034;6;001
23;4615;035;6;001
23;4615;036;6;001
23;4615;037;6;001
23;4615;038;6;001
23;4615;039;6;001
23;4615;040;6;001
23;4615;041;6;001
23;4615;042;6;001
23;4615;043;6;001
23;4615;044;6;001
23;4615;045;6;001
23;4615;046;6;001
23;4615;047;6;001
23;4615;048;6;001
23;4615;049;6;001
23;4615;050;6;001
23;4615;051;6;001
23;4615;052;6;001
23;4615;053;6;001
23;4615;054;6;001
23;4615;055;6;001
23;4615;056;6;001
23;4615;057;6;001
23;4615;058;6;001
23;4615;059;6;001
23;4615;060;6;001
23;4615;061;6;001
23;4615;062;6;001
23;4615;063;6;001
23;4615;064;6;001
23;4615;065;6;001
23;4615;066;6;001
23;4615;067;6;001
23;4615;068;6;001
23;4615;069;6;001
23;4615;070;6;001
23;4615;071;6;001
23;4615;072;6;001
23;4615;073;6;001
23;4615;074;6;001
23;4615;075;6;001
23;4615;076;6;001
23;4615;077;6;001
23;4615;078;6;001
23;4615;079;6;001
23;4615;080;6;001
23;4615;081;6;001
23;4615;082;6;001
23;4615;083;6;001
23;4615;084;6;001
23;4615;085;6;001
23;4615;086;6;001
23;4615;087;6;001
23;4615;088;6;001
23;4615;089;6;001
23;4615;090;6;001
23;4615;091;6;001
23;4615;092;6;001
23;4615;093;6;001
23;4615;094;6;001
23;4615;095;6;001
23;4615;096;6;001
23;4615;097;6;001
23;4615;098;6;001
23;4615;099;6;001
23;4615;100;6;001
23;4615;101;6;001
23;4615;102;6;001
23;4615;103;6;001
23;4615;104;6;001
23;4615;105;6;001
23;4615;106;6;001
23;4615;107;6;001
23;4615;108;6;001
23;4615;109;6;001
23;4615;110;6;001
23;4615;111;6;001
23;4615;112;6;001
23;4615;113;6;001
23;4615;114;6;001
23;4615;115;6;001
23;4615;116;6;001
23;4615;117;6;001
23;4615;118;6;001
23;4615;119;6;001
23;4615;120;6;001
23;4615;121;6;001
23;4616;001;6;001
23;4616;002;6;001
23;4616;003;6;001
23;4616;004;6;001
23;4616;005;6;001
23;4616;006;6;001
23;4616;007;6;001
23;4616;008;6;001
23;4616;009;6;001
23;4616;010;6;001
23;4616;011;6;001
23;4616;012;6;001
23;4616;013;6;001
23;4616;014;6;001
23;4616;015;6;001
23;4616;016;6;001
23;4616;017;6;001
23;4616;018;6;001
23;4616;019;6;001
23;4616;020;6;001
23;4616;021;6;001
23;4616;022;6;001
23;4616;023;6;001
23;4616;024;6;001
23;4616;025;6;001
23;4616;026;6;001
23;4616;027;6;001
23;4616;028;6;001
23;4616;029;6;001
23;4616;030;6;001
23;4616;031;6;001
23;4616;032;6;001
23;4616;033;6;001
23;4616;034;6;001
23;4616;035;6;001
23;4616;036;6;001
23;4616;037;6;001
23;4616;038;6;001
23;4616;039;6;001
23;4616;040;6;001
23;4616;041;6;001
23;4616;042;6;001
23;4616;043;6;001
23;4616;044;6;001
23;4616;045;6;001
23;4616;046;6;001
23;4616;047;6;001
23;4616;048;6;001
23;4616;049;6;001
23;4616;050;6;001
23;4616;051;6;001
23;4616;052;6;001
23;4616;053;6;001
23;4616;054;6;001
23;4616;055;6;001
23;4616;056;6;001
23;4616;057;6;001
23;4616;058;6;001
23;4617;001;6;001
23;4617;002;6;001
23;4617;003;6;001
23;4617;004;6;001
23;4617;005;6;001
23;4617;006;6;001
23;4617;007;6;001
23;4617;008;6;001
23;4617;009;6;001
23;4617;010;6;001
23;4617;011;6;003
23;4617;012;6;002
23;4617;013;6;002
23;4617;014;6;002
23;4617;015;6;002
23;4617;017;6;001
23;4617;018;6;001
23;4617;019;6;001
23;4617;020;6;001
23;4617;021;6;001
23;4617;022;6;001
23;4617;023;6;001
23;4617;024;6;001
23;4617;025;6;001
23;4617;026;6;001
23;4617;027;6;001
23;4617;028;6;001
23;4617;029;6;001
23;4617;030;6;001
23;4617;031;6;001
23;4617;032;6;001
23;4617;033;6;001
23;4617;034;6;001
23;4617;035;6;001
23;4617;036;6;001
23;4617;038;6;001
23;4617;039;6;001
23;4617;040;6;001
23;4617;041;6;001
23;4617;042;6;001
23;4617;043;6;001
23;4617;044;6;001
23;4617;045;6;001
23;4617;046;6;001
23;4617;047;6;001
23;4617;048;6;001
23;4617;049;6;001
23;4617;050;6;001
23;4617;051;6;001
23;4617;052;6;001
23;4617;053;6;001
23;4617;054;6;001
23;4623;001;6;009
23;4623;002;6;009
23;4623;003;6;007
23;4623;004;6;007
23;4623;005;6;007
23;4623;006;6;007
23;4623;007;6;007
23;4623;008;6;010
23;4623;009;6;010
23;4623;010;6;010
23;4623;011;6;010
23;4623;012;6;010
23;4623;013;6;010
23;4623;014;6;010
23;4623;015;6;005
23;4623;016;6;005
23;4623;017;6;005
23;4623;018;6;005
23;4623;019;6;011
23;4623;020;6;011
23;4623;021;6;008
23;4623;022;6;008
23;4623;023;6;012
23;4623;024;6;012
23;4623;025;6;004
23;4623;026;6;004
23;4623;027;6;004
23;4623;028;6;004
23;4623;029;6;006
23;4623;030;6;006
23;4623;031;6;013
[END]

[MAJ]
23;6;   ;01;;;è•≤∫∞ ä®∞®´Æ¢ Å•∞Æ≠ ® ë≤Æø≠ Ç∫´∑•¢ Ä≠§∞••¢;, ;èäÅ+ëÇÄ;1453;0;1
23;6;   ;02;;;è•≤∫∞ ë≤•¥†≠Æ¢ ë≤Æø≠Æ¢ ® ç•´® è•≤∞Æ¢† ä≥∂™Æ¢†;, ;èëë+çèä;74999;2;2
23;6;   ;03;;;ÅÆ£Æ¨®´ Ä≠£•´Æ¢ ÅÆ≠•¢ ® Ä≤†≠†± à¢†≠Æ¢ Ü•´•ß∑•¢;, ;ÅÄÅ+ÄàÜ;24703;0;3
23;6;   ;04;;;ÜÆ∞¶ É†≠∑•¢ É†≠∑•¢ ® Ç•±•´®≠ ë≤Æø≠Æ¢ ÅÆ≠∑•¢;, ;ÜÉÉ+ÇëÅ;2561;0;4
23;6;   ;05;;;É•Æ∞£® ë•§•¥∑Æ¢ è∫∞¢†≠Æ¢ ® Ä≠£•´ à¢†≠Æ¢ å†∞®≠;, ;Éëè+Äàå;51215;2;5
23;6;   ;06;;;ê•≠•≤† à¢†≠Æ¢† à≠§¶Æ¢† ® ä∞∫±≤æ ç®™Æ´Æ¢ à´Æ¢;, ;êàà+äçà;3635;0;6
[END]

[PROP]
[END]

[LISTI]
[END]

[PROT]
6;23;4602;001;841+34+369+369+1+0+1+17+368;9+221+42+1+88+7
6;23;4602;002;980+3+445+445+0+0+0+0+445;5+251+73+8+101+7
6;23;4602;003;856+1+430+430+0+0+0+0+430;5+268+53+6+92+6
6;23;4602;004;587+1+298+298+1+1+2+14+296;6+189+30+8+55+8
6;23;4602;005;754+0+353+353+3+0+3+5+350;4+230+39+4+60+13
6;23;4602;006;697+0+290+290+0+0+0+5+290;3+194+35+1+53+4
6;23;4602;007;813+0+388+388+1+0+1+6+387;1+247+39+9+87+4
6;23;4602;008;830+1+394+394+0+0+0+0+394;2+252+45+3+89+3
6;23;4602;009;1036+1+505+505+4+0+4+11+501;4+312+60+3+116+6
6;23;4602;010;398+0+199+199+0+0+0+10+199;1+118+25+1+50+4
6;23;4602;011;1134+1+500+500+0+0+0+9+500;6+320+41+5+119+9
6;23;4602;012;775+1+363+363+1+0+1+0+362;6+196+34+3+118+5
6;23;4602;013;918+0+504+504+1+0+1+17+503;4+228+66+6+187+12
6;23;4602;014;946+6+532+532+0+1+1+0+531;1+300+65+6+150+9
6;23;4602;015;839+0+443+443+1+2+3+0+440;1+226+49+2+155+7
6;23;4602;016;826+0+415+415+0+0+0+14+415;1+249+47+1+109+8
6;23;4602;017;863+1+414+414+1+3+4+0+410;1+264+45+5+89+6
6;23;4602;018;859+1+432+432+2+0+2+0+430;5+232+74+10+99+10
6;23;4602;019;806+24+428+428+0+0+0+6+428;5+240+51+6+116+10
6;23;4602;020;883+3+416+416+1+0+1+21+415;3+162+61+7+177+5
6;23;4602;021;840+5+419+419+1+0+1+14+418;9+193+51+4+153+8
6;23;4602;022;842+3+476+476+1+1+2+0+474;5+206+50+2+202+9
6;23;4602;023;787+1+385+385+2+0+2+7+383;4+138+38+10+183+10
6;23;4602;024;855+0+408+408+0+0+0+26+408;0+200+57+3+138+10
6;23;4602;025;779+0+369+369+1+0+1+17+368;1+157+74+4+119+13
6;23;4602;026;844+0+380+380+1+0+1+0+379;3+182+71+5+113+5
6;23;4602;027;1101+0+434+434+1+1+2+19+432;5+242+68+8+98+11
6;23;4602;028;839+0+376+376+0+0+0+5+376;2+188+62+6+115+3
6;23;4602;029;1097+12+392+392+0+0+0+14+392;3+239+52+3+79+16
6;23;4602;030;746+2+329+329+1+0+1+0+328;2+187+51+4+72+12
6;23;4602;031;1088+6+471+471+2+0+2+0+469;6+218+58+2+172+13
6;23;4602;032;809+0+334+334+0+1+1+0+333;3+180+42+6+92+10
6;23;4602;033;872+3+304+304+1+0+1+0+303;5+78+48+1+164+7
6;23;4602;034;844+0+331+331+0+0+0+8+331;2+104+70+1+149+5
6;23;4602;035;750+1+297+297+0+0+0+5+297;3+90+47+4+139+14
6;23;4602;036;788+3+351+351+0+1+1+13+350;0+88+80+9+164+9
6;23;4602;037;817+1+372+372+0+0+0+0+372;8+89+75+8+184+8
6;23;4602;038;849+0+431+431+0+0+0+17+431;4+229+58+9+124+7
6;23;4602;039;898+0+357+357+0+1+1+0+356;1+206+58+6+78+7
6;23;4602;040;838+0+380+380+0+0+0+5+380;2+196+67+6+103+6
6;23;4602;041;854+0+347+347+0+0+0+23+347;1+174+56+7+97+12
6;23;4602;042;817+0+365+365+0+0+0+8+365;3+103+64+8+175+12
6;23;4602;043;923+1+435+435+2+0+2+14+433;4+141+64+9+206+9
6;23;4602;044;814+2+366+366+0+0+0+0+366;2+149+59+11+127+18
6;23;4602;045;864+0+414+414+5+0+5+0+409;8+190+49+6+139+17
6;23;4602;046;918+0+431+431+7+0+7+22+424;5+196+60+10+140+13
6;23;4602;047;778+3+339+339+1+0+1+0+338;3+163+53+7+98+14
6;23;4602;048;935+2+429+429+3+0+3+19+426;3+208+69+4+127+15
6;23;4602;049;1088+0+452+452+0+0+0+16+452;4+208+64+7+154+15
6;23;4602;050;794+0+240+240+0+0+0+0+240;1+95+49+5+84+6
6;23;4602;051;748+0+297+297+0+0+0+0+297;6+78+39+1+170+3
6;23;4602;052;872+0+397+397+2+1+3+0+394;1+170+57+2+160+4
6;23;4602;053;752+1+401+401+2+0+2+0+399;4+185+36+2+171+1
6;23;4602;054;867+0+378+378+0+0+0+14+378;1+218+32+3+116+8
6;23;4602;055;765+2+330+330+0+0+0+0+330;5+136+40+2+142+5
6;23;4602;056;784+1+349+349+0+0+0+0+349;4+128+59+8+143+7
6;23;4602;057;839+1+364+364+3+1+4+0+360;3+160+43+5+143+6
6;23;4602;058;865+0+407+407+0+0+0+0+407;4+100+58+9+232+4
6;23;4602;059;780+1+417+417+0+0+0+0+417;5+173+40+1+186+12
6;23;4602;060;838+0+447+447+1+0+1+0+446;4+224+48+3+148+19
6;23;4602;061;874+1+404+404+0+0+0+0+404;1+203+62+5+129+4
6;23;4602;062;843+0+378+378+0+0+0+13+378;4+194+69+9+94+8
6;23;4602;063;801+0+298+298+0+0+0+14+298;3+83+74+2+128+8
6;23;4602;064;847+2+309+309+0+0+0+11+309;0+96+59+6+129+19
6;23;4602;065;873+0+354+354+1+0+1+0+353;2+177+59+3+107+5
6;23;4602;066;794+2+348+348+1+0+1+0+347;4+126+63+3+136+15
6;23;4602;067;738+0+351+351+5+0+5+0+346;2+169+46+6+112+11
6;23;4602;068;795+0+356+356+1+0+1+0+355;2+158+55+2+133+5
6;23;4602;069;830+0+386+386+0+1+1+0+385;1+164+64+6+137+13
6;23;4602;070;815+2+377+377+1+0+1+9+376;0+178+44+9+141+4
6;23;4602;071;814+2+339+339+0+1+1+6+338;1+167+51+3+107+9
6;23;4602;072;914+0+431+431+1+0+1+7+430;0+146+57+6+212+9
6;23;4602;073;1212+1+497+497+0+0+0+6+497;6+221+99+3+156+12
6;23;4602;074;868+1+467+467+0+0+0+17+467;6+113+55+6+280+7
6;23;4602;075;911+1+461+461+0+1+1+0+460;5+254+66+2+126+7
6;23;4602;076;887+0+381+381+1+0+1+0+380;5+199+45+1+120+10
6;23;4602;077;777+7+344+344+0+0+0+10+344;2+128+42+2+163+7
6;23;4602;078;822+2+359+359+0+1+1+0+358;2+150+62+7+132+5
6;23;4602;079;752+0+266+266+0+0+0+12+266;0+120+31+7+105+3
6;23;4602;080;942+0+452+452+0+0+0+0+452;1+196+77+9+156+13
6;23;4602;081;846+0+332+332+2+0+2+4+330;4+138+55+7+113+13
6;23;4602;082;764+0+349+349+0+0+0+0+349;6+123+63+6+145+6
6;23;4602;083;846+3+377+377+0+0+0+0+377;3+134+64+7+162+7
6;23;4602;084;222+14+118+118+0+1+1+8+117;0+64+21+2+29+1
6;23;4602;085;95+2+97+97+1+0+1+1+96;2+18+36+5+33+2
6;23;4602;086;64+1+47+47+0+0+0+1+47;2+16+7+2+19+1
6;23;4602;089;17+2+19+19+0+0+0+0+19;0+7+1+0+11+0
6;23;4608;001;906+0+472+472+5+0+5+11+467;4+236+64+9+144+10
6;23;4608;002;846+2+367+367+3+0+3+10+364;11+204+48+6+84+11
6;23;4608;003;939+5+463+463+2+0+2+12+461;5+223+39+3+181+10
6;23;4608;004;998+3+481+481+4+0+4+0+477;6+172+74+7+206+12
6;23;4608;005;986+1+485+485+0+0+0+4+485;8+196+92+2+174+13
6;23;4608;006;917+0+426+426+2+0+2+11+424;5+176+68+4+157+14
6;23;4608;007;830+4+415+415+1+1+2+0+413;5+131+56+9+202+10
6;23;4608;008;911+0+454+454+1+0+1+12+453;7+162+77+6+186+15
6;23;4608;009;934+5+435+435+2+0+2+0+433;11+208+75+7+114+18
6;23;4608;010;984+1+452+452+0+1+1+7+451;4+180+71+7+177+12
6;23;4608;011;1040+1+450+450+2+0+2+3+448;5+226+68+3+131+15
6;23;4608;012;1009+0+467+467+1+0+1+3+466;1+236+74+10+127+18
6;23;4608;013;965+0+476+476+0+0+0+0+476;8+175+94+4+185+10
6;23;4608;014;1021+2+420+420+2+0+2+10+418;5+166+72+13+159+3
6;23;4608;015;1029+3+445+445+0+0+0+5+445;3+203+59+7+161+12
6;23;4608;016;880+5+479+479+1+0+1+0+478;9+163+42+3+244+17
6;23;4608;017;900+2+513+513+0+4+4+0+509;8+229+56+8+196+12
6;23;4608;018;862+0+449+449+2+1+3+13+446;3+206+62+4+167+4
6;23;4608;019;937+0+434+434+3+0+3+0+431;5+198+51+2+164+11
6;23;4608;020;906+0+437+437+2+0+2+10+435;9+184+54+3+169+16
6;23;4608;021;881+1+477+477+1+0+1+4+476;5+168+41+2+255+5
6;23;4608;022;872+0+426+426+2+1+3+1+423;4+169+54+8+178+10
6;23;4608;023;928+1+439+439+2+0+2+3+437;0+218+51+8+145+15
6;23;4608;024;850+9+474+474+0+0+0+6+474;4+202+61+10+186+11
6;23;4608;025;1023+1+471+471+0+1+1+13+470;4+167+68+10+204+17
6;23;4608;026;1027+2+461+461+1+1+2+11+459;3+183+61+10+194+8
6;23;4608;027;1024+2+516+516+2+1+3+5+513;0+219+66+1+218+9
6;23;4608;028;1055+1+517+517+2+1+3+0+514;2+169+63+3+266+11
6;23;4608;029;1011+5+515+515+2+2+4+6+511;4+223+54+5+215+10
6;23;4608;030;186+2+159+159+2+1+3+2+156;10+89+18+21+14+4
6;23;4608;031;47+4+35+35+0+0+0+0+35;1+14+13+0+5+2
6;23;4609;001;726+3+384+384+1+0+1+10+383;3+210+52+3+108+7
6;23;4609;002;441+0+219+219+0+0+0+5+219;4+148+22+1+39+5
6;23;4609;003;636+0+315+315+0+0+0+10+315;7+156+44+5+99+4
6;23;4609;004;621+0+304+304+1+1+2+12+302;2+182+31+4+79+4
6;23;4609;005;635+3+327+327+0+0+0+0+327;2+192+47+2+81+3
6;23;4609;006;786+2+356+356+1+0+1+0+356;2+196+47+7+96+7
6;23;4609;007;603+1+283+283+0+0+0+11+283;1+154+26+5+90+7
6;23;4609;008;700+1+351+351+0+0+0+8+351;1+240+32+4+64+10
6;23;4609;009;782+4+397+397+2+0+2+12+395;6+248+45+4+87+5
6;23;4609;010;649+2+346+346+2+0+2+7+344;1+202+40+3+87+11
6;23;4609;011;462+6+243+243+0+0+0+8+243;2+174+25+0+36+6
6;23;4609;012;684+5+353+353+0+0+0+10+353;3+226+35+1+83+5
6;23;4609;013;792+1+378+378+0+0+0+8+378;5+241+55+1+71+5
6;23;4609;014;694+0+320+320+1+1+2+10+318;2+179+38+3+90+6
6;23;4609;015;547+1+254+254+0+0+0+10+254;2+146+27+5+68+6
6;23;4609;016;788+5+377+377+0+0+0+11+377;5+254+46+4+64+4
6;23;4609;017;562+0+289+289+0+0+0+11+289;1+175+36+3+68+6
6;23;4609;018;792+3+351+351+1+1+2+11+349;5+197+38+2+97+10
6;23;4609;019;548+1+235+235+0+0+0+6+235;1+93+32+4+102+3
6;23;4609;020;364+2+182+182+0+1+1+7+181;1+96+23+4+52+5
6;23;4609;021;504+0+250+250+0+0+0+0+250;0+151+36+2+59+2
6;23;4609;022;830+2+390+390+0+0+0+20+390;4+155+60+8+148+15
6;23;4609;023;636+0+325+325+1+0+1+6+324;7+169+47+6+92+3
6;23;4609;024;786+4+364+364+0+0+0+10+364;3+203+52+7+92+7
6;23;4609;025;580+2+314+314+1+0+1+6+313;0+165+33+2+106+7
6;23;4609;026;642+0+292+292+1+0+1+9+291;0+180+22+0+84+5
6;23;4609;027;812+2+371+371+0+2+2+7+369;6+200+53+8+95+7
6;23;4609;028;520+0+240+240+1+0+1+3+239;3+122+46+3+58+7
6;23;4609;029;691+9+279+279+0+0+0+9+279;2+157+32+6+74+8
6;23;4609;030;575+0+276+276+2+1+3+3+273;0+122+31+2+111+7
6;23;4609;031;733+0+335+335+1+0+1+5+334;1+191+55+1+79+7
6;23;4609;032;678+0+330+330+0+0+0+0+330;5+188+42+4+79+12
6;23;4609;033;776+4+341+341+0+0+0+11+341;5+131+50+6+142+7
6;23;4609;034;728+0+287+287+0+1+1+13+286;3+152+43+1+80+7
6;23;4609;035;819+6+398+398+0+1+1+0+397;4+188+68+7+120+10
6;23;4609;036;340+0+340+340+0+0+0+7+340;3+196+38+4+97+2
6;23;4609;037;780+1+378+378+1+0+1+6+377;3+176+44+3+149+2
6;23;4609;038;556+0+293+293+0+0+0+0+293;4+164+37+1+81+6
6;23;4609;039;557+10+276+276+0+0+0+3+276;1+84+40+0+145+6
6;23;4609;040;573+4+267+267+0+0+0+0+267;0+121+24+4+116+2
6;23;4609;041;474+0+170+170+0+0+0+9+170;0+89+36+7+35+3
6;23;4609;042;429+1+197+197+1+2+3+6+194;3+91+21+6+68+5
6;23;4609;043;658+0+344+344+1+0+1+7+343;5+163+35+5+131+4
6;23;4609;044;712+6+348+348+0+1+1+16+347;6+176+37+6+117+5
6;23;4609;045;716+1+357+357+1+0+1+9+356;4+165+58+3+120+6
6;23;4609;046;567+0+321+321+0+2+2+13+319;3+86+35+4+187+4
6;23;4609;047;798+0+353+353+0+0+0+0+353;1+157+56+3+129+7
6;23;4609;048;633+0+287+287+0+0+0+0+287;5+88+56+3+125+10
6;23;4609;049;697+0+336+336+1+0+1+0+335;3+179+49+4+94+6
6;23;4609;050;686+0+335+335+1+0+1+15+334;4+161+47+6+105+11
6;23;4609;051;531+1+215+215+0+0+0+10+215;1+86+30+3+89+6
6;23;4609;052;750+0+367+367+0+1+1+12+366;1+151+48+6+150+10
6;23;4609;053;723+0+348+348+0+1+1+2+347;1+166+47+4+123+6
6;23;4609;054;734+0+383+383+0+0+0+11+383;8+139+56+3+169+8
6;23;4609;055;253+0+95+95+0+0+0+0+95;0+60+11+0+24+0
6;23;4609;056;294+1+295+295+2+1+3+18+292;2+150+59+4+72+5
6;23;4609;057;623+1+227+227+0+0+0+1+227;0+136+27+6+48+10
6;23;4609;058;725+1+310+310+0+0+0+4+310;1+153+66+2+77+11
6;23;4609;059;371+4+157+157+0+0+0+4+157;1+76+34+4+40+2
6;23;4610;001;564+4+276+276+0+0+0+0+276;2+185+26+1+57+5
6;23;4610;002;491+2+246+246+0+0+0+5+246;3+156+28+3+49+7
6;23;4610;003;771+0+363+363+1+1+2+0+361;3+237+52+2+55+12
6;23;4610;004;563+0+254+254+0+0+0+7+254;4+162+21+7+53+7
6;23;4610;005;486+3+217+217+0+0+0+12+217;0+146+21+1+44+5
6;23;4610;006;603+0+308+308+0+0+0+21+308;3+192+33+3+66+11
6;23;4610;007;630+1+302+302+0+1+1+18+301;4+202+31+2+57+5
6;23;4610;008;604+0+287+287+0+0+0+0+287;3+176+44+4+48+12
6;23;4610;009;488+0+210+210+2+0+2+0+208;1+154+18+2+31+2
6;23;4610;010;628+0+307+307+1+2+3+18+304;0+207+43+0+50+4
6;23;4610;011;451+0+217+217+2+1+3+9+214;6+152+29+1+22+4
6;23;4610;012;452+0+266+266+4+0+4+12+262;3+174+30+2+49+4
6;23;4610;013;625+0+318+318+2+2+4+314+314;2+199+36+0+68+9
6;23;4610;014;549+0+239+239+0+0+0+5+239;0+163+24+3+46+3
6;23;4610;015;494+2+240+240+1+0+1+15+239;2+139+38+2+54+4
6;23;4610;016;671+0+345+345+0+1+1+19+344;2+229+43+3+60+7
6;23;4610;017;559+0+272+272+2+0+2+14+270;5+168+35+5+54+3
6;23;4610;018;334+1+334+334+0+0+0+0+334;5+218+36+8+65+2
6;23;4610;019;760+0+380+380+0+0+0+13+380;1+212+35+5+123+4
6;23;4610;020;592+0+267+267+1+0+1+8+266;1+167+43+2+50+3
6;23;4610;021;490+0+272+267+2+1+3+8+265;1+176+27+0+59+2
6;23;4610;022;662+0+310+310+0+0+0+0+310;0+163+55+1+91+0
6;23;4610;023;669+2+335+335+0+0+0+0+335;1+215+36+1+76+6
6;23;4610;024;707+0+352+352+0+0+0+11+352;3+183+36+7+122+1
6;23;4610;025;700+0+346+346+0+0+0+0+346;4+210+33+3+91+5
6;23;4610;026;547+0+277+277+0+0+0+7+277;2+175+34+6+57+3
6;23;4610;027;417+1+193+193+0+0+0+4+193;2+119+23+4+42+3
6;23;4610;028;1139+56+572+572+0+0+0+6+572;5+290+80+9+177+11
6;23;4610;029;743+2+358+358+0+0+0+14+358;1+176+45+8+118+10
6;23;4610;030;490+0+259+259+2+0+2+11+257;5+117+36+3+91+5
6;23;4610;031;660+3+334+334+0+1+1+8+333;4+191+44+4+86+4
6;23;4610;032;703+0+365+365+2+0+2+13+363;6+184+55+3+105+10
6;23;4610;033;791+1+381+381+0+1+1+14+380;1+199+48+5+117+10
6;23;4610;034;555+2+283+283+1+0+1+19+282;4+138+31+7+96+6
6;23;4610;035;690+0+270+270+1+0+1+4+269;3+145+39+2+71+9
6;23;4610;036;987+5+428+428+5+1+6+4+422;4+221+44+2+148+3
6;23;4610;037;850+0+389+389+0+0+0+24+389;2+206+54+6+116+5
6;23;4610;038;1141+2+496+496+0+0+0+0+496;6+274+63+5+141+7
6;23;4610;039;1076+2+532+532+2+0+2+0+530;5+221+97+11+181+15
6;23;4610;040;902+3+412+412+1+1+2+19+410;3+202+49+4+144+8
6;23;4610;041;653+2+330+330+1+0+1+0+329;3+170+45+8+99+4
6;23;4610;042;636+0+295+295+2+1+3+16+292;1+145+52+5+81+8
6;23;4610;043;585+0+263+263+0+0+0+5+263;1+115+49+2+90+6
6;23;4610;044;710+0+352+352+4+0+4+5+348;4+161+42+6+124+11
6;23;4610;045;876+0+394+394+2+0+2+9+392;5+215+57+4+100+11
6;23;4610;046;748+0+348+348+1+0+1+12+347;8+116+64+7+143+9
6;23;4610;047;704+3+303+303+2+0+2+9+301;1+126+58+8+100+8
6;23;4610;048;769+6+335+336+1+0+1+2+335;2+112+84+4+122+11
6;23;4610;049;645+0+292+292+3+0+3+8+289;2+146+41+7+90+3
6;23;4610;050;750+1+326+326+0+0+0+0+326;0+84+76+3+158+5
6;23;4610;051;764+1+329+329+0+0+0+0+329;2+150+57+2+108+10
6;23;4610;052;686+0+308+308+0+0+0+0+308;2+147+36+7+109+7
6;23;4610;053;839+0+317+317+0+0+0+0+317;2+142+60+7+100+6
6;23;4610;054;326+0+326+326+0+2+2+10+324;3+169+56+7+82+7
6;23;4610;055;858+0+382+382+3+0+3+0+379;2+185+66+5+108+13
6;23;4610;056;919+0+418+418+0+0+0+5+418;2+208+66+9+116+17
6;23;4610;057;608+1+282+282+0+0+0+0+282;2+105+45+3+124+3
6;23;4610;058;758+7+381+381+0+2+2+13+379;4+189+50+4+128+4
6;23;4610;059;552+0+238+238+0+0+0+3+238;0+102+37+1+95+3
6;23;4610;060;683+0+292+292+0+1+1+8+291;1+131+51+6+90+12
6;23;4610;061;456+0+196+196+0+0+0+9+196;2+66+22+2+104+0
6;23;4610;062;718+0+325+325+0+0+0+0+325;3+145+49+3+124+1
6;23;4610;063;879+2+406+406+0+0+0+8+406;1+192+68+2+140+3
6;23;4610;064;782+1+378+378+1+0+1+0+377;7+163+50+4+143+10
6;23;4610;065;523+2+248+248+0+0+0+6+248;2+111+44+1+84+6
6;23;4610;066;493+3+244+244+0+1+1+0+243;3+105+36+1+88+10
6;23;4610;067;935+0+435+435+0+0+0+18+435;3+165+63+5+186+13
6;23;4610;068;724+0+301+301+1+0+1+11+300;1+147+57+2+88+5
6;23;4610;069;885+1+409+409+2+0+2+8+407;2+168+70+6+152+9
6;23;4610;070;842+0+344+344+0+2+2+11+342;2+184+46+4+100+6
6;23;4610;071;678+0+352+352+3+2+5+5+347;1+156+53+4+123+10
6;23;4610;072;613+4+318+318+1+0+1+10+317;5+143+42+4+105+18
6;23;4610;073;730+0+280+280+0+0+0+2+280;2+139+36+9+90+4
6;23;4610;074;716+0+338+338+1+0+1+8+337;1+178+40+6+101+11
6;23;4610;075;858+0+355+355+3+0+3+0+352;1+175+41+5+121+9
6;23;4610;076;777+0+264+264+0+0+0+6+264;2+148+38+2+71+3
6;23;4610;077;746+3+345+345+1+0+1+0+344;3+125+64+8+137+7
6;23;4610;078;847+4+359+359+1+0+1+0+358;3+129+56+6+160+4
6;23;4610;079;835+2+236+236+0+0+0+0+236;1+114+46+4+67+4
6;23;4610;080;37+0+7+7+0+0+0+0+7;1+5+0+0+1+0
6;23;4610;081;50+7+26+26+0+0+0+1+26;0+8+6+3+8+1
6;23;4610;082;53+1+27+27+0+0+0+2+27;0+10+4+0+11+2
6;23;4610;083;67+4+28+28+0+0+0+0+28;0+9+13+0+6+0
6;23;4610;084;61+0+35+35+0+0+0+5+35;0+16+7+2+8+2
6;23;4610;085;31+0+27+27+0+0+0+1+27;0+17+4+2+4+0
6;23;4610;087;64+0+29+29+0+0+0+0+29;1+10+9+1+8+0
6;23;4610;088;26+4+22+22+0+0+0+0+22;0+5+3+2+11+1
6;23;4610;089;84+0+33+33+0+1+1+1+32;0+16+4+2+9+1
6;23;4610;090;235+25+107+107+0+0+0+0+107;1+35+20+5+43+3
6;23;4610;091;33+0+12+12+0+0+0+0+12;0+5+2+1+3+1
6;23;4610;093;36+14+34+34+0+0+0+1+34;3+17+6+1+6+1
6;23;4615;001;667+1+201+201+0+0+0+0+201;4+52+43+10+84+8
6;23;4615;002;636+1+227+227+0+0+0+6+227;5+63+44+3+104+8
6;23;4615;003;818+0+272+272+0+0+0+5+272;0+106+47+0+113+6
6;23;4615;004;540+0+50+50+0+0+0+2+50;1+16+17+3+10+3
6;23;4615;005;647+1+321+321+0+0+0+0+321;1+148+50+5+106+11
6;23;4615;006;665+0+338+338+0+0+0+12+338;0+70+49+8+201+10
6;23;4615;007;606+3+278+278+1+0+1+9+277;3+163+46+0+62+3
6;23;4615;008;502+0+176+176+0+0+0+0+176;2+97+22+2+51+2
6;23;4615;009;586+0+312+312+0+0+0+0+312;6+161+42+0+97+6
6;23;4615;010;830+1+385+385+0+0+0+11+385;4+154+61+9+151+6
6;23;4615;011;734+0+339+339+0+0+0+13+339;3+155+44+2+124+11
6;23;4615;012;709+6+321+321+0+0+0+0+321;0+130+70+1+110+10
6;23;4615;013;650+1+313+313+0+0+0+0+313;2+186+48+1+74+2
6;23;4615;014;732+0+379+379+0+0+0+9+379;3+148+62+6+155+5
6;23;4615;015;728+1+319+319+3+0+3+13+316;0+96+54+3+150+13
6;23;4615;016;667+0+277+277+1+0+1+5+276;3+121+51+1+91+9
6;23;4615;017;765+3+272+272+0+0+0+0+272;3+122+47+1+93+6
6;23;4615;018;845+2+427+427+0+1+1+0+426;3+189+67+7+153+7
6;23;4615;019;710+0+299+299+0+0+0+21+299;3+94+59+5+133+5
6;23;4615;020;771+2+365+365+3+1+4+3+361;1+134+46+7+168+5
6;23;4615;021;749+2+361+361+1+0+1+0+360;3+140+58+5+149+5
6;23;4615;022;835+1+407+407+0+1+1+0+406;3+176+73+8+137+9
6;23;4615;023;791+0+379+379+0+0+0+0+379;8+164+70+4+125+8
6;23;4615;024;887+0+453+453+3+0+3+11+450;4+191+81+14+149+11
6;23;4615;025;726+1+345+345+2+0+2+0+343;2+143+56+5+131+6
6;23;4615;026;809+0+363+363+0+0+0+0+363;0+145+45+2+162+9
6;23;4615;027;569+0+229+229+0+0+0+0+229;2+105+37+1+83+1
6;23;4615;028;711+0+288+288+1+0+1+0+287;3+113+43+3+113+12
6;23;4615;029;869+0+451+451+1+2+3+13+448;2+80+66+7+281+12
6;23;4615;030;730+0+335+335+1+0+1+0+334;2+126+51+4+144+7
6;23;4615;031;688+2+301+301+0+0+0+0+301;4+115+59+6+109+8
6;23;4615;032;626+0+304+304+1+0+1+0+303;3+122+42+4+122+10
6;23;4615;033;759+0+343+343+0+0+0+0+343;1+128+65+1+139+9
6;23;4615;034;738+0+261+261+1+0+1+8+260;2+124+34+4+85+11
6;23;4615;035;661+0+283+283+1+0+1+0+282;3+132+40+2+101+4
6;23;4615;036;708+1+282+282+0+0+0+0+282;1+121+55+13+90+2
6;23;4615;037;626+0+284+284+3+0+3+0+281;3+138+36+0+96+8
6;23;4615;038;739+1+249+249+0+0+0+3+249;0+105+44+5+86+9
6;23;4615;039;762+0+286+286+0+1+1+5+285;5+129+45+4+95+7
6;23;4615;040;593+2+256+256+0+0+0+0+256;1+113+37+4+97+4
6;23;4615;041;499+2+210+210+1+0+1+0+209;4+133+19+1+42+10
6;23;4615;042;925+1+362+362+0+1+1+3+361;3+180+92+6+72+8
6;23;4615;043;749+0+309+309+1+0+1+4+308;4+132+51+14+98+9
6;23;4615;044;674+0+297+297+2+1+3+0+294;2+141+69+5+73+4
6;23;4615;045;617+2+295+295+1+0+1+2+294;0+121+61+10+95+7
6;23;4615;046;817+2+302+302+0+0+0+0+302;3+119+60+4+104+12
6;23;4615;047;725+2+319+319+1+0+1+5+318;1+131+60+6+115+5
6;23;4615;048;768+0+310+310+0+0+0+0+310;5+138+43+2+114+8
6;23;4615;049;530+0+253+253+0+1+1+0+252;0+59+39+2+148+4
6;23;4615;050;746+3+353+353+1+1+2+0+351;3+145+38+5+148+12
6;23;4615;051;816+1+337+337+0+0+0+8+337;1+139+50+1+135+11
6;23;4615;052;819+0+363+363+0+0+0+4+363;3+129+47+7+165+12
6;23;4615;053;672+1+291+291+2+0+2+7+289;2+122+63+5+92+5
6;23;4615;054;759+1+343+343+1+0+1+0+342;4+118+54+5+158+3
6;23;4615;055;846+0+341+341+0+0+0+0+341;5+179+47+6+100+4
6;23;4615;056;569+0+263+263+0+0+0+2+263;2+124+53+3+75+6
6;23;4615;057;748+1+289+289+0+0+0+0+289;1+133+54+10+83+8
6;23;4615;058;562+0+252+252+0+0+0+0+252;5+99+36+9+96+7
6;23;4615;059;807+0+349+349+1+0+1+0+348;3+147+61+9+118+10
6;23;4615;060;782+0+333+333+0+0+0+0+333;2+171+64+8+79+9
6;23;4615;061;785+0+307+307+4+0+4+0+303;1+138+58+9+88+9
6;23;4615;062;742+0+336+336+3+1+4+0+332;5+146+52+9+112+8
6;23;4615;063;552+0+228+228+0+0+0+3+228;0+65+36+2+118+7
6;23;4615;064;779+0+332+332+0+0+0+0+332;4+118+63+5+126+16
6;23;4615;065;747+0+266+266+3+0+3+0+263;1+110+66+4+75+7
6;23;4615;066;309+0+309+309+0+0+0+0+309;1+141+68+12+81+6
6;23;4615;067;810+0+359+359+1+0+1+6+358;5+130+70+4+141+8
6;23;4615;068;735+0+319+319+0+0+0+0+319;3+110+67+3+131+5
6;23;4615;069;935+0+434+434+0+0+0+14+434;1+130+91+7+182+23
6;23;4615;070;825+1+366+366+2+0+2+0+364;5+156+75+11+108+9
6;23;4615;071;899+0+354+354+1+0+1+0+353;2+132+68+2+135+14
6;23;4615;072;728+0+270+270+2+0+2+0+268;3+107+52+7+91+8
6;23;4615;073;771+0+295+295+0+0+0+17+295;5+154+63+7+63+3
6;23;4615;074;680+0+217+217+0+0+0+5+217;2+106+43+1+59+6
6;23;4615;075;660+5+267+268+1+0+1+0+267;4+116+43+8+86+10
6;23;4615;076;862+1+298+298+1+0+1+0+297;3+161+51+6+66+10
6;23;4615;077;788+2+296+296+0+1+1+0+295;1+74+51+2+162+5
6;23;4615;078;768+1+317+317+3+0+3+8+314;2+116+66+6+115+9
6;23;4615;079;707+0+249+249+1+0+1+0+248;4+72+47+5+117+3
6;23;4615;080;799+0+334+334+0+2+2+8+332;4+79+50+10+179+10
6;23;4615;081;669+0+219+219+1+0+1+0+218;5+107+36+8+55+7
6;23;4615;082;659+0+289+289+0+0+0+0+289;2+82+53+11+128+13
6;23;4615;083;695+1+288+288+2+0+2+0+286;6+120+49+3+103+5
6;23;4615;084;899+0+385+385+0+0+0+0+385;2+78+62+8+221+14
6;23;4615;085;981+0+407+407+1+0+1+3+406;3+91+94+2+209+7
6;23;4615;086;611+1+233+233+0+1+1+10+232;2+57+49+3+119+2
6;23;4615;087;568+0+231+231+0+0+0+0+231;5+66+36+6+107+11
6;23;4615;088;834+1+364+364+0+0+0+6+364;6+88+87+8+161+14
6;23;4615;089;677+0+279+279+0+0+0+0+279;0+74+53+3+146+3
6;23;4615;090;678+0+288+288+1+0+1+7+287;1+73+50+8+141+14
6;23;4615;091;826+5+328+328+0+0+0+0+328;4+161+73+7+76+7
6;23;4615;092;750+0+283+283+1+0+1+8+282;2+121+58+5+82+14
6;23;4615;093;870+0+359+359+0+0+0+0+359;1+171+76+4+97+10
6;23;4615;094;641+1+294+294+0+0+0+4+294;4+104+70+3+103+10
6;23;4615;095;742+0+258+258+0+0+0+2+258;4+96+66+4+75+13
6;23;4615;096;598+0+222+222+0+0+0+13+222;1+109+39+3+62+8
6;23;4615;097;722+1+255+255+0+0+0+3+255;3+113+48+2+85+4
6;23;4615;098;644+0+221+221+0+0+0+8+221;0+89+57+2+64+9
6;23;4615;099;739+2+317+317+0+0+0+5+317;2+80+72+14+142+7
6;23;4615;100;719+1+257+257+2+0+2+0+255;1+112+56+8+68+10
6;23;4615;101;796+0+295+295+0+1+1+0+294;3+127+64+6+82+12
6;23;4615;102;785+0+300+300+2+1+3+0+297;4+148+53+6+80+6
6;23;4615;103;701+0+240+240+1+1+2+5+238;2+137+49+6+41+3
6;23;4615;104;767+0+262+262+0+0+0+6+262;1+127+53+4+71+6
6;23;4615;105;794+1+280+280+1+0+1+0+279;2+153+48+4+66+6
6;23;4615;106;689+1+237+237+1+0+1+0+236;3+118+43+7+61+4
6;23;4615;107;716+0+270+270+1+0+1+0+269;2+126+48+6+76+11
6;23;4615;108;872+1+319+319+0+0+0+0+319;5+159+57+8+80+10
6;23;4615;109;659+0+215+215+1+0+1+2+214;2+96+48+2+58+8
6;23;4615;110;768+1+258+258+1+0+1+6+257;2+106+62+5+74+8
6;23;4615;111;622+1+237+237+1+0+1+0+236;1+126+37+2+65+5
6;23;4615;112;773+2+249+249+2+0+2+7+247;1+112+72+5+46+11
6;23;4615;113;953+0+327+327+0+1+1+0+326;6+139+67+17+90+7
6;23;4615;114;739+0+254+254+1+2+3+0+251;4+129+27+6+80+5
6;23;4615;115;764+0+314+314+0+0+0+0+314;1+165+61+1+80+6
6;23;4615;116;676+0+215+215+0+0+0+5+215;2+103+49+5+52+4
6;23;4615;117;307+0+307+307+0+0+0+10+307;1+153+74+15+63+1
6;23;4615;118;792+0+272+272+0+1+1+0+271;2+151+51+6+57+4
6;23;4615;119;739+0+155+155+0+0+0+2+155;0+75+30+8+36+6
6;23;4615;120;636+0+193+193+0+1+1+6+192;1+95+42+10+40+4
6;23;4615;121;134+1+59+59+0+0+0+0+59;2+27+15+1+12+2
6;23;4616;001;498+6+152+152+0+0+0+2+152;3+78+23+4+40+4
6;23;4616;002;311+5+58+58+0+0+0+1+58;1+32+12+2+9+2
6;23;4616;003;405+5+74+74+1+0+1+0+73;1+44+17+1+8+2
6;23;4616;004;542+5+70+70+0+0+0+0+70;0+40+13+3+13+1
6;23;4616;005;494+12+105+105+0+0+0+0+105;2+64+19+2+16+2
6;23;4616;006;346+3+58+58+0+0+0+0+58;1+34+13+0+9+1
6;23;4616;007;378+13+66+66+0+0+0+0+66;0+38+13+2+12+1
6;23;4616;008;466+6+58+58+0+0+0+1+58;1+39+5+1+11+1
6;23;4616;009;229+5+62+62+0+0+0+0+62;0+37+9+1+13+2
6;23;4616;010;329+6+81+81+0+1+1+1+80;0+52+14+0+12+2
6;23;4616;011;596+5+213+213+1+0+1+3+212;5+115+48+2+30+12
6;23;4616;012;426+8+63+63+0+0+0+0+63;1+35+12+1+13+1
6;23;4616;013;394+2+83+83+0+0+0+2+83;2+41+11+3+24+2
6;23;4616;014;500+9+122+122+0+0+0+0+122;1+73+17+4+22+5
6;23;4616;015;422+7+44+44+0+0+0+0+44;1+22+12+0+8+1
6;23;4616;016;537+8+161+161+1+1+2+1+159;0+85+36+1+33+4
6;23;4616;017;472+5+114+114+1+0+1+0+113;0+70+21+5+12+5
6;23;4616;018;414+5+123+123+0+0+0+2+123;2+58+31+4+17+11
6;23;4616;019;497+3+245+245+0+1+1+4+244;5+141+36+4+53+5
6;23;4616;020;260+2+131+131+0+0+0+4+131;3+75+21+0+24+8
6;23;4616;021;411+0+169+169+0+0+0+0+169;0+77+27+2+54+9
6;23;4616;022;339+0+149+149+0+0+0+0+149;0+86+28+1+31+3
6;23;4616;023;511+0+226+226+0+0+0+0+226;3+90+35+4+86+8
6;23;4616;024;241+1+122+122+0+0+0+6+122;1+49+19+1+46+6
6;23;4616;025;370+0+134+134+0+0+0+3+134;1+60+23+3+45+2
6;23;4616;026;511+0+171+171+0+0+0+0+171;3+88+30+3+39+8
6;23;4616;027;1070+1+471+471+0+0+0+12+471;3+234+67+6+149+12
6;23;4616;028;530+0+228+228+3+0+3+0+225;3+121+32+2+54+13
6;23;4616;029;280+0+110+110+0+0+0+0+110;0+63+18+1+25+3
6;23;4616;030;342+0+132+132+1+1+2+0+130;0+89+18+3+18+2
6;23;4616;031;302+3+135+135+0+0+0+3+135;0+78+28+0+26+3
6;23;4616;032;317+0+142+142+0+0+0+0+142;2+80+26+0+33+1
6;23;4616;033;589+0+230+230+0+0+0+0+230;3+129+43+8+42+5
6;23;4616;034;449+0+167+167+1+2+3+4+164;0+90+30+2+37+5
6;23;4616;035;373+1+147+147+0+0+0+2+147;1+77+23+5+35+6
6;23;4616;036;511+0+207+207+0+0+0+0+207;1+96+49+8+45+8
6;23;4616;037;582+6+291+291+0+0+0+6+291;4+107+49+5+120+6
6;23;4616;038;529+1+230+230+1+0+1+10+229;3+128+35+1+55+7
6;23;4616;039;543+0+253+253+1+0+1+0+252;6+84+22+1+132+7
6;23;4616;040;548+0+241+241+0+4+4+10+237;2+123+34+1+71+6
6;23;4616;041;561+0+254+254+0+0+0+7+254;2+79+45+1+122+5
6;23;4616;042;438+0+202+202+0+0+0+8+202;2+109+31+3+55+2
6;23;4616;043;408+1+179+179+1+0+1+0+178;3+67+24+5+71+8
6;23;4616;044;609+0+261+261+0+0+0+0+261;2+113+49+4+87+6
6;23;4616;045;510+1+234+234+0+0+0+0+234;5+108+44+3+70+4
6;23;4616;046;665+0+298+298+2+0+2+9+296;1+106+49+8+125+7
6;23;4616;047;513+0+250+250+0+0+0+0+250;4+61+46+2+125+12
6;23;4616;048;569+2+268+268+0+0+0+13+268;0+135+42+6+81+4
6;23;4616;049;430+0+164+164+1+0+1+0+163;2+80+20+1+55+5
6;23;4616;050;495+0+190+190+3+0+3+0+187;0+87+29+1+66+4
6;23;4616;051;679+0+293+293+0+0+0+0+293;4+138+54+2+90+5
6;23;4616;052;489+0+230+230+0+2+2+10+228;2+81+44+3+94+4
6;23;4616;053;541+1+257+257+3+0+3+12+254;3+112+38+0+92+9
6;23;4616;054;705+1+324+324+1+2+3+14+321;1+137+43+2+131+7
6;23;4616;055;857+0+324+324+0+1+1+7+323;4+169+51+3+90+6
6;23;4616;056;366+0+96+96+0+0+0+5+96;0+61+17+0+16+2
6;23;4616;057;53+0+17+17+0+0+0+0+17;1+10+1+0+5+0
6;23;4616;058;392+0+223+223+4+1+5+26+218;8+104+17+6+77+6
6;23;4617;001;855+12+309+309+1+1+2+5+307;3+181+53+7+63+0
6;23;4617;002;865+0+358+358+0+1+1+7+357;3+198+63+4+85+4
6;23;4617;003;928+0+387+387+2+0+2+10+385;2+204+77+7+89+6
6;23;4617;004;185+1+75+75+0+0+0+1+75;0+44+10+1+16+4
6;23;4617;005;719+0+310+310+3+0+3+4+307;2+194+33+11+62+5
6;23;4617;006;880+1+424+424+0+1+1+13+423;6+311+48+7+44+7
6;23;4617;007;901+1+392+393+0+1+1+5+392;3+255+48+5+75+6
6;23;4617;008;746+0+321+321+3+1+4+5+317;3+174+42+5+89+4
6;23;4617;009;642+0+292+292+0+0+0+0+292;4+173+54+1+56+4
6;23;4617;010;572+0+234+234+0+0+0+0+234;0+89+48+14+83+0
6;23;4617;011;144+0+144+144+0+0+0+4+144;2+53+21+6+61+1
6;23;4617;012;753+0+312+312+0+0+1+0+311;5+157+56+17+71+5
6;23;4617;013;747+0+307+307+1+0+1+8+306;2+152+63+18+69+2
6;23;4617;014;760+0+268+268+0+0+0+0+268;3+120+53+30+58+4
6;23;4617;015;592+1+207+207+1+0+1+4+206;4+104+25+14+55+4
6;23;4617;017;783+1+337+337+2+0+2+5+335;1+189+52+5+82+6
6;23;4617;018;688+0+276+276+0+0+0+3+276;1+145+42+2+80+6
6;23;4617;019;892+0+422+422+0+1+1+14+421;0+253+72+12+80+4
6;23;4617;020;1098+0+496+496+0+0+0+0+496;8+283+53+12+130+10
6;23;4617;021;910+2+410+410+1+0+1+6+409;6+214+84+7+91+7
6;23;4617;022;1008+0+259+259+0+0+0+9+259;1+172+39+6+31+10
6;23;4617;023;811+0+296+296+0+0+0+0+296;5+159+48+3+79+2
6;23;4617;024;965+2+390+390+0+0+0+0+390;2+236+57+2+84+9
6;23;4617;025;910+0+338+338+0+0+0+13+338;3+183+67+5+76+4
6;23;4617;026;591+1+208+208+0+0+0+11+208;2+125+26+6+42+7
6;23;4617;027;780+0+266+266+2+2+4+5+262;2+127+40+7+81+5
6;23;4617;028;1006+0+233+233+0+0+0+6+233;5+121+46+9+43+9
6;23;4617;029;795+1+317+317+0+0+0+14+317;5+161+57+12+76+6
6;23;4617;030;844+1+303+303+0+0+0+9+303;7+159+37+11+80+9
6;23;4617;031;846+0+327+327+0+0+0+15+327;1+181+44+9+84+8
6;23;4617;032;860+1+380+380+0+0+0+7+380;6+185+73+7+103+6
6;23;4617;033;572+0+245+245+0+0+0+0+245;4+136+43+2+54+6
6;23;4617;034;845+1+280+280+0+1+1+6+279;3+120+58+15+79+4
6;23;4617;035;879+2+336+336+0+0+0+3+336;3+133+71+9+113+7
6;23;4617;036;98+0+33+33+0+1+1+3+32;0+12+4+3+8+5
6;23;4617;038;994+0+457+457+4+0+4+0+453;5+227+71+8+137+5
6;23;4617;039;1011+3+420+420+2+0+2+6+418;6+241+72+3+91+5
6;23;4617;040;653+0+274+274+0+0+0+0+274;4+124+47+2+95+2
6;23;4617;041;1095+3+493+493+0+0+0+11+493;5+237+93+5+142+11
6;23;4617;042;1032+0+416+416+1+0+1+14+415;2+245+76+5+81+6
6;23;4617;043;619+0+279+279+0+0+0+4+279;1+158+38+1+76+5
6;23;4617;044;599+1+249+250+0+1+1+10+249;0+112+43+5+85+4
6;23;4617;045;773+0+343+343+0+1+1+0+342;0+162+45+8+122+5
6;23;4617;046;446+1+213+213+0+0+0+2+213;0+106+43+2+54+8
6;23;4617;047;706+0+322+322+3+1+4+0+318;4+168+35+6+97+8
6;23;4617;048;743+0+363+363+0+0+0+10+363;2+162+50+3+139+7
6;23;4617;049;689+0+346+346+0+1+1+17+345;2+144+63+3+131+2
6;23;4617;050;656+3+275+275+0+0+0+0+275;3+123+38+6+99+6
6;23;4617;051;660+0+285+285+1+0+1+8+284;5+152+44+8+69+6
6;23;4617;052;868+1+401+401+0+0+0+11+401;1+189+66+7+134+4
6;23;4617;053;743+0+294+294+0+0+0+6+294;0+145+37+10+95+7
6;23;4617;054;543+1+160+160+0+0+0+3+160;1+68+35+7+43+6
6;23;4623;001;614+0+254+254+1+0+1+0+253;6+106+32+3+101+5
6;23;4623;002;455+0+178+178+0+2+2+0+176;3+81+23+7+59+3
6;23;4623;003;943+0+281+281+0+2+2+0+279;1+106+67+7+91+7
6;23;4623;004;845+0+233+233+3+2+5+3+228;10+103+32+6+72+5
6;23;4623;005;770+0+215+215+1+0+1+0+214;1+87+45+8+72+1
6;23;4623;006;613+0+190+190+1+0+1+2+189;2+79+43+7+54+4
6;23;4623;007;311+0+68+68+1+1+2+0+66;5+24+10+7+15+5
6;23;4623;008;610+0+213+213+1+0+1+0+212;4+93+65+5+44+1
6;23;4623;009;663+0+277+277+2+0+2+0+275;4+117+67+2+82+3
6;23;4623;010;730+0+291+291+4+0+4+0+287;3+124+66+10+78+6
6;23;4623;011;672+1+244+244+1+0+1+9+243;1+123+53+4+54+8
6;23;4623;012;629+0+262+262+0+2+2+7+260;0+122+58+2+75+3
6;23;4623;013;646+2+298+298+1+3+4+10+294;2+139+77+7+62+7
6;23;4623;014;565+0+245+245+0+0+0+34+245;5+119+62+6+44+9
6;23;4623;015;527+0+203+203+0+0+0+4+203;3+103+31+5+52+9
6;23;4623;016;435+0+176+176+0+1+1+5+175;1+69+55+3+45+2
6;23;4623;017;864+0+227+227+0+1+1+4+226;1+99+49+6+64+7
6;23;4623;018;983+0+100+100+0+1+1+0+99;0+34+36+4+18+7
6;23;4623;019;781+11+308+308+1+3+4+304+304;3+184+46+9+56+6
6;23;4623;020;822+11+328+328+1+1+2+10+326;0+197+45+10+64+10
6;23;4623;021;718+2+285+285+0+2+2+14+283;3+138+53+7+79+3
6;23;4623;022;564+4+265+265+0+0+0+7+265;3+107+60+8+77+10
6;23;4623;023;512+0+236+236+1+1+2+8+234;1+96+41+3+91+2
6;23;4623;024;555+0+259+259+0+1+1+20+258;3+110+30+7+101+7
6;23;4623;025;928+0+451+451+0+0+0+0+451;6+296+42+5+97+5
6;23;4623;026;954+1+398+398+0+2+2+0+396;4+254+51+9+74+4
6;23;4623;027;760+0+329+329+1+1+2+0+327;3+204+42+10+65+3
6;23;4623;028;560+2+225+225+0+0+0+0+225;1+113+36+9+63+3
6;23;4623;029;567+3+193+193+2+0+2+6+191;2+71+34+3+80+1
6;23;4623;030;722+1+264+264+0+1+1+11+263;1+122+34+9+94+3
6;23;4623;031;127+3+84+84+0+0+0+0+84;1+26+20+1+31+5
[END]

[AGGR]
23;6;   ;6+530+530+364693+824+159078+159077+355+156+512+3284+158567;1453+74999+24703+2561+51215+3635
[END]

