[INFO]
24;ëÆ¥®ø 2;201
[END]

[IZB]
24;6;   ;;11.11.2001;1;6;524
[END]

[NM]
2446;001;£∞. ëÆ¥®ø;68134;01
2446;001;£∞. ëÆ¥®ø;68134;03
2446;001;£∞. ëÆ¥®ø;68134;04
2446;001;£∞. ëÆ¥®ø;68134;05
2446;001;£∞. ëÆ¥®ø;68134;06
2446;001;£∞. ëÆ¥®ø;68134;07
2446;001;£∞. ëÆ¥®ø;68134;14
2446;001;£∞. ëÆ¥®ø;68134;22
2446;003;£∞. Å≥µÆ¢Æ;07140;22
2446;004;±. ÉÆ∞≠® ÅÆ£∞Æ¢;16448;22
2446;005;±. ÑÆ´≠® ÅÆ£∞Æ¢;22304;22
2446;006;±. Ü•´ø¢†;29204;22
2446;007;™¢. ë•±´†¢∂®;;22
2446;008;±. ü≠†;87401;22
[END]

[SEC]
24;4601;001;6;001
24;4601;002;6;001
24;4601;003;6;001
24;4601;005;6;001
24;4601;006;6;001
24;4601;007;6;001
24;4601;008;6;001
24;4601;009;6;001
24;4601;010;6;001
24;4601;011;6;001
24;4601;012;6;001
24;4601;013;6;001
24;4601;014;6;001
24;4601;015;6;001
24;4601;016;6;001
24;4601;017;6;001
24;4601;018;6;001
24;4601;019;6;001
24;4601;020;6;001
24;4601;021;6;001
24;4601;022;6;001
24;4601;023;6;001
24;4601;024;6;001
24;4601;025;6;001
24;4601;026;6;001
24;4601;027;6;001
24;4601;028;6;001
24;4601;029;6;001
24;4601;030;6;001
24;4601;031;6;001
24;4601;032;6;001
24;4601;033;6;001
24;4601;034;6;001
24;4601;035;6;001
24;4601;036;6;001
24;4601;037;6;001
24;4601;038;6;001
24;4601;039;6;001
24;4601;040;6;001
24;4601;041;6;001
24;4601;042;6;001
24;4601;043;6;001
24;4601;044;6;001
24;4601;045;6;001
24;4601;046;6;001
24;4601;047;6;001
24;4601;048;6;001
24;4601;049;6;001
24;4601;050;6;001
24;4601;051;6;001
24;4601;052;6;001
24;4601;053;6;001
24;4601;054;6;001
24;4601;055;6;001
24;4601;056;6;001
24;4601;057;6;001
24;4601;058;6;001
24;4601;059;6;001
24;4601;060;6;001
24;4601;061;6;001
24;4601;062;6;001
24;4603;001;6;001
24;4603;002;6;001
24;4603;003;6;001
24;4603;004;6;001
24;4603;006;6;001
24;4603;008;6;001
24;4603;009;6;001
24;4603;011;6;001
24;4603;012;6;001
24;4603;014;6;001
24;4603;016;6;001
24;4603;017;6;001
24;4603;018;6;001
24;4603;020;6;001
24;4603;021;6;001
24;4603;022;6;001
24;4603;024;6;001
24;4603;025;6;001
24;4603;026;6;001
24;4603;028;6;001
24;4603;031;6;001
24;4603;032;6;001
24;4603;034;6;001
24;4603;035;6;001
24;4603;036;6;001
24;4603;037;6;001
24;4603;038;6;001
24;4603;039;6;001
24;4603;040;6;001
24;4603;041;6;001
24;4603;042;6;001
24;4603;043;6;001
24;4603;044;6;001
24;4603;045;6;001
24;4603;046;6;001
24;4603;047;6;001
24;4603;048;6;001
24;4603;050;6;001
24;4603;052;6;001
24;4603;053;6;001
24;4603;054;6;001
24;4603;055;6;001
24;4603;056;6;001
24;4603;057;6;001
24;4603;058;6;001
24;4603;059;6;001
24;4603;060;6;001
24;4603;061;6;001
24;4603;062;6;001
24;4603;063;6;001
24;4603;064;6;001
24;4604;001;6;001
24;4604;002;6;001
24;4604;003;6;001
24;4604;004;6;001
24;4604;005;6;001
24;4604;006;6;001
24;4604;007;6;001
24;4604;008;6;001
24;4604;009;6;001
24;4604;010;6;001
24;4604;011;6;001
24;4604;012;6;001
24;4604;013;6;001
24;4604;015;6;001
24;4604;016;6;001
24;4604;017;6;001
24;4604;018;6;001
24;4604;019;6;001
24;4604;020;6;001
24;4604;021;6;001
24;4604;022;6;001
24;4604;023;6;001
24;4604;024;6;001
24;4604;025;6;001
24;4604;027;6;001
24;4604;028;6;001
24;4604;029;6;001
24;4604;030;6;001
24;4604;031;6;001
24;4604;032;6;001
24;4604;033;6;001
24;4604;034;6;001
24;4604;035;6;001
24;4604;036;6;001
24;4604;037;6;001
24;4604;038;6;001
24;4604;039;6;001
24;4604;040;6;001
24;4604;042;6;001
24;4604;043;6;001
24;4604;044;6;001
24;4604;045;6;001
24;4604;046;6;001
24;4604;047;6;001
24;4604;049;6;001
24;4604;050;6;001
24;4604;051;6;001
24;4604;053;6;001
24;4604;054;6;001
24;4604;055;6;001
24;4604;056;6;001
24;4604;057;6;001
24;4604;058;6;001
24;4605;001;6;001
24;4605;002;6;001
24;4605;003;6;001
24;4605;004;6;001
24;4605;005;6;001
24;4605;006;6;001
24;4605;007;6;001
24;4605;008;6;001
24;4605;009;6;001
24;4605;010;6;001
24;4605;011;6;001
24;4605;012;6;001
24;4605;013;6;001
24;4605;014;6;001
24;4605;015;6;001
24;4605;016;6;001
24;4605;017;6;001
24;4605;018;6;001
24;4605;019;6;001
24;4605;020;6;001
24;4605;021;6;001
24;4605;022;6;001
24;4605;023;6;001
24;4605;024;6;001
24;4605;025;6;001
24;4605;026;6;001
24;4605;027;6;001
24;4605;028;6;001
24;4605;029;6;001
24;4605;030;6;001
24;4605;031;6;001
24;4605;032;6;001
24;4605;033;6;001
24;4605;034;6;001
24;4605;035;6;001
24;4605;036;6;001
24;4605;037;6;001
24;4605;038;6;001
24;4605;039;6;001
24;4605;040;6;001
24;4605;041;6;001
24;4605;042;6;001
24;4605;043;6;001
24;4605;044;6;001
24;4605;045;6;001
24;4605;046;6;001
24;4605;047;6;001
24;4605;048;6;001
24;4605;049;6;001
24;4605;050;6;001
24;4605;051;6;001
24;4605;052;6;001
24;4605;053;6;001
24;4605;054;6;001
24;4605;055;6;001
24;4605;056;6;001
24;4605;057;6;001
24;4605;058;6;001
24;4605;059;6;001
24;4605;060;6;001
24;4605;061;6;001
24;4605;062;6;001
24;4605;063;6;001
24;4605;064;6;001
24;4605;065;6;001
24;4605;066;6;001
24;4605;067;6;001
24;4605;068;6;001
24;4606;001;6;001
24;4606;002;6;001
24;4606;003;6;001
24;4606;004;6;001
24;4606;005;6;001
24;4606;006;6;001
24;4606;007;6;001
24;4606;008;6;001
24;4606;009;6;001
24;4606;010;6;001
24;4606;011;6;001
24;4606;012;6;001
24;4606;013;6;001
24;4606;014;6;001
24;4606;015;6;001
24;4606;016;6;001
24;4606;017;6;001
24;4606;018;6;001
24;4606;019;6;001
24;4606;020;6;001
24;4606;021;6;001
24;4606;022;6;001
24;4606;023;6;001
24;4606;024;6;001
24;4606;025;6;001
24;4606;026;6;001
24;4606;027;6;001
24;4606;028;6;001
24;4606;029;6;001
24;4606;030;6;001
24;4606;031;6;001
24;4606;032;6;001
24;4606;033;6;001
24;4606;034;6;001
24;4606;035;6;001
24;4606;036;6;001
24;4606;037;6;001
24;4606;038;6;001
24;4606;039;6;001
24;4606;040;6;001
24;4606;041;6;001
24;4606;042;6;001
24;4606;043;6;001
24;4606;044;6;001
24;4606;045;6;001
24;4606;046;6;001
24;4606;047;6;001
24;4606;048;6;001
24;4606;049;6;001
24;4606;050;6;001
24;4606;051;6;001
24;4606;052;6;001
24;4606;053;6;001
24;4606;054;6;001
24;4606;055;6;001
24;4606;056;6;001
24;4606;057;6;001
24;4606;058;6;001
24;4606;059;6;001
24;4606;060;6;001
24;4606;061;6;001
24;4606;062;6;001
24;4606;063;6;001
24;4606;064;6;001
24;4606;065;6;001
24;4606;066;6;001
24;4606;067;6;001
24;4606;068;6;001
24;4606;069;6;001
24;4606;070;6;001
24;4606;071;6;001
24;4606;072;6;001
24;4606;073;6;001
24;4606;074;6;001
24;4606;075;6;001
24;4606;076;6;001
24;4606;077;6;001
24;4606;078;6;001
24;4606;079;6;001
24;4606;080;6;001
24;4606;081;6;001
24;4606;082;6;001
24;4606;083;6;001
24;4606;084;6;001
24;4606;085;6;001
24;4606;086;6;001
24;4606;087;6;001
24;4606;088;6;001
24;4606;089;6;001
24;4606;090;6;001
24;4606;091;6;001
24;4606;092;6;001
24;4606;093;6;001
24;4606;094;6;001
24;4606;095;6;001
24;4606;096;6;001
24;4606;097;6;001
24;4606;098;6;001
24;4606;099;6;001
24;4606;100;6;001
24;4606;101;6;001
24;4606;102;6;001
24;4606;103;6;001
24;4607;001;6;001
24;4607;002;6;001
24;4607;003;6;001
24;4607;004;6;001
24;4607;005;6;001
24;4607;006;6;001
24;4607;007;6;001
24;4607;008;6;001
24;4607;009;6;001
24;4607;010;6;001
24;4607;011;6;001
24;4607;012;6;001
24;4607;013;6;001
24;4607;014;6;001
24;4607;015;6;001
24;4607;016;6;001
24;4607;017;6;001
24;4607;018;6;001
24;4607;019;6;001
24;4607;020;6;001
24;4607;021;6;001
24;4607;022;6;001
24;4607;023;6;001
24;4607;024;6;001
24;4607;025;6;001
24;4607;026;6;001
24;4607;027;6;001
24;4607;028;6;001
24;4607;029;6;001
24;4607;030;6;001
24;4607;031;6;001
24;4607;032;6;001
24;4607;033;6;001
24;4607;034;6;001
24;4607;035;6;001
24;4607;036;6;001
24;4607;037;6;001
24;4607;038;6;001
24;4607;039;6;001
24;4607;040;6;001
24;4607;041;6;001
24;4607;042;6;001
24;4607;043;6;001
24;4607;044;6;001
24;4607;045;6;001
24;4607;046;6;001
24;4607;047;6;001
24;4607;048;6;001
24;4607;049;6;001
24;4607;050;6;001
24;4607;051;6;001
24;4607;052;6;001
24;4607;053;6;001
24;4607;054;6;001
24;4607;055;6;001
24;4607;056;6;001
24;4607;057;6;001
24;4607;058;6;001
24;4607;059;6;001
24;4607;060;6;001
24;4607;061;6;001
24;4607;062;6;001
24;4607;063;6;001
24;4607;064;6;001
24;4607;065;6;001
24;4607;066;6;001
24;4607;067;6;001
24;4607;068;6;001
24;4607;069;6;001
24;4607;070;6;001
24;4607;071;6;001
24;4607;072;6;001
24;4607;073;6;001
24;4607;074;6;001
24;4607;075;6;001
24;4607;076;6;001
24;4607;077;6;001
24;4607;078;6;001
24;4607;079;6;001
24;4607;080;6;001
24;4607;081;6;001
24;4607;082;6;001
24;4614;001;6;001
24;4614;002;6;001
24;4614;003;6;001
24;4614;004;6;001
24;4614;005;6;001
24;4614;006;6;001
24;4614;007;6;001
24;4614;008;6;001
24;4614;009;6;001
24;4614;011;6;001
24;4614;012;6;001
24;4614;013;6;001
24;4614;014;6;001
24;4614;015;6;001
24;4614;016;6;001
24;4614;017;6;001
24;4614;018;6;001
24;4614;019;6;001
24;4614;021;6;001
24;4614;022;6;001
24;4614;023;6;001
24;4614;024;6;001
24;4614;025;6;001
24;4614;026;6;001
24;4614;027;6;001
24;4614;028;6;001
24;4614;029;6;001
24;4614;030;6;001
24;4614;032;6;001
24;4614;033;6;001
24;4614;034;6;001
24;4614;035;6;001
24;4614;036;6;001
24;4614;037;6;001
24;4614;038;6;001
24;4614;039;6;001
24;4614;040;6;001
24;4614;041;6;001
24;4614;043;6;001
24;4614;044;6;001
24;4614;045;6;001
24;4614;046;6;001
24;4614;047;6;001
24;4614;048;6;001
24;4614;049;6;001
24;4614;050;6;001
24;4614;051;6;001
24;4614;052;6;001
24;4614;053;6;001
24;4614;055;6;001
24;4614;056;6;001
24;4614;057;6;001
24;4614;058;6;001
24;4614;059;6;001
24;4614;060;6;001
24;4614;061;6;001
24;4614;062;6;001
24;4614;063;6;001
24;4614;064;6;001
24;4614;065;6;001
24;4614;066;6;001
24;4614;067;6;001
24;4614;068;6;001
24;4614;069;6;001
24;4614;071;6;001
24;4614;072;6;001
24;4614;073;6;001
24;4614;074;6;001
24;4614;075;6;001
24;4622;001;6;001
24;4622;002;6;001
24;4622;003;6;001
24;4622;004;6;001
24;4622;005;6;001
24;4622;006;6;001
24;4622;007;6;001
24;4622;008;6;001
24;4622;009;6;001
24;4622;010;6;001
24;4622;011;6;001
24;4622;012;6;001
24;4622;013;6;001
24;4622;014;6;001
24;4622;015;6;001
24;4622;016;6;001
24;4622;017;6;001
24;4622;018;6;001
24;4622;019;6;001
24;4622;020;6;001
24;4622;021;6;001
24;4622;022;6;001
24;4622;023;6;001
24;4622;024;6;001
24;4622;025;6;007
24;4622;026;6;007
24;4622;027;6;003
24;4622;028;6;003
24;4622;029;6;003
24;4622;030;6;003
24;4622;031;6;008
24;4622;032;6;008
24;4622;033;6;006
24;4622;034;6;004
24;4622;035;6;004
24;4622;036;6;005
24;4622;037;6;005
[END]

[MAJ]
24;6;   ;01;;;è•≤∫∞ ä®∞®´Æ¢ Å•∞Æ≠ ® ë≤Æø≠ Ç∫´∑•¢ Ä≠§∞••¢;, ;èäÅ+ëÇÄ;1122;0;1
24;6;   ;02;;;è•≤∫∞ ë≤•¥†≠Æ¢ ë≤Æø≠Æ¢ ® ç•´® è•≤∞Æ¢† ä≥∂™Æ¢†;, ;èëë+çèä;67802;2;2
24;6;   ;03;;;ÅÆ£Æ¨®´ Ä≠£•´Æ¢ ÅÆ≠•¢ ® Ä≤†≠†± à¢†≠Æ¢ Ü•´•ß∑•¢;, ;ÅÄÅ+ÄàÜ;22833;0;3
24;6;   ;04;;;ÜÆ∞¶ É†≠∑•¢ É†≠∑•¢ ® Ç•±•´®≠ ë≤Æø≠Æ¢ ÅÆ≠∑•¢;, ;ÜÉÉ+ÇëÅ;2545;0;4
24;6;   ;05;;;É•Æ∞£® ë•§•¥∑Æ¢ è∫∞¢†≠Æ¢ ® Ä≠£•´ à¢†≠Æ¢ å†∞®≠;, ;Éëè+Äàå;38763;2;5
24;6;   ;06;;;ê•≠•≤† à¢†≠Æ¢† à≠§¶Æ¢† ® ä∞∫±≤æ ç®™Æ´Æ¢ à´Æ¢;, ;êàà+äçà;3569;0;6
[END]

[PROP]
[END]

[LISTI]
[END]

[PROT]
6;24;4601;001;589+0+302+302+0+0+0+7+302;1+164+31+2+94+10
6;24;4601;002;637+0+314+314+1+0+1+0+313;2+190+33+6+77+5
6;24;4601;003;629+1+287+287+0+0+0+21+287;4+133+39+8+99+4
6;24;4601;005;614+0+321+321+2+1+3+16+318;0+224+27+1+61+5
6;24;4601;006;744+0+384+384+1+0+1+0+383;6+229+43+0+100+5
6;24;4601;007;694+0+343+343+4+0+4+4+339;6+245+29+0+53+6
6;24;4601;008;411+0+240+240+0+0+0+7+240;4+132+27+1+72+4
6;24;4601;009;606+0+280+280+1+3+4+11+276;4+182+32+2+52+4
6;24;4601;010;755+0+386+386+2+1+3+11+383;2+261+38+7+73+2
6;24;4601;011;438+0+197+197+0+0+0+0+197;1+107+33+3+47+6
6;24;4601;012;517+0+251+251+3+0+3+0+248;1+194+12+2+35+4
6;24;4601;013;594+2+303+303+2+0+2+3+301;1+207+35+1+54+3
6;24;4601;014;707+0+339+339+0+0+0+7+339;3+238+45+5+42+6
6;24;4601;015;767+1+403+403+1+0+1+23+402;6+271+44+6+69+6
6;24;4601;016;696+1+337+337+0+0+0+0+336;1+216+33+4+72+10
6;24;4601;017;396+0+232+232+0+1+1+10+231;0+153+38+0+37+3
6;24;4601;018;429+0+222+222+1+0+1+9+221;0+165+23+0+28+5
6;24;4601;019;737+0+373+373+1+0+1+9+372;5+258+33+2+66+8
6;24;4601;020;619+0+300+300+0+0+0+5+300;2+185+25+1+80+7
6;24;4601;021;798+1+385+385+2+0+2+18+383;4+249+53+1+75+1
6;24;4601;022;662+0+370+370+0+0+0+14+370;3+251+44+3+58+11
6;24;4601;023;469+0+238+238+1+0+1+0+237;2+129+25+2+77+2
6;24;4601;024;605+3+302+302+1+0+1+8+301;3+211+29+0+56+2
6;24;4601;025;442+1+208+208+0+0+0+0+208;3+137+19+4+44+1
6;24;4601;026;540+2+241+241+1+0+1+8+240;1+144+21+2+64+8
6;24;4601;027;649+0+321+321+4+0+4+0+317;2+185+31+0+94+5
6;24;4601;028;683+0+307+307+0+0+0+5+307;3+196+27+3+71+7
6;24;4601;029;501+0+289+289+2+0+2+0+287;5+159+26+3+94+0
6;24;4601;030;623+1+319+319+0+0+0+0+319;2+176+31+2+101+7
6;24;4601;031;652+0+289+289+1+0+1+16+288;3+189+35+3+56+2
6;24;4601;032;498+0+249+249+0+0+0+9+249;4+153+20+1+67+4
6;24;4601;033;568+5+290+290+0+0+0+13+290;0+174+21+0+90+5
6;24;4601;034;698+0+343+343+0+0+0+12+343;0+204+27+4+102+6
6;24;4601;035;456+1+256+256+0+0+0+0+256;2+185+29+2+37+1
6;24;4601;036;530+0+261+261+5+0+5+18+256;3+165+20+8+58+2
6;24;4601;037;608+0+295+295+2+0+2+0+293;4+160+25+5+94+5
6;24;4601;038;721+0+358+358+2+0+2+0+356;3+166+32+1+148+6
6;24;4601;039;573+0+330+330+0+1+1+7+329;1+125+34+4+160+5
6;24;4601;040;731+0+350+350+0+0+0+8+350;3+205+30+6+100+6
6;24;4601;041;544+0+309+309+0+0+0+12+309;4+95+42+2+160+6
6;24;4601;042;673+1+326+326+3+0+3+10+323;5+226+34+2+53+3
6;24;4601;043;594+1+318+318+2+1+3+10+315;8+166+36+3+93+9
6;24;4601;044;525+0+238+238+0+0+0+0+238;7+130+18+6+75+2
6;24;4601;045;783+0+369+369+0+0+0+14+369;5+213+45+5+92+9
6;24;4601;046;654+0+318+318+0+1+1+3+317;1+183+39+1+91+2
6;24;4601;047;431+251+251+251+0+0+0+0+251;7+89+22+5+126+2
6;24;4601;048;431+0+221+221+1+0+1+8+220;2+132+27+1+56+2
6;24;4601;049;666+2+326+326+1+1+2+9+324;3+202+26+2+88+3
6;24;4601;050;614+1+294+294+0+1+1+17+293;1+188+30+2+70+2
6;24;4601;051;538+0+278+278+1+0+1+11+277;4+203+28+3+36+3
6;24;4601;052;582+0+295+295+0+0+0+7+295;2+209+36+4+41+3
6;24;4601;053;480+1+255+255+0+0+0+8+255;6+170+23+5+47+4
6;24;4601;054;582+0+301+301+0+0+0+0+301;2+204+38+2+51+4
6;24;4601;055;576+0+275+275+0+0+0+0+275;0+196+39+1+37+2
6;24;4601;056;511+1+261+261+0+0+0+0+261;1+198+18+2+40+2
6;24;4601;057;556+1+267+267+2+1+3+5+264;2+190+28+1+42+1
6;24;4601;058;583+0+319+319+1+0+1+0+318;2+227+25+4+57+3
6;24;4601;059;676+0+328+328+0+0+0+6+328;4+204+46+1+63+10
6;24;4601;060;716+0+354+354+8+0+8+9+346;4+211+44+2+81+4
6;24;4601;061;65+0+29+29+0+0+0+0+29;0+19+4+0+5+1
6;24;4601;062;160+0+65+65+0+0+0+2+65;0+33+11+2+17+2
6;24;4603;001;447+0+175+175+0+0+0+4+175;1+104+22+2+40+6
6;24;4603;002;596+0+253+253+1+0+1+9+252;2+126+44+1+73+6
6;24;4603;003;512+2+222+222+0+0+0+3+222;1+124+26+4+62+5
6;24;4603;004;962+1+340+340+2+0+2+19+338;8+193+57+4+68+8
6;24;4603;006;874+0+392+392+2+0+2+0+390;3+156+65+2+158+6
6;24;4603;008;544+1+196+196+0+0+0+4+196;2+127+23+6+31+7
6;24;4603;009;830+1+332+332+0+0+0+0+332;2+152+42+6+123+7
6;24;4603;011;677+2+224+224+2+0+2+3+222;2+150+26+3+38+3
6;24;4603;012;944+0+334+334+0+0+0+10+334;0+173+51+11+88+11
6;24;4603;014;694+0+273+273+2+0+2+7+271;1+187+31+3+47+2
6;24;4603;016;481+0+205+205+1+0+1+6+204;2+113+18+0+69+2
6;24;4603;017;542+0+190+190+1+2+3+10+187;2+99+20+3+58+5
6;24;4603;018;963+1+400+400+0+0+0+7+400;2+229+67+2+94+6
6;24;4603;020;478+0+188+188+0+0+0+3+188;1+92+39+4+47+5
6;24;4603;021;594+10+217+217+1+0+1+8+216;1+120+36+2+49+8
6;24;4603;022;744+0+317+317+3+0+3+9+314;2+180+40+9+80+3
6;24;4603;024;769+0+327+327+0+0+0+0+327;1+185+63+2+69+7
6;24;4603;025;673+2+273+273+1+0+1+13+272;3+139+39+4+83+4
6;24;4603;026;892+0+310+310+1+1+2+0+308;2+182+56+2+59+7
6;24;4603;028;731+1+282+282+1+1+2+10+280;1+177+44+3+38+17
6;24;4603;031;509+0+168+168+1+0+1+0+167;4+99+17+4+40+3
6;24;4603;032;543+0+191+191+1+0+1+4+190;2+129+29+3+24+3
6;24;4603;034;699+0+315+315+0+0+0+0+315;0+171+65+0+70+9
6;24;4603;035;674+0+285+285+0+0+0+3+285;3+134+49+8+77+14
6;24;4603;036;763+1+385+385+2+0+2+6+383;3+191+51+10+115+13
6;24;4603;037;840+0+346+346+0+0+0+8+346;1+187+57+3+91+7
6;24;4603;038;781+5+313+313+0+1+1+5+312;3+140+57+4+92+16
6;24;4603;039;344+0+128+128+0+0+0+0+128;0+71+22+2+29+4
6;24;4603;040;364+1+173+173+0+0+0+3+173;0+93+31+0+44+5
6;24;4603;041;686+0+304+304+4+0+4+8+300;5+139+46+4+95+11
6;24;4603;042;879+1+372+372+0+1+1+7+371;3+189+61+9+104+5
6;24;4603;043;792+2+344+344+0+0+0+0+344;2+190+55+2+92+3
6;24;4603;044;757+4+280+280+0+0+0+8+280;1+161+41+3+73+1
6;24;4603;045;888+0+344+344+5+0+5+0+339;4+148+80+8+97+2
6;24;4603;046;883+0+408+408+2+0+2+0+406;2+200+79+3+112+10
6;24;4603;047;796+0+298+298+0+0+0+1+298;2+164+42+7+76+7
6;24;4603;048;871+0+300+300+0+0+0+15+300;1+160+37+5+90+7
6;24;4603;050;761+1+293+293+1+0+1+12+292;3+125+51+2+104+7
6;24;4603;052;552+1+223+223+1+0+1+0+222;2+129+40+1+43+7
6;24;4603;053;768+0+344+344+3+0+3+4+341;1+200+37+4+93+6
6;24;4603;054;470+1+146+146+0+0+0+4+146;2+84+16+4+37+3
6;24;4603;055;755+1+300+300+0+1+1+10+299;5+155+68+2+63+6
6;24;4603;056;718+0+292+292+0+0+0+7+292;3+154+28+3+97+7
6;24;4603;057;762+0+311+311+1+2+3+5+308;3+156+49+4+88+8
6;24;4603;058;590+3+308+308+1+2+3+3+305;1+164+38+3+92+7
6;24;4603;059;661+0+296+296+0+0+0+8+296;1+145+43+3+98+6
6;24;4603;060;713+0+313+313+1+0+1+9+312;0+129+80+8+91+4
6;24;4603;061;588+0+263+263+0+0+0+10+263;0+119+45+3+84+12
6;24;4603;062;710+0+267+267+1+0+1+5+266;1+134+46+4+72+9
6;24;4603;063;733+0+259+259+0+0+0+4+259;1+120+53+3+73+9
6;24;4603;064;797+0+345+345+1+0+1+6+344;2+162+71+5+96+8
6;24;4604;001;594+0+259+259+3+0+3+0+256;5+83+30+4+130+4
6;24;4604;002;407+0+177+177+0+0+0+0+177;3+97+28+4+40+5
6;24;4604;003;504+2+191+191+0+1+1+0+190;0+125+14+2+45+4
6;24;4604;004;413+0+174+174+0+0+0+6+174;3+110+20+3+38+0
6;24;4604;005;518+9+221+221+0+0+0+0+221;2+100+40+1+76+2
6;24;4604;006;457+1+216+216+1+0+1+0+215;4+92+34+1+81+3
6;24;4604;007;559+0+227+227+0+0+0+0+227;1+129+28+9+56+4
6;24;4604;008;594+1+255+255+0+0+0+0+255;1+151+35+7+57+4
6;24;4604;009;573+0+247+247+1+0+1+12+246;4+135+47+5+47+8
6;24;4604;010;491+1+184+184+0+0+0+0+184;0+115+28+4+36+1
6;24;4604;011;385+0+140+140+0+1+1+0+139;4+82+23+0+27+3
6;24;4604;012;684+3+287+287+0+0+0+9+287;3+157+29+3+84+11
6;24;4604;013;745+0+344+344+0+1+1+14+343;4+177+41+6+110+5
6;24;4604;015;369+1+163+163+2+0+2+6+161;2+101+12+2+43+1
6;24;4604;016;534+0+250+250+0+0+0+0+250;5+147+31+0+61+6
6;24;4604;017;375+0+169+169+1+0+1+7+168;0+102+24+1+39+2
6;24;4604;018;474+0+220+220+0+0+0+0+220;1+85+31+1+98+4
6;24;4604;019;409+1+182+182+0+0+0+4+182;1+90+28+4+54+5
6;24;4604;020;497+0+212+212+0+0+0+0+212;2+128+25+2+49+6
6;24;4604;021;499+1+233+233+0+0+0+12+233;1+132+36+7+55+2
6;24;4604;022;659+1+311+311+1+1+2+0+309;4+168+36+7+93+1
6;24;4604;023;670+0+305+305+1+0+1+0+304;4+202+28+4+60+6
6;24;4604;024;525+1+260+260+0+0+0+6+260;1+156+32+1+57+13
6;24;4604;025;623+0+318+318+0+0+0+4+318;0+186+40+4+84+4
6;24;4604;027;755+0+379+379+0+0+0+12+379;3+204+44+4+118+6
6;24;4604;028;668+2+354+354+0+0+0+0+354;3+226+46+3+68+8
6;24;4604;029;632+0+280+280+0+0+0+0+280;2+157+48+4+65+4
6;24;4604;030;614+1+283+283+0+0+0+16+283;3+133+35+3+99+10
6;24;4604;031;453+2+254+254+0+0+0+0+254;0+135+25+1+90+3
6;24;4604;032;60+0+60+60+1+0+1+1+59;1+22+11+1+20+4
6;24;4604;033;694+2+354+354+2+0+2+22+352;4+172+38+0+134+4
6;24;4604;034;698+0+328+328+0+1+1+0+327;2+190+35+4+92+4
6;24;4604;035;562+1+277+277+5+0+5+7+272;0+139+27+2+98+6
6;24;4604;036;723+2+352+352+1+0+1+0+351;3+221+43+2+76+6
6;24;4604;037;507+1+247+247+0+0+0+0+247;2+135+22+0+79+9
6;24;4604;038;535+10+288+288+0+2+2+6+286;1+181+36+1+62+5
6;24;4604;039;624+1+313+313+2+0+2+0+311;3+214+26+2+61+5
6;24;4604;040;570+0+298+298+2+0+2+0+296;3+177+23+5+81+7
6;24;4604;042;598+2+293+293+0+0+0+9+293;1+158+45+2+78+9
6;24;4604;043;609+1+325+325+3+0+3+0+322;0+169+51+1+98+3
6;24;4604;044;658+1+342+342+0+0+0+25+342;3+247+38+1+51+2
6;24;4604;045;934+1+475+475+0+0+0+0+475;4+233+62+11+152+13
6;24;4604;046;724+0+327+327+0+0+0+10+327;2+196+45+3+78+3
6;24;4604;047;678+0+338+338+1+0+1+18+337;5+188+40+2+100+2
6;24;4604;049;742+2+384+384+0+0+0+15+384;1+132+52+6+190+3
6;24;4604;050;419+3+219+219+0+0+0+0+219;2+99+26+6+80+6
6;24;4604;051;822+0+411+411+1+0+1+0+410;2+259+54+1+80+14
6;24;4604;053;778+1+347+347+1+0+1+16+346;4+216+31+2+82+11
6;24;4604;054;601+0+264+264+0+0+0+0+264;2+155+31+3+66+7
6;24;4604;055;849+2+392+392+3+0+3+0+389;2+230+72+4+64+17
6;24;4604;056;533+0+229+229+0+1+1+5+228;2+108+30+5+81+2
6;24;4604;057;785+1+353+353+0+0+0+14+353;6+202+31+9+96+9
6;24;4604;058;452+0+232+232+0+0+0+6+232;2+134+30+2+60+4
6;24;4605;001;525+1+255+255+1+0+1+8+254;2+121+36+6+86+3
6;24;4605;002;550+0+246+246+0+0+0+3+246;2+109+21+8+98+8
6;24;4605;003;526+0+209+209+0+2+2+12+207;0+103+37+6+58+3
6;24;4605;004;538+1+240+240+0+0+0+8+240;1+124+34+3+69+9
6;24;4605;005;663+0+264+264+0+1+1+0+263;0+153+29+0+76+5
6;24;4605;006;444+1+200+200+1+0+1+6+199;1+86+30+7+67+8
6;24;4605;007;577+0+211+211+1+0+1+8+210;2+108+29+2+67+2
6;24;4605;008;711+0+323+323+1+0+1+5+322;4+183+42+8+83+2
6;24;4605;009;928+2+400+400+2+0+2+6+398;3+211+82+2+91+9
6;24;4605;010;658+0+282+282+2+1+3+0+279;4+155+38+1+77+4
6;24;4605;011;496+0+208+208+1+0+1+9+207;0+118+28+9+47+5
6;24;4605;012;825+0+421+421+1+0+1+0+420;3+214+51+5+136+11
6;24;4605;013;661+1+314+314+0+0+0+0+314;7+161+48+2+80+16
6;24;4605;014;821+0+359+359+0+0+0+0+359;5+166+61+6+115+6
6;24;4605;015;813+1+360+360+1+4+5+0+355;1+174+62+6+103+9
6;24;4605;016;866+4+401+401+3+1+4+0+397;4+193+59+7+121+13
6;24;4605;017;907+0+418+418+0+0+0+7+418;4+210+72+5+123+4
6;24;4605;018;716+3+258+258+0+0+0+0+258;4+134+40+7+67+6
6;24;4605;019;780+0+282+282+1+0+1+0+281;1+141+47+5+77+10
6;24;4605;020;470+0+174+174+0+0+0+0+174;3+75+31+3+58+4
6;24;4605;021;610+0+257+257+1+0+1+0+256;0+137+34+6+70+9
6;24;4605;022;453+1+207+207+0+0+0+0+207;1+105+29+1+64+7
6;24;4605;023;620+0+277+277+2+0+2+4+275;4+149+42+4+73+3
6;24;4605;024;681+0+205+205+0+0+0+0+205;1+96+45+7+50+6
6;24;4605;025;777+0+336+336+0+0+0+0+336;1+167+68+4+84+12
6;24;4605;026;516+0+232+232+1+0+1+0+231;1+87+48+6+84+5
6;24;4605;027;789+0+328+328+1+0+1+5+327;1+133+70+4+111+8
6;24;4605;028;844+0+345+345+0+0+0+0+345;2+118+83+8+130+4
6;24;4605;029;696+1+284+284+0+1+1+0+283;3+118+49+5+102+6
6;24;4605;030;852+2+384+384+2+1+3+11+381;2+135+104+4+132+4
6;24;4605;031;653+3+243+243+0+0+0+0+243;3+112+36+7+76+9
6;24;4605;032;646+0+241+241+0+0+0+0+241;1+73+55+3+104+5
6;24;4605;033;600+3+209+209+2+1+3+1+206;3+99+48+3+49+4
6;24;4605;034;852+2+344+344+0+0+0+0+344;0+134+64+6+135+5
6;24;4605;035;432+0+140+140+1+0+1+0+139;0+66+36+1+30+6
6;24;4605;036;656+0+276+276+0+0+0+0+276;1+140+40+6+83+6
6;24;4605;037;454+0+182+182+0+0+0+0+182;1+76+35+4+58+8
6;24;4605;038;665+0+211+211+0+0+0+0+211;2+86+50+6+64+3
6;24;4605;039;514+0+238+238+0+1+1+0+237;4+111+27+6+86+3
6;24;4605;040;509+0+159+159+0+0+0+7+159;0+77+31+4+40+7
6;24;4605;041;803+1+305+305+0+0+0+6+305;4+157+38+8+84+14
6;24;4605;042;553+0+174+174+2+0+2+0+172;2+70+33+4+61+2
6;24;4605;043;698+2+201+201+0+0+0+0+201;1+78+39+5+71+7
6;24;4605;044;870+3+246+246+0+0+0+7+246;1+64+67+14+96+4
6;24;4605;045;814+0+173+173+0+0+0+0+173;1+100+30+4+32+6
6;24;4605;046;512+0+163+163+0+1+1+7+162;1+89+24+4+41+3
6;24;4605;047;553+0+236+236+0+1+1+0+235;3+130+33+8+57+4
6;24;4605;048;643+0+232+232+0+0+0+0+232;1+79+54+6+87+5
6;24;4605;049;683+0+175+175+0+0+0+0+175;0+92+26+1+54+2
6;24;4605;050;772+2+269+269+0+0+0+13+269;1+139+43+5+71+10
6;24;4605;051;635+0+227+227+1+0+1+4+226;3+100+51+8+59+5
6;24;4605;052;404+0+129+129+0+1+1+0+128;2+65+28+3+28+2
6;24;4605;053;543+0+163+163+0+1+1+0+162;5+84+27+4+40+2
6;24;4605;054;715+0+245+245+1+0+1+0+244;1+137+30+6+64+6
6;24;4605;055;565+2+202+202+0+0+0+0+202;1+131+30+2+34+4
6;24;4605;056;574+0+252+252+0+0+0+0+252;2+149+27+1+67+6
6;24;4605;057;740+1+276+276+2+0+2+4+274;6+157+45+1+61+4
6;24;4605;058;787+3+266+266+2+0+2+0+264;4+134+41+9+70+6
6;24;4605;059;739+0+241+241+2+0+2+0+239;1+83+63+10+73+9
6;24;4605;060;867+0+266+266+0+0+0+9+266;1+108+74+6+69+8
6;24;4605;061;867+3+328+328+2+1+3+0+325;2+171+55+3+80+14
6;24;4605;062;140+0+55+55+0+0+0+2+55;1+19+19+2+10+4
6;24;4605;063;105+0+43+43+0+0+0+0+43;0+20+10+3+10+0
6;24;4605;064;210+0+78+78+1+0+1+0+77;1+35+13+2+23+3
6;24;4605;065;24+0+15+15+0+0+0+0+15;0+3+4+0+7+1
6;24;4605;066;36+0+31+31+1+0+1+3+30;2+10+7+4+5+2
6;24;4605;067;296+0+261+261+11+2+13+13+248;11+161+15+31+15+15
6;24;4605;068;27+0+25+25+0+0+0+0+25;4+17+2+1+1+0
6;24;4606;001;605+2+180+180+0+1+1+0+179;2+69+51+3+54+0
6;24;4606;002;563+0+228+228+0+0+0+0+228;2+99+47+10+68+2
6;24;4606;003;718+0+266+266+0+0+0+0+266;3+117+38+3+89+16
6;24;4606;004;673+0+235+235+0+0+0+7+235;1+123+39+1+65+6
6;24;4606;005;727+1+314+314+0+0+0+0+314;1+143+39+1+123+7
6;24;4606;006;252+2+252+252+0+0+0+11+252;0+125+23+5+94+5
6;24;4606;007;762+0+312+312+0+2+2+0+310;2+142+59+4+93+10
6;24;4606;008;660+0+274+274+0+0+0+0+274;1+119+45+7+92+10
6;24;4606;009;567+0+231+231+0+0+0+0+231;1+121+35+9+60+5
6;24;4606;010;542+0+219+219+1+0+1+0+218;0+107+36+2+70+3
6;24;4606;011;633+0+250+250+1+0+1+8+249;1+112+61+4+67+4
6;24;4606;012;663+0+243+243+0+0+0+0+243;1+125+47+1+67+2
6;24;4606;013;734+1+248+248+0+0+0+4+248;0+125+54+2+61+6
6;24;4606;014;706+1+272+272+0+0+0+0+272;2+127+50+8+82+3
6;24;4606;015;735+0+300+300+4+0+4+0+296;0+128+52+4+104+8
6;24;4606;016;727+0+236+236+0+0+0+0+236;1+103+36+1+85+10
6;24;4606;017;677+2+301+301+0+0+0+0+301;1+98+62+7+113+20
6;24;4606;018;652+1+302+302+0+0+0+9+302;6+126+68+4+91+7
6;24;4606;019;730+0+264+264+1+1+2+0+262;1+126+66+5+55+9
6;24;4606;020;690+0+267+267+1+0+1+2+266;2+123+74+5+57+5
6;24;4606;021;793+1+223+223+0+0+0+0+223;0+80+46+7+81+9
6;24;4606;022;603+0+192+192+0+0+0+3+192;2+88+38+5+50+9
6;24;4606;023;799+0+287+287+0+1+1+0+286;1+115+52+6+102+10
6;24;4606;024;820+0+222+222+0+0+0+5+222;2+96+51+7+62+4
6;24;4606;025;648+0+246+246+0+0+0+4+246;1+122+46+3+65+9
6;24;4606;026;788+0+335+335+1+0+1+0+334;1+151+64+2+111+5
6;24;4606;027;544+0+232+232+0+1+1+2+231;1+108+32+9+71+10
6;24;4606;028;596+0+215+215+0+0+0+8+215;1+89+40+6+74+5
6;24;4606;029;475+0+198+198+0+0+0+0+198;0+102+29+4+57+6
6;24;4606;030;573+1+206+206+0+0+0+6+206;4+99+43+2+53+5
6;24;4606;031;841+3+311+311+0+1+1+7+310;3+145+74+3+77+8
6;24;4606;032;889+4+288+288+2+0+2+2+286;0+121+55+6+92+12
6;24;4606;033;559+1+219+219+0+0+0+5+219;0+130+32+7+45+5
6;24;4606;034;739+0+300+300+0+0+0+4+300;2+180+43+5+64+6
6;24;4606;035;399+0+165+165+3+0+3+0+162;0+78+45+3+33+3
6;24;4606;036;735+0+259+259+1+0+1+0+258;2+146+53+4+46+7
6;24;4606;037;687+0+263+263+1+0+1+0+262;2+128+52+13+54+13
6;24;4606;038;521+0+193+193+2+0+2+2+191;2+82+47+2+53+5
6;24;4606;039;575+0+191+191+0+1+1+2+190;1+96+39+9+41+4
6;24;4606;040;602+0+236+236+1+0+1+4+235;4+95+48+5+77+6
6;24;4606;041;732+1+255+255+0+0+0+0+255;3+125+46+6+64+11
6;24;4606;042;705+0+287+287+0+1+1+0+286;0+107+49+5+109+16
6;24;4606;043;390+0+158+158+0+0+0+2+158;2+49+32+7+58+10
6;24;4606;044;635+0+194+194+0+0+0+0+194;4+108+35+4+35+8
6;24;4606;045;523+0+179+179+2+0+2+0+177;0+92+39+3+34+9
6;24;4606;046;517+0+195+195+0+1+1+3+194;0+104+40+3+43+4
6;24;4606;047;766+0+287+287+0+0+0+0+287;7+153+43+2+66+16
6;24;4606;048;750+1+299+299+5+0+5+0+294;1+155+45+1+75+17
6;24;4606;049;619+0+243+243+1+0+1+10+242;2+111+47+4+73+5
6;24;4606;050;516+0+70+70+0+0+0+0+70;1+25+12+5+24+3
6;24;4606;051;708+0+244+244+0+0+0+0+244;2+150+39+2+48+3
6;24;4606;052;534+1+184+184+1+1+2+1+182;1+80+33+5+55+8
6;24;4606;053;685+0+242+242+0+0+0+0+242;0+111+45+5+72+9
6;24;4606;054;708+1+294+294+2+0+2+5+292;2+137+44+3+97+9
6;24;4606;055;685+1+276+276+0+0+0+8+276;2+122+66+10+72+4
6;24;4606;056;632+0+246+246+1+0+1+0+245;2+127+42+2+66+6
6;24;4606;057;628+0+260+260+1+0+1+0+259;1+144+44+2+61+7
6;24;4606;058;827+0+318+318+2+0+2+3+316;2+167+78+6+53+10
6;24;4606;059;756+0+285+285+1+0+1+0+284;5+151+56+1+58+13
6;24;4606;060;506+0+182+182+2+0+2+6+180;2+82+22+3+55+16
6;24;4606;061;550+0+242+242+0+0+0+0+242;2+119+30+6+77+8
6;24;4606;062;645+0+248+248+1+1+2+0+246;0+112+39+6+58+31
6;24;4606;063;692+0+234+234+1+0+1+0+233;0+113+38+4+73+5
6;24;4606;064;562+0+206+206+0+0+0+0+206;3+90+41+12+54+6
6;24;4606;065;593+1+226+226+0+1+1+0+225;2+96+35+4+81+7
6;24;4606;066;426+0+159+159+0+1+1+5+158;0+53+29+7+58+11
6;24;4606;067;731+0+259+259+0+0+0+11+259;3+121+48+2+70+15
6;24;4606;068;725+0+287+287+0+0+0+0+287;1+128+60+4+81+13
6;24;4606;069;793+0+275+275+1+0+1+4+274;3+121+47+1+95+7
6;24;4606;070;771+0+296+296+0+0+0+0+296;3+122+45+9+105+12
6;24;4606;071;675+0+196+196+0+0+0+0+196;0+103+29+5+53+6
6;24;4606;072;616+0+194+194+0+0+0+0+194;0+99+41+7+43+4
6;24;4606;073;744+2+288+288+2+0+2+0+286;2+135+57+5+74+13
6;24;4606;074;559+0+204+204+0+1+1+0+203;2+87+35+5+68+6
6;24;4606;075;634+2+221+221+2+0+2+0+219;3+106+38+2+61+9
6;24;4606;076;595+0+213+213+1+0+1+0+212;1+124+35+6+38+8
6;24;4606;077;506+1+202+202+0+0+0+3+202;2+131+18+1+36+14
6;24;4606;078;435+2+171+171+0+1+1+0+170;0+95+25+7+39+4
6;24;4606;079;582+0+211+211+0+1+1+0+210;2+94+33+3+67+11
6;24;4606;080;653+0+253+253+0+0+0+0+253;1+97+45+3+96+11
6;24;4606;081;644+0+215+215+0+0+0+11+215;1+89+44+6+66+9
6;24;4606;082;588+0+237+237+1+0+1+0+236;1+99+42+11+79+4
6;24;4606;083;677+0+227+227+0+0+0+0+227;3+97+49+8+65+5
6;24;4606;084;669+1+174+174+2+1+3+3+171;1+90+34+3+41+2
6;24;4606;085;648+0+226+226+0+0+0+5+226;2+109+30+7+70+8
6;24;4606;086;217+1+218+218+0+0+0+0+218;0+113+62+13+22+8
6;24;4606;087;747+0+242+242+1+0+1+0+241;3+108+55+5+64+6
6;24;4606;088;724+0+257+257+0+0+0+1+257;3+112+63+6+63+10
6;24;4606;089;722+0+287+287+0+0+0+0+287;1+128+75+3+63+17
6;24;4606;090;677+0+206+206+0+0+0+0+206;0+107+38+6+47+8
6;24;4606;091;683+0+198+198+0+0+0+0+198;0+101+40+3+48+6
6;24;4606;092;669+0+242+242+0+0+0+0+242;2+99+53+11+62+15
6;24;4606;093;507+0+202+202+0+1+1+0+201;3+94+41+4+55+4
6;24;4606;094;728+0+187+187+0+0+0+0+187;0+90+52+3+36+6
6;24;4606;095;892+1+263+263+0+1+1+0+262;0+123+69+8+53+9
6;24;4606;096;674+0+189+189+0+0+0+0+189;0+99+49+3+27+11
6;24;4606;097;770+0+237+237+0+0+0+0+237;7+119+39+1+65+7
6;24;4606;098;767+0+266+266+0+1+1+5+265;4+102+66+9+70+14
6;24;4606;099;694+2+202+202+1+0+1+0+201;2+104+39+3+50+3
6;24;4606;100;556+1+138+138+0+0+0+0+138;1+65+37+1+31+3
6;24;4606;101;592+0+244+244+0+0+0+0+244;2+119+47+15+52+9
6;24;4606;102;578+0+185+185+3+0+3+0+182;1+88+46+2+36+9
6;24;4606;103;586+0+243+243+2+2+4+0+239;0+126+37+14+54+8
6;24;4607;001;586+0+283+283+0+0+0+0+283;0+139+24+2+115+3
6;24;4607;002;521+0+288+288+0+0+0+11+288;1+95+25+4+163+0
6;24;4607;003;505+1+263+263+0+0+0+12+263;7+104+29+1+117+5
6;24;4607;004;762+0+412+412+1+1+2+16+410;3+214+48+5+132+8
6;24;4607;005;797+0+356+356+1+1+2+8+354;3+166+48+8+125+4
6;24;4607;006;793+0+385+385+1+1+2+1+383;3+202+43+8+120+7
6;24;4607;007;759+2+343+343+1+0+1+0+342;0+195+41+5+91+10
6;24;4607;008;573+1+259+259+1+0+1+0+258;2+95+45+0+113+3
6;24;4607;009;734+2+343+343+1+1+2+9+341;2+166+50+2+116+5
6;24;4607;010;803+0+371+371+0+1+1+19+370;2+175+45+5+133+10
6;24;4607;011;539+2+289+289+0+1+1+9+288;1+121+30+4+129+3
6;24;4607;012;691+1+277+277+0+0+0+10+277;7+110+37+5+112+6
6;24;4607;013;549+1+260+260+0+0+0+9+260;1+119+25+9+98+8
6;24;4607;014;711+2+345+345+1+0+1+2+344;4+173+34+5+114+14
6;24;4607;015;713+3+344+344+1+1+2+8+342;4+157+48+7+121+5
6;24;4607;016;641+2+330+330+0+0+0+5+330;1+167+45+4+104+9
6;24;4607;017;654+0+302+302+0+0+0+18+302;0+149+58+0+89+6
6;24;4607;018;774+1+387+387+3+1+4+4+383;1+188+55+2+134+3
6;24;4607;019;731+0+389+389+0+0+0+5+389;2+175+61+6+138+7
6;24;4607;020;753+0+368+369+1+0+1+4+368;2+156+48+4+150+8
6;24;4607;021;779+0+339+339+0+0+0+4+339;3+182+43+6+87+18
6;24;4607;022;379+1+171+171+0+0+0+11+171;4+73+28+13+37+16
6;24;4607;023;636+0+311+312+1+0+1+11+311;4+68+46+3+181+9
6;24;4607;024;767+1+311+311+0+0+0+0+311;0+167+60+9+63+12
6;24;4607;025;473+0+251+251+1+3+4+13+247;2+120+40+2+70+13
6;24;4607;026;803+1+399+399+1+1+2+13+397;4+226+58+4+100+5
6;24;4607;027;490+0+242+242+0+0+0+8+242;2+90+30+4+110+6
6;24;4607;028;820+0+390+390+3+0+3+0+387;2+181+60+6+136+2
6;24;4607;029;594+0+266+266+0+0+0+7+266;2+148+30+4+80+2
6;24;4607;030;630+0+294+294+1+1+2+0+292;1+107+27+5+146+6
6;24;4607;031;570+0+307+307+0+0+0+9+307;2+179+24+7+88+7
6;24;4607;032;659+1+307+307+1+0+1+0+306;8+114+47+2+129+6
6;24;4607;033;657+0+337+337+1+0+1+10+336;3+163+51+6+106+7
6;24;4607;034;703+1+380+380+3+0+3+0+377;7+150+44+2+158+16
6;24;4607;035;666+0+310+310+0+0+0+12+310;3+135+28+2+133+9
6;24;4607;036;629+1+250+250+1+1+2+8+248;2+142+34+3+61+6
6;24;4607;037;752+1+401+401+1+0+1+0+400;5+143+51+4+180+17
6;24;4607;038;393+2+186+186+0+0+0+3+186;1+106+20+1+55+3
6;24;4607;039;758+0+327+327+0+4+4+0+323;3+186+36+7+84+7
6;24;4607;040;788+0+318+318+0+0+0+0+318;2+172+61+4+71+8
6;24;4607;041;828+2+374+374+1+1+2+0+372;1+147+69+4+138+13
6;24;4607;042;764+0+340+340+0+0+0+0+340;3+192+49+7+84+5
6;24;4607;043;855+1+319+319+4+0+4+5+315;1+163+62+2+81+6
6;24;4607;044;810+0+332+332+1+0+1+7+331;1+183+56+1+72+18
6;24;4607;045;732+2+289+289+0+0+0+0+289;4+141+53+3+81+7
6;24;4607;046;753+0+349+349+0+0+0+9+349;3+150+84+13+91+8
6;24;4607;047;754+0+297+297+1+0+1+3+296;4+114+62+11+92+13
6;24;4607;048;754+0+304+304+0+0+0+0+304;2+138+65+10+75+14
6;24;4607;049;770+12+286+286+2+0+2+1+284;3+133+59+6+76+7
6;24;4607;050;732+1+284+284+1+0+1+0+283;4+171+31+9+58+10
6;24;4607;051;517+2+233+233+0+1+1+4+232;5+115+49+5+53+5
6;24;4607;052;750+0+321+321+1+0+1+0+320;1+169+61+5+77+7
6;24;4607;053;566+0+235+235+0+0+0+0+235;0+101+54+1+73+6
6;24;4607;054;451+0+185+185+0+0+0+6+185;2+77+40+3+52+11
6;24;4607;055;614+0+232+232+0+0+0+0+232;0+117+54+5+53+3
6;24;4607;056;623+0+259+259+1+0+1+5+258;2+115+55+6+72+8
6;24;4607;057;665+3+280+280+1+0+1+0+279;2+120+53+12+82+10
6;24;4607;058;580+0+214+214+2+0+2+0+212;0+98+49+8+51+6
6;24;4607;059;514+0+220+220+2+0+2+0+218;2+96+52+6+58+4
6;24;4607;060;770+1+336+336+0+0+0+0+336;1+152+79+4+91+9
6;24;4607;061;419+0+116+116+0+0+0+0+116;1+50+21+9+33+2
6;24;4607;062;831+2+337+337+0+0+0+0+337;2+175+58+7+83+12
6;24;4607;063;231+0+231+231+2+3+5+0+226;0+62+49+5+103+7
6;24;4607;064;429+8+166+166+1+0+1+0+165;3+65+22+7+60+8
6;24;4607;065;623+1+228+228+0+0+0+3+228;4+107+43+3+61+10
6;24;4607;066;660+1+661+262+1+1+2+6+260;3+114+63+6+71+3
6;24;4607;067;538+0+182+182+0+0+0+13+182;1+82+37+6+48+8
6;24;4607;068;761+0+248+248+1+0+1+0+247;0+138+21+5+76+7
6;24;4607;069;689+0+222+222+0+0+0+0+222;3+97+52+0+61+9
6;24;4607;070;525+1+121+121+1+0+1+2+120;2+50+20+10+37+1
6;24;4607;071;671+4+148+148+1+1+2+0+146;5+74+17+14+29+7
6;24;4607;072;435+0+111+111+0+0+0+5+111;1+41+24+5+37+3
6;24;4607;073;765+0+158+158+0+1+1+0+157;3+75+16+16+41+6
6;24;4607;074;625+2+122+122+0+0+0+0+122;0+49+20+7+40+6
6;24;4607;075;713+0+171+171+2+0+2+0+169;5+74+20+6+55+9
6;24;4607;076;564+0+150+150+0+0+0+0+150;4+67+14+17+44+4
6;24;4607;077;593+1+108+108+0+2+2+3+106;3+41+27+1+27+7
6;24;4607;078;244+0+111+111+0+0+0+3+111;4+44+28+0+33+2
6;24;4607;079;477+0+208+208+4+0+4+0+204;2+101+33+5+56+7
6;24;4607;080;731+0+315+315+1+0+1+9+314;0+180+33+6+89+6
6;24;4607;081;487+0+198+198+1+0+1+0+197;0+115+20+5+51+6
6;24;4607;082;23+0+21+21+0+0+0+2+21;1+10+1+9+0+0
6;24;4614;001;855+0+336+336+1+0+1+9+335;4+138+70+5+99+19
6;24;4614;002;1137+0+436+436+0+0+0+0+436;3+192+92+8+129+12
6;24;4614;003;814+2+306+306+2+0+2+8+304;2+122+64+4+110+2
6;24;4614;004;966+1+365+365+0+0+0+12+365;2+149+77+7+116+14
6;24;4614;005;1004+0+398+398+0+1+1+0+397;3+195+67+9+114+9
6;24;4614;006;945+0+353+353+1+0+1+0+352;3+141+83+6+110+9
6;24;4614;007;962+1+363+363+2+1+3+9+360;2+133+85+7+125+8
6;24;4614;008;887+0+373+373+0+0+0+0+373;6+132+93+6+128+8
6;24;4614;009;868+0+318+318+4+0+4+3+314;1+164+61+4+79+5
6;24;4614;011;737+0+279+279+0+0+0+6+279;4+124+44+4+94+9
6;24;4614;012;1034+0+387+387+2+0+2+0+385;0+165+63+6+138+13
6;24;4614;013;985+0+368+368+0+0+0+9+368;4+151+74+12+117+10
6;24;4614;014;955+0+326+326+0+0+0+6+326;7+134+65+12+97+11
6;24;4614;015;911+0+353+353+0+1+1+0+352;2+177+63+1+99+10
6;24;4614;016;902+1+316+316+0+0+0+0+316;2+151+73+6+71+13
6;24;4614;017;651+3+243+243+2+0+2+0+241;3+101+62+9+54+12
6;24;4614;018;750+0+258+258+0+0+0+3+258;2+119+52+5+75+5
6;24;4614;019;574+13+198+198+0+0+0+10+198;3+94+32+4+55+10
6;24;4614;021;898+3+302+302+0+1+1+0+301;1+135+49+3+101+12
6;24;4614;022;713+0+218+218+0+2+2+14+216;3+85+55+3+64+6
6;24;4614;023;782+0+285+285+0+0+0+6+285;1+114+57+9+103+1
6;24;4614;024;746+1+249+249+0+0+0+2+249;2+100+48+3+92+4
6;24;4614;025;834+0+328+328+0+0+0+0+328;2+134+54+6+123+9
6;24;4614;026;897+1+328+328+0+0+0+0+328;3+155+48+10+99+13
6;24;4614;027;935+0+359+359+0+0+0+7+359;3+165+61+3+117+10
6;24;4614;028;733+0+289+289+1+0+1+0+288;0+132+53+3+91+9
6;24;4614;029;768+1+252+252+0+1+1+6+251;3+118+55+6+62+7
6;24;4614;030;763+15+228+228+0+2+2+0+226;2+122+24+9+65+4
6;24;4614;032;966+0+393+393+0+0+0+0+393;2+147+100+8+121+15
6;24;4614;033;744+0+262+262+0+0+0+4+262;5+126+59+1+64+7
6;24;4614;034;788+0+303+303+0+0+0+0+303;0+131+57+9+101+5
6;24;4614;035;845+0+330+330+0+0+0+0+330;0+126+79+5+107+13
6;24;4614;036;1137+0+464+464+5+0+5+0+459;1+180+108+4+155+11
6;24;4614;037;934+0+344+344+0+4+4+0+340;3+141+64+6+114+12
6;24;4614;038;835+1+251+251+0+0+0+4+251;0+122+51+3+70+5
6;24;4614;039;1328+0+528+528+2+0+2+0+526;3+191+127+12+179+14
6;24;4614;040;620+1+239+239+0+0+0+0+239;2+130+54+6+38+9
6;24;4614;041;1018+0+351+351+0+1+1+0+350;3+166+83+5+83+10
6;24;4614;043;803+0+321+321+0+0+0+4+321;3+139+86+10+78+5
6;24;4614;044;1025+0+364+364+0+0+0+0+364;0+128+82+4+138+12
6;24;4614;045;800+0+315+315+1+0+1+8+314;4+137+70+14+72+17
6;24;4614;046;717+2+292+292+0+0+0+0+292;4+168+48+5+60+7
6;24;4614;047;740+0+315+315+0+2+2+7+313;1+161+66+8+66+11
6;24;4614;048;496+0+183+183+0+1+1+0+182;1+88+38+1+49+5
6;24;4614;049;619+0+249+249+0+0+0+0+249;4+97+66+3+72+7
6;24;4614;050;942+0+374+374+0+0+0+0+374;6+177+87+11+81+12
6;24;4614;051;614+1+277+277+2+0+2+8+275;3+169+51+3+44+5
6;24;4614;052;764+0+311+311+1+0+1+15+310;0+162+47+0+91+10
6;24;4614;053;836+0+333+333+2+1+2+1+331;6+158+65+9+82+11
6;24;4614;055;958+0+385+385+1+1+2+0+383;9+102+91+10+150+21
6;24;4614;056;710+0+248+248+2+0+2+2+246;4+134+50+2+48+8
6;24;4614;057;832+1+326+326+0+0+0+0+326;2+169+57+8+74+16
6;24;4614;058;1035+1+386+386+0+0+0+0+386;4+169+84+6+103+20
6;24;4614;059;911+2+335+335+0+0+0+10+335;0+152+81+5+91+6
6;24;4614;060;646+1+246+246+1+0+1+5+245;2+104+47+5+85+2
6;24;4614;061;832+0+300+300+0+1+1+0+299;1+146+68+6+65+13
6;24;4614;062;780+0+297+297+0+0+0+0+297;0+155+52+3+82+5
6;24;4614;063;662+0+264+264+3+0+3+14+261;4+123+54+9+55+16
6;24;4614;064;784+0+303+303+0+0+0+0+303;4+140+73+7+70+9
6;24;4614;065;697+0+265+265+0+0+0+0+265;0+84+62+8+104+7
6;24;4614;066;990+1+303+303+2+0+2+0+301;3+148+81+6+59+4
6;24;4614;067;951+7+334+334+1+0+1+4+333;7+85+77+8+149+7
6;24;4614;068;644+1+267+267+0+0+0+0+267;2+107+62+3+84+9
6;24;4614;069;917+0+356+356+0+1+1+0+355;3+74+107+13+141+17
6;24;4614;071;304+0+74+74+0+0+0+0+74;1+26+24+5+16+2
6;24;4614;072;785+0+251+251+0+1+1+8+250;3+82+63+13+84+5
6;24;4614;073;747+0+302+302+0+1+1+10+301;2+138+58+12+81+10
6;24;4614;074;561+0+216+216+0+1+1+7+215;1+83+62+6+56+7
6;24;4614;075;770+0+293+293+8+0+8+0+285;1+107+87+16+71+3
6;24;4622;001;488+0+124+124+0+1+1+0+123;1+45+25+5+43+4
6;24;4622;002;499+2+114+114+0+0+0+0+114;2+50+21+1+35+5
6;24;4622;003;658+0+215+215+0+0+0+6+215;0+82+55+8+64+6
6;24;4622;004;527+0+184+184+0+3+3+2+181;2+88+36+4+47+4
6;24;4622;005;831+3+289+289+1+0+1+4+288;2+122+56+5+95+8
6;24;4622;006;610+0+174+174+0+0+0+10+174;3+71+39+5+51+5
6;24;4622;007;508+2+193+193+1+0+1+3+192;1+87+38+7+54+5
6;24;4622;008;538+0+221+221+0+0+0+13+221;3+103+58+8+43+6
6;24;4622;009;359+0+162+162+1+0+1+4+161;1+70+33+7+43+7
6;24;4622;010;639+0+143+143+0+0+0+9+143;0+64+33+6+32+8
6;24;4622;011;562+0+174+174+0+0+0+0+174;2+58+44+4+64+2
6;24;4622;012;431+1+94+94+1+0+1+1+93;0+35+18+9+26+5
6;24;4622;013;422+0+101+101+0+0+0+0+101;2+46+31+7+11+4
6;24;4622;014;521+0+121+121+0+2+2+0+119;2+34+35+15+32+1
6;24;4622;015;378+0+109+109+0+0+0+0+109;0+47+36+10+12+4
6;24;4622;016;400+0+72+72+0+0+0+1+72;0+22+28+6+12+4
6;24;4622;017;449+0+117+117+1+0+1+0+116;0+58+31+2+18+7
6;24;4622;018;563+0+125+125+0+1+1+0+124;1+34+58+8+16+7
6;24;4622;019;351+0+86+86+0+0+0+3+86;3+21+29+4+24+5
6;24;4622;020;279+3+74+74+1+0+1+0+73;1+24+26+3+17+2
6;24;4622;021;551+0+167+167+0+1+1+19+166;3+61+22+8+70+2
6;24;4622;022;639+0+245+245+2+0+2+0+243;2+80+44+6+106+5
6;24;4622;023;662+0+161+161+0+0+0+0+161;1+68+42+4+40+6
6;24;4622;024;581+0+127+127+0+0+0+4+127;1+54+26+5+40+1
6;24;4622;025;467+0+197+197+0+0+0+0+197;1+74+45+9+67+1
6;24;4622;026;455+0+184+184+1+0+1+0+183;0+69+48+13+48+5
6;24;4622;027;658+2+236+236+0+1+1+0+235;1+76+40+6+105+7
6;24;4622;028;687+0+198+198+0+0+0+0+198;2+68+44+14+69+1
6;24;4622;029;472+2+184+184+0+0+0+0+184;0+68+44+8+61+3
6;24;4622;030;610+0+204+204+0+0+0+11+204;3+77+50+9+55+10
6;24;4622;031;481+0+184+184+0+0+0+8+184;1+56+36+8+78+5
6;24;4622;032;408+0+171+171+0+0+0+0+171;0+58+34+10+63+6
6;24;4622;033;428+0+198+198+2+0+2+0+196;4+66+52+3+68+3
6;24;4622;034;561+0+204+204+0+0+0+0+204;2+82+52+5+61+2
6;24;4622;035;407+1+159+159+1+0+1+0+158;2+77+27+9+40+3
6;24;4622;036;500+0+204+204+0+0+0+3+204;1+77+51+8+61+6
6;24;4622;037;540+0+268+268+0+2+2+7+266;1+82+52+3+119+9
[END]

[AGGR]
24;6;   ;6+524+524+338528+608+137522+137125+355+137+491+1975+136633;1122+67802+22833+2545+38763+3569
[END]

