[INFO]
25;ëÆ¥®ø 3;201
[END]

[IZB]
25;6;   ;;11.11.2001;1;6;498
[END]

[NM]
2546;001;£∞. ëÆ¥®ø;68134;11
2546;001;£∞. ëÆ¥®ø;68134;12
2546;001;£∞. ëÆ¥®ø;68134;13
2546;001;£∞. ëÆ¥®ø;68134;18
2546;002;±. å†´Æ Å≥∑®≠Æ;46721;18
2546;001;£∞. ëÆ¥®ø;68134;19
2546;001;£∞. ëÆ¥®ø;68134;20
2546;003;±. ÇÆ´≥ø™;12084;20
2546;004;±. å∞†¨Æ∞;49206;20
2546;005;±. Å†´∏†;02511;21
2546;006;±. ÇÆ©≠ø£Æ¢∂®;11884;21
2546;007;±. ÑÆ°∞Æ±´†¢∂®;21662;21
2546;008;±. Ü®≤•≠;29430;21
2546;009;±. ä≥°∞†≤Æ¢Æ;40436;21
2546;010;±. ä∫≤®≠†;41010;21
2546;011;±. ãÆ™Æ∞±™Æ;44224;21
2546;012;±. å®∞Æ¢ø≠•;48393;21
2546;013;±. ç•£Æ¢†≠;51250;21
2546;014;£∞. çÆ¢® à±™∫∞;00357;21
2546;015;±. èÆ§£≥¨•∞;57011;21
2546;016;±. ë¢•≤Æ¢∞†∑•≠•;65601;21
2546;017;±. ó•Ø®≠∂®;80409;21
2546;018;£∞. Å†≠™ø;02659;24
2546;019;±. à¢†≠ø≠•;32216;24
2546;020;±. ä´®±≥∞†;37280;24
[END]

[SEC]
25;4611;001;6;001
25;4611;002;6;001
25;4611;003;6;001
25;4611;004;6;001
25;4611;005;6;001
25;4611;006;6;001
25;4611;007;6;001
25;4611;008;6;001
25;4611;009;6;001
25;4611;010;6;001
25;4611;011;6;001
25;4611;012;6;001
25;4611;013;6;001
25;4611;014;6;001
25;4611;015;6;001
25;4611;016;6;001
25;4611;017;6;001
25;4611;018;6;001
25;4611;019;6;001
25;4611;020;6;001
25;4611;021;6;001
25;4611;022;6;001
25;4611;023;6;001
25;4611;024;6;001
25;4611;025;6;001
25;4611;026;6;001
25;4611;027;6;001
25;4611;028;6;001
25;4611;029;6;001
25;4611;030;6;001
25;4611;031;6;001
25;4611;032;6;001
25;4611;033;6;001
25;4611;034;6;001
25;4611;035;6;001
25;4611;036;6;001
25;4611;037;6;001
25;4611;038;6;001
25;4611;039;6;001
25;4611;040;6;001
25;4611;041;6;001
25;4611;042;6;001
25;4611;043;6;001
25;4611;044;6;001
25;4611;045;6;001
25;4611;046;6;001
25;4611;047;6;001
25;4611;048;6;001
25;4611;049;6;001
25;4611;050;6;001
25;4611;051;6;001
25;4611;052;6;001
25;4611;053;6;001
25;4611;054;6;001
25;4611;055;6;001
25;4611;056;6;001
25;4611;057;6;001
25;4611;058;6;001
25;4611;059;6;001
25;4611;060;6;001
25;4611;061;6;001
25;4611;062;6;001
25;4611;063;6;001
25;4611;064;6;001
25;4611;065;6;001
25;4611;066;6;001
25;4611;067;6;001
25;4611;068;6;001
25;4611;069;6;001
25;4611;070;6;001
25;4611;071;6;001
25;4612;001;6;001
25;4612;002;6;001
25;4612;003;6;001
25;4612;004;6;001
25;4612;005;6;001
25;4612;006;6;001
25;4612;007;6;001
25;4612;008;6;001
25;4612;009;6;001
25;4612;010;6;001
25;4612;011;6;001
25;4612;012;6;001
25;4612;013;6;001
25;4612;014;6;001
25;4612;015;6;001
25;4612;016;6;001
25;4612;017;6;001
25;4612;018;6;001
25;4612;019;6;001
25;4612;020;6;001
25;4612;021;6;001
25;4612;022;6;001
25;4612;023;6;001
25;4612;024;6;001
25;4612;025;6;001
25;4612;026;6;001
25;4612;027;6;001
25;4612;028;6;001
25;4612;029;6;001
25;4612;030;6;001
25;4612;031;6;001
25;4612;032;6;001
25;4612;033;6;001
25;4612;034;6;001
25;4612;035;6;001
25;4612;036;6;001
25;4612;037;6;001
25;4612;038;6;001
25;4612;039;6;001
25;4612;040;6;001
25;4612;041;6;001
25;4613;001;6;001
25;4613;002;6;001
25;4613;003;6;001
25;4613;004;6;001
25;4613;005;6;001
25;4613;006;6;001
25;4613;007;6;001
25;4613;008;6;001
25;4613;009;6;001
25;4613;010;6;001
25;4613;011;6;001
25;4613;012;6;001
25;4613;013;6;001
25;4613;014;6;001
25;4613;015;6;001
25;4613;016;6;001
25;4613;017;6;001
25;4613;018;6;001
25;4613;019;6;001
25;4613;020;6;001
25;4613;021;6;001
25;4613;022;6;001
25;4613;023;6;001
25;4613;024;6;001
25;4613;025;6;001
25;4613;026;6;001
25;4613;027;6;001
25;4613;028;6;001
25;4613;029;6;001
25;4613;030;6;001
25;4613;031;6;001
25;4613;032;6;001
25;4613;033;6;001
25;4613;034;6;001
25;4613;035;6;001
25;4613;036;6;001
25;4613;037;6;001
25;4613;038;6;001
25;4613;039;6;001
25;4613;040;6;001
25;4613;041;6;001
25;4613;042;6;001
25;4613;043;6;001
25;4613;044;6;001
25;4613;045;6;001
25;4613;046;6;001
25;4613;047;6;001
25;4613;048;6;001
25;4613;049;6;001
25;4613;050;6;001
25;4613;051;6;001
25;4613;052;6;001
25;4613;053;6;001
25;4613;054;6;001
25;4613;055;6;001
25;4613;056;6;001
25;4613;057;6;001
25;4613;058;6;001
25;4613;059;6;001
25;4613;060;6;001
25;4613;061;6;001
25;4613;062;6;001
25;4613;063;6;001
25;4613;064;6;001
25;4613;065;6;001
25;4613;066;6;001
25;4613;067;6;001
25;4613;068;6;001
25;4613;069;6;001
25;4613;070;6;001
25;4613;071;6;001
25;4613;072;6;001
25;4613;073;6;001
25;4613;074;6;001
25;4613;075;6;001
25;4613;076;6;001
25;4613;077;6;001
25;4613;078;6;001
25;4613;079;6;001
25;4613;080;6;001
25;4613;081;6;001
25;4613;082;6;001
25;4613;083;6;001
25;4613;084;6;001
25;4613;085;6;001
25;4613;086;6;001
25;4613;087;6;001
25;4613;088;6;001
25;4613;089;6;001
25;4613;090;6;001
25;4613;091;6;001
25;4613;092;6;001
25;4613;093;6;001
25;4613;094;6;001
25;4613;095;6;001
25;4613;096;6;001
25;4613;097;6;001
25;4613;098;6;001
25;4613;099;6;001
25;4613;100;6;001
25;4613;101;6;001
25;4618;001;6;001
25;4618;002;6;001
25;4618;003;6;001
25;4618;004;6;001
25;4618;005;6;001
25;4618;006;6;001
25;4618;007;6;001
25;4618;008;6;001
25;4618;009;6;001
25;4618;010;6;001
25;4618;011;6;001
25;4618;012;6;001
25;4618;013;6;001
25;4618;014;6;001
25;4618;015;6;001
25;4618;016;6;001
25;4618;017;6;001
25;4618;018;6;001
25;4618;019;6;001
25;4618;020;6;001
25;4618;021;6;001
25;4618;022;6;001
25;4618;023;6;001
25;4618;024;6;001
25;4618;025;6;001
25;4618;026;6;001
25;4618;027;6;001
25;4618;028;6;001
25;4618;029;6;001
25;4618;030;6;001
25;4618;031;6;001
25;4618;032;6;001
25;4618;033;6;001
25;4618;034;6;001
25;4618;035;6;001
25;4618;036;6;001
25;4618;037;6;001
25;4618;038;6;001
25;4618;039;6;001
25;4618;040;6;001
25;4618;041;6;001
25;4618;042;6;001
25;4618;043;6;001
25;4618;044;6;001
25;4618;045;6;001
25;4618;046;6;002
25;4618;047;6;001
25;4618;048;6;001
25;4618;049;6;001
25;4618;050;6;001
25;4618;051;6;001
25;4619;001;6;001
25;4619;002;6;001
25;4619;003;6;001
25;4619;004;6;001
25;4619;005;6;001
25;4619;006;6;001
25;4619;007;6;001
25;4619;008;6;001
25;4619;009;6;001
25;4619;010;6;001
25;4619;011;6;001
25;4619;012;6;001
25;4619;014;6;001
25;4619;015;6;001
25;4619;016;6;001
25;4619;017;6;001
25;4619;018;6;001
25;4619;019;6;001
25;4619;020;6;001
25;4619;021;6;001
25;4619;022;6;001
25;4619;023;6;001
25;4619;024;6;001
25;4619;025;6;001
25;4619;026;6;001
25;4619;027;6;001
25;4619;028;6;001
25;4619;029;6;001
25;4619;030;6;001
25;4619;031;6;001
25;4619;032;6;001
25;4619;033;6;001
25;4619;034;6;001
25;4619;035;6;001
25;4619;036;6;001
25;4619;037;6;001
25;4619;038;6;001
25;4619;039;6;001
25;4619;040;6;001
25;4619;041;6;001
25;4619;042;6;001
25;4619;043;6;001
25;4619;044;6;001
25;4619;045;6;001
25;4619;046;6;001
25;4619;047;6;001
25;4619;048;6;001
25;4619;049;6;001
25;4619;050;6;001
25;4619;051;6;001
25;4619;052;6;001
25;4619;053;6;001
25;4619;054;6;001
25;4619;055;6;001
25;4619;056;6;001
25;4619;057;6;001
25;4619;058;6;001
25;4619;059;6;001
25;4619;060;6;001
25;4619;061;6;001
25;4619;062;6;001
25;4619;063;6;001
25;4619;064;6;001
25;4619;065;6;001
25;4619;066;6;001
25;4619;067;6;001
25;4619;068;6;001
25;4619;069;6;001
25;4619;070;6;001
25;4619;071;6;001
25;4619;072;6;001
25;4619;073;6;001
25;4619;074;6;001
25;4619;075;6;001
25;4619;076;6;001
25;4619;077;6;001
25;4619;078;6;001
25;4619;079;6;001
25;4619;080;6;001
25;4619;081;6;001
25;4619;082;6;001
25;4619;083;6;001
25;4619;084;6;001
25;4619;085;6;001
25;4619;086;6;001
25;4619;087;6;001
25;4619;088;6;001
25;4619;089;6;001
25;4619;090;6;001
25;4619;091;6;001
25;4619;092;6;001
25;4619;093;6;001
25;4619;094;6;001
25;4619;095;6;001
25;4619;096;6;001
25;4619;097;6;001
25;4619;098;6;001
25;4619;099;6;001
25;4619;100;6;001
25;4619;101;6;001
25;4619;102;6;001
25;4619;103;6;001
25;4619;104;6;001
25;4619;105;6;001
25;4619;106;6;001
25;4619;107;6;001
25;4619;108;6;001
25;4619;109;6;001
25;4619;110;6;001
25;4619;111;6;001
25;4619;112;6;001
25;4619;113;6;001
25;4619;114;6;001
25;4619;115;6;001
25;4619;116;6;001
25;4619;117;6;001
25;4619;118;6;001
25;4619;119;6;001
25;4619;120;6;001
25;4619;121;6;001
25;4619;122;6;001
25;4619;123;6;001
25;4619;124;6;001
25;4619;125;6;001
25;4619;126;6;001
25;4619;127;6;001
25;4619;128;6;001
25;4619;129;6;001
25;4619;130;6;001
25;4620;001;6;001
25;4620;002;6;001
25;4620;003;6;001
25;4620;004;6;001
25;4620;005;6;001
25;4620;006;6;001
25;4620;007;6;001
25;4620;008;6;001
25;4620;009;6;001
25;4620;010;6;001
25;4620;011;6;001
25;4620;012;6;001
25;4620;013;6;001
25;4620;014;6;001
25;4620;015;6;001
25;4620;016;6;001
25;4620;017;6;001
25;4620;018;6;001
25;4620;019;6;001
25;4620;020;6;001
25;4620;021;6;001
25;4620;022;6;001
25;4620;023;6;001
25;4620;024;6;001
25;4620;025;6;001
25;4620;026;6;001
25;4620;027;6;001
25;4620;028;6;001
25;4620;029;6;001
25;4620;030;6;001
25;4620;031;6;001
25;4620;032;6;001
25;4620;033;6;001
25;4620;034;6;001
25;4620;035;6;001
25;4620;036;6;001
25;4620;037;6;001
25;4620;038;6;001
25;4620;039;6;001
25;4620;040;6;001
25;4620;041;6;001
25;4620;042;6;001
25;4620;043;6;001
25;4620;044;6;001
25;4620;045;6;001
25;4620;046;6;001
25;4620;047;6;001
25;4620;048;6;001
25;4620;049;6;003
25;4620;050;6;003
25;4620;051;6;003
25;4620;052;6;004
25;4620;053;6;004
25;4621;001;6;007
25;4621;002;6;007
25;4621;004;6;008
25;4621;005;6;005
25;4621;006;6;012
25;4621;007;6;012
25;4621;008;6;014
25;4621;009;6;014
25;4621;010;6;014
25;4621;011;6;014
25;4621;012;6;014
25;4621;013;6;014
25;4621;014;6;014
25;4621;015;6;014
25;4621;016;6;014
25;4621;017;6;014
25;4621;018;6;014
25;4621;019;6;014
25;4621;020;6;014
25;4621;021;6;014
25;4621;022;6;014
25;4621;023;6;014
25;4621;024;6;010
25;4621;025;6;009
25;4621;026;6;016
25;4621;027;6;016
25;4621;028;6;016
25;4621;029;6;006
25;4621;030;6;015
25;4621;031;6;011
25;4621;032;6;017
25;4621;033;6;017
25;4621;034;6;017
25;4621;035;6;017
25;4621;036;6;013
25;4621;037;6;013
25;4624;001;6;018
25;4624;002;6;018
25;4624;003;6;018
25;4624;004;6;018
25;4624;005;6;018
25;4624;006;6;018
25;4624;007;6;018
25;4624;008;6;018
25;4624;009;6;018
25;4624;010;6;018
25;4624;011;6;019
25;4624;012;6;020
25;4624;013;6;018
25;4624;014;6;018
25;4624;015;6;018
25;4624;016;6;018
[END]

[MAJ]
25;6;   ;01;;;è•≤∫∞ ä®∞®´Æ¢ Å•∞Æ≠ ® ë≤Æø≠ Ç∫´∑•¢ Ä≠§∞••¢;, ;èäÅ+ëÇÄ;1094;0;1
25;6;   ;02;;;è•≤∫∞ ë≤•¥†≠Æ¢ ë≤Æø≠Æ¢ ® ç•´® è•≤∞Æ¢† ä≥∂™Æ¢†;, ;èëë+çèä;57228;2;2
25;6;   ;03;;;ÅÆ£Æ¨®´ Ä≠£•´Æ¢ ÅÆ≠•¢ ® Ä≤†≠†± à¢†≠Æ¢ Ü•´•ß∑•¢;, ;ÅÄÅ+ÄàÜ;24222;0;3
25;6;   ;04;;;ÜÆ∞¶ É†≠∑•¢ É†≠∑•¢ ® Ç•±•´®≠ ë≤Æø≠Æ¢ ÅÆ≠∑•¢;, ;ÜÉÉ+ÇëÅ;2888;0;4
25;6;   ;05;;;É•Æ∞£® ë•§•¥∑Æ¢ è∫∞¢†≠Æ¢ ® Ä≠£•´ à¢†≠Æ¢ å†∞®≠;, ;Éëè+Äàå;42889;2;5
25;6;   ;06;;;ê•≠•≤† à¢†≠Æ¢† à≠§¶Æ¢† ® ä∞∫±≤æ ç®™Æ´Æ¢ à´Æ¢;, ;êàà+äçà;3925;0;6
[END]

[PROP]
[END]

[LISTI]
[END]

[PROT]
6;25;4611;001;759+0+277+277+1+0+1+12+276;3+128+37+7+96+5
6;25;4611;002;827+0+363+363+0+0+0+20+363;2+164+70+9+106+12
6;25;4611;003;775+0+311+311+0+0+0+0+311;3+140+48+4+111+5
6;25;4611;004;591+0+263+263+0+0+0+0+263;1+102+22+7+123+8
6;25;4611;005;763+2+299+299+0+0+0+0+299;2+66+50+9+165+7
6;25;4611;006;586+5+141+141+2+0+2+3+139;3+86+9+3+33+5
6;25;4611;007;802+1+340+340+1+2+3+0+337;2+163+65+4+97+6
6;25;4611;008;873+0+283+283+3+0+3+0+280;1+145+55+6+67+6
6;25;4611;009;864+0+334+334+0+1+1+14+333;4+147+60+9+104+9
6;25;4611;010;912+1+384+384+4+0+4+12+380;1+185+52+9+123+10
6;25;4611;011;654+1+281+281+0+1+1+5+280;4+95+63+6+108+4
6;25;4611;012;593+10+243+243+3+1+4+0+239;1+124+49+7+54+4
6;25;4611;013;894+0+363+363+0+0+0+0+363;3+165+75+5+99+16
6;25;4611;014;587+0+239+239+0+1+1+5+238;1+122+36+3+74+2
6;25;4611;015;722+0+314+314+2+0+2+7+312;3+161+49+7+84+8
6;25;4611;016;729+3+265+265+1+0+1+9+264;2+126+40+5+79+12
6;25;4611;017;852+1+341+341+0+0+0+14+341;3+123+43+3+162+7
6;25;4611;018;843+5+354+354+0+0+0+0+354;6+100+83+11+148+6
6;25;4611;019;742+0+304+304+1+0+1+8+303;1+98+43+0+154+7
6;25;4611;020;847+0+337+337+0+0+0+9+337;1+127+48+3+147+11
6;25;4611;021;853+0+378+378+1+1+2+12+376;9+122+48+11+181+5
6;25;4611;022;731+3+299+299+0+1+1+10+298;1+126+66+4+93+8
6;25;4611;023;785+0+311+311+0+0+0+9+311;1+81+53+9+158+9
6;25;4611;024;908+0+431+431+0+0+0+11+431;4+83+76+11+244+13
6;25;4611;025;724+4+321+321+0+1+1+3+320;2+118+42+6+146+6
6;25;4611;026;621+4+262+262+1+1+2+0+260;3+92+43+1+114+7
6;25;4611;027;602+14+272+272+0+0+0+10+272;3+134+42+6+83+4
6;25;4611;028;756+0+348+348+0+0+0+11+348;3+105+60+16+153+11
6;25;4611;029;637+1+265+265+0+0+0+2+265;2+110+36+6+111+0
6;25;4611;030;717+1+327+327+2+2+4+0+323;3+101+44+3+164+8
6;25;4611;031;774+2+252+252+2+0+2+0+250;3+116+50+3+74+4
6;25;4611;032;805+2+365+365+1+0+1+0+364;9+160+43+3+144+5
6;25;4611;033;619+0+323+323+0+0+0+0+323;4+99+32+3+171+14
6;25;4611;034;819+2+381+381+0+0+0+0+381;2+104+55+5+206+9
6;25;4611;035;824+4+375+375+1+0+1+0+374;5+165+50+5+142+7
6;25;4611;036;753+9+360+360+0+0+0+4+360;2+133+52+5+161+7
6;25;4611;037;831+0+406+406+0+0+0+0+406;7+157+43+3+186+10
6;25;4611;038;675+0+355+355+4+1+5+23+350;2+83+40+4+213+8
6;25;4611;039;850+2+399+399+0+1+1+9+398;4+171+73+4+136+10
6;25;4611;040;710+1+262+262+1+1+2+0+260;2+138+43+2+69+6
6;25;4611;041;589+5+262+262+0+0+0+0+262;2+87+42+6+117+8
6;25;4611;042;746+0+353+353+0+0+0+2+353;1+115+55+5+168+9
6;25;4611;043;751+3+272+272+3+0+3+0+269;4+95+46+2+114+8
6;25;4611;044;725+1+290+290+0+0+0+12+290;0+120+37+7+118+8
6;25;4611;045;788+0+321+321+0+0+0+9+321;1+140+38+4+132+6
6;25;4611;046;729+0+336+336+0+1+1+7+335;2+161+40+6+118+8
6;25;4611;047;840+0+381+381+2+1+3+13+378;5+143+53+3+170+4
6;25;4611;048;729+2+324+324+0+1+1+11+323;2+101+47+5+160+8
6;25;4611;049;522+0+284+284+1+0+1+13+283;2+118+43+8+102+10
6;25;4611;050;603+4+265+265+2+0+2+6+263;2+118+41+10+86+6
6;25;4611;051;840+1+299+299+1+0+1+0+298;3+132+52+2+101+8
6;25;4611;052;649+0+272+272+0+0+0+3+272;1+118+47+6+93+7
6;25;4611;053;608+0+264+264+0+0+0+0+264;1+122+45+4+80+12
6;25;4611;054;733+2+341+341+3+0+3+10+338;2+126+51+5+146+8
6;25;4611;055;747+3+338+338+0+1+1+15+337;5+150+54+7+114+7
6;25;4611;056;750+0+126+126+2+2+4+0+122;5+85+8+6+15+3
6;25;4611;057;722+1+169+169+0+0+0+5+169;2+77+31+3+53+3
6;25;4611;058;960+0+187+187+1+0+1+7+186;1+94+30+6+42+13
6;25;4611;059;763+0+157+157+0+0+0+7+157;7+68+27+6+35+14
6;25;4611;060;516+0+101+101+1+2+3+0+98;2+50+14+1+19+12
6;25;4611;061;842+0+133+133+0+1+1+10+132;4+58+9+10+30+21
6;25;4611;062;671+1+180+180+0+0+0+0+180;12+64+13+10+61+20
6;25;4611;063;898+0+203+203+0+3+3+0+200;8+124+16+3+33+16
6;25;4611;064;537+0+131+131+0+3+3+6+128;4+64+7+10+21+22
6;25;4611;065;699+0+177+177+1+0+1+0+176;6+86+9+9+44+22
6;25;4611;066;728+0+159+159+0+1+1+0+158;13+69+5+11+31+29
6;25;4611;067;566+0+108+108+0+0+0+0+108;3+55+10+1+29+10
6;25;4611;068;67+1+26+26+0+1+1+0+25;1+16+1+0+7+0
6;25;4611;069;713+1+267+267+1+0+1+6+266;5+128+35+5+89+4
6;25;4611;070;633+1+241+241+1+1+2+7+239;1+109+32+3+86+8
6;25;4611;071;553+0+139+139+0+0+0+0+139;4+85+14+1+20+15
6;25;4612;001;952+0+373+373+0+0+0+30+373;1+194+65+8+96+9
6;25;4612;002;913+1+363+363+3+1+4+15+359;3+185+73+4+86+8
6;25;4612;003;869+0+337+337+1+0+1+13+336;3+155+67+3+101+7
6;25;4612;004;681+0+256+256+0+1+1+7+255;6+108+50+8+71+12
6;25;4612;005;852+1+356+356+2+0+2+14+354;1+173+55+2+113+10
6;25;4612;006;668+1+273+273+0+0+0+11+273;0+147+47+2+73+4
6;25;4612;007;759+1+287+287+1+2+3+10+284;0+129+62+11+74+8
6;25;4612;008;744+0+272+272+3+2+5+5+267;2+117+43+5+89+11
6;25;4612;009;793+1+332+332+2+0+2+9+330;2+141+52+14+113+8
6;25;4612;010;744+1+298+298+2+0+2+10+296;2+133+50+6+96+9
6;25;4612;011;817+0+340+340+0+0+0+14+340;7+145+56+4+118+10
6;25;4612;012;558+9+275+275+1+0+1+0+274;0+85+37+4+143+5
6;25;4612;013;785+2+289+289+0+3+3+15+286;2+98+40+6+129+11
6;25;4612;014;843+2+371+371+0+0+0+5+371;4+69+69+8+216+5
6;25;4612;015;849+4+381+381+0+0+0+20+381;1+166+48+7+150+9
6;25;4612;016;732+3+306+306+1+0+1+9+305;5+121+55+5+117+2
6;25;4612;017;889+3+393+393+1+0+1+0+392;3+200+67+6+105+11
6;25;4612;018;781+1+391+391+0+0+0+14+391;4+166+66+8+143+4
6;25;4612;019;558+0+238+238+1+0+1+12+237;0+101+38+3+91+4
6;25;4612;020;786+0+283+283+0+0+0+8+283;3+125+63+3+83+6
6;25;4612;021;745+0+318+318+0+0+0+6+318;0+87+60+7+154+10
6;25;4612;022;774+1+355+355+1+0+1+11+354;3+151+57+6+129+8
6;25;4612;023;1031+1+480+480+2+0+2+23+478;5+229+75+9+151+9
6;25;4612;024;815+10+373+373+0+0+0+12+373;1+164+53+4+140+11
6;25;4612;025;548+2+257+257+1+0+1+13+256;3+118+51+2+74+8
6;25;4612;026;793+2+365+365+1+0+1+18+364;1+111+67+5+173+7
6;25;4612;027;832+0+372+372+1+0+1+12+371;1+154+65+5+129+17
6;25;4612;028;866+0+355+355+0+0+0+19+355;1+169+75+8+95+7
6;25;4612;029;876+0+389+389+0+0+0+0+389;2+159+76+5+140+7
6;25;4612;030;664+0+251+251+1+0+1+8+250;3+114+47+4+73+9
6;25;4612;031;844+2+333+333+0+2+2+12+331;4+162+47+1+114+3
6;25;4612;032;919+0+358+358+0+1+1+5+357;4+142+49+3+147+12
6;25;4612;033;874+0+387+387+0+1+1+19+386;1+133+59+5+177+11
6;25;4612;034;735+1+334+334+0+0+0+0+334;1+118+71+3+136+5
6;25;4612;035;738+1+234+234+0+0+0+12+234;0+126+42+7+47+12
6;25;4612;036;730+2+307+307+0+1+1+11+306;2+151+66+3+80+4
6;25;4612;037;606+0+259+259+2+0+2+10+257;2+133+45+2+64+11
6;25;4612;038;708+0+264+264+0+0+0+0+264;0+123+78+3+54+6
6;25;4612;039;851+0+369+369+1+0+1+6+368;2+101+59+7+190+9
6;25;4612;040;550+0+280+280+1+0+1+0+279;2+100+43+2+127+5
6;25;4612;041;63+0+31+31+0+0+0+2+31;0+12+7+1+10+1
6;25;4613;001;619+0+218+218+1+0+1+7+217;3+87+52+8+61+6
6;25;4613;002;498+0+213+213+0+1+1+0+212;2+85+46+4+68+7
6;25;4613;003;692+0+345+345+2+0+2+0+343;1+157+52+8+113+12
6;25;4613;004;696+0+293+293+0+0+0+0+293;1+103+52+12+116+9
6;25;4613;005;516+0+236+236+0+0+0+8+236;2+71+45+5+105+8
6;25;4613;006;459+0+218+218+0+0+0+0+218;1+92+48+1+71+5
6;25;4613;007;649+1+278+278+0+1+1+0+277;3+135+44+6+82+7
6;25;4613;008;707+2+290+290+0+0+0+2+290;1+137+62+6+80+4
6;25;4613;009;659+0+203+203+0+0+0+7+203;2+100+38+4+51+8
6;25;4613;010;683+4+240+240+0+0+0+0+240;0+81+56+6+92+5
6;25;4613;011;494+0+213+213+0+0+0+0+213;5+95+24+10+72+7
6;25;4613;012;652+0+233+233+1+0+1+0+232;3+99+47+7+66+10
6;25;4613;013;747+0+332+332+0+0+0+0+332;3+146+51+8+113+11
6;25;4613;014;772+0+247+247+1+0+1+2+246;3+107+56+3+72+5
6;25;4613;015;601+0+234+234+0+0+0+6+234;5+116+44+3+57+9
6;25;4613;016;529+0+189+189+0+0+0+1+189;2+86+39+6+50+6
6;25;4613;017;452+0+156+156+0+0+0+0+156;0+72+31+4+43+6
6;25;4613;018;560+0+164+164+1+0+1+0+163;1+65+26+4+61+6
6;25;4613;019;631+3+230+230+0+0+0+2+230;1+86+41+5+92+5
6;25;4613;020;655+0+273+273+2+0+2+0+271;5+102+53+5+96+10
6;25;4613;021;672+0+270+270+0+0+0+14+270;1+108+62+3+89+7
6;25;4613;022;493+0+137+137+0+0+0+5+137;2+64+27+4+37+3
6;25;4613;023;710+1+220+220+2+0+2+0+218;1+95+35+4+73+10
6;25;4613;024;614+1+195+195+1+0+1+0+194;1+97+38+7+50+1
6;25;4613;025;777+0+214+214+0+0+0+0+214;0+92+56+4+57+5
6;25;4613;026;782+0+333+333+0+0+0+0+333;2+77+60+9+171+14
6;25;4613;027;678+1+253+253+2+1+3+4+250;2+123+49+3+65+8
6;25;4613;028;707+1+242+242+0+0+0+0+242;3+139+32+5+52+11
6;25;4613;029;595+0+213+213+1+0+1+2+212;3+82+48+3+64+12
6;25;4613;030;744+0+271+271+1+0+1+0+270;3+126+52+6+75+8
6;25;4613;031;691+0+255+255+0+0+0+0+255;3+142+37+5+58+10
6;25;4613;032;548+0+206+206+2+0+2+0+204;0+90+43+2+67+2
6;25;4613;033;535+0+199+199+0+0+0+0+199;4+90+32+4+60+9
6;25;4613;034;554+0+164+164+0+0+0+2+164;5+81+27+6+42+3
6;25;4613;035;751+0+278+278+0+0+0+5+278;1+119+52+8+91+7
6;25;4613;036;637+0+271+271+0+0+0+3+271;1+122+39+7+96+6
6;25;4613;037;796+1+280+280+0+0+0+5+280;5+139+56+8+69+3
6;25;4613;038;641+2+243+243+0+0+0+4+243;3+102+51+1+75+11
6;25;4613;039;675+0+290+290+0+2+2+4+288;3+136+47+5+87+10
6;25;4613;040;545+0+258+258+0+0+0+0+258;5+99+62+8+73+11
6;25;4613;041;647+0+269+269+0+0+0+0+269;0+110+50+4+98+7
6;25;4613;042;706+0+252+252+0+0+0+0+252;1+101+54+6+82+8
6;25;4613;043;551+0+196+196+0+1+1+0+195;2+103+32+2+52+4
6;25;4613;044;595+1+212+212+0+0+0+0+212;1+94+31+6+69+11
6;25;4613;045;737+0+301+301+0+0+0+8+301;0+142+80+8+60+11
6;25;4613;046;681+0+253+253+0+0+0+0+253;0+106+45+5+92+5
6;25;4613;047;716+0+239+239+0+1+1+7+238;3+111+56+4+61+3
6;25;4613;048;675+0+267+267+0+2+2+0+265;2+97+66+7+88+5
6;25;4613;049;750+0+273+273+0+0+0+6+273;1+116+55+10+88+3
6;25;4613;050;647+0+223+223+0+0+0+0+223;1+103+48+3+62+6
6;25;4613;051;605+1+213+213+2+0+2+4+211;1+104+44+3+51+8
6;25;4613;052;718+0+260+260+0+0+0+4+260;0+117+42+0+87+14
6;25;4613;053;704+0+247+247+0+0+0+4+247;6+92+53+5+82+9
6;25;4613;054;520+0+184+184+0+1+1+4+183;0+55+40+3+78+7
6;25;4613;055;565+0+202+202+0+0+0+0+202;1+69+50+3+70+9
6;25;4613;056;551+0+169+169+0+0+0+0+169;0+82+36+7+32+12
6;25;4613;057;552+0+188+188+0+0+0+0+188;0+85+34+7+60+2
6;25;4613;058;701+0+216+216+0+0+0+0+216;2+116+45+2+46+5
6;25;4613;059;594+0+181+181+1+0+1+5+180;1+100+35+3+39+2
6;25;4613;060;539+2+160+160+0+0+0+5+160;1+63+34+5+52+5
6;25;4613;061;511+0+151+151+0+0+0+0+151;0+67+26+0+55+3
6;25;4613;062;570+0+147+147+0+0+0+0+147;0+67+34+0+41+5
6;25;4613;063;626+1+207+207+0+0+0+0+207;2+82+41+2+75+5
6;25;4613;064;457+0+185+185+0+0+0+0+185;0+86+41+6+46+6
6;25;4613;065;667+0+255+255+0+0+0+2+255;2+116+38+3+89+7
6;25;4613;066;691+2+216+216+0+0+0+0+216;1+99+41+4+66+5
6;25;4613;067;656+0+238+238+0+0+0+7+238;3+78+46+2+102+7
6;25;4613;068;636+1+228+228+0+0+0+0+228;3+101+26+7+88+3
6;25;4613;069;460+0+171+171+0+0+0+0+171;2+53+44+4+62+6
6;25;4613;070;632+0+261+261+0+0+0+0+261;0+107+50+9+91+4
6;25;4613;071;605+0+229+229+0+2+2+0+227;2+83+38+2+96+6
6;25;4613;072;830+0+379+379+0+0+0+11+379;6+156+66+13+129+9
6;25;4613;073;574+0+216+216+0+0+0+8+216;2+104+54+5+45+6
6;25;4613;074;584+1+230+230+2+0+2+0+228;0+98+43+6+75+6
6;25;4613;075;369+0+167+167+0+0+0+6+167;0+57+25+3+80+2
6;25;4613;076;693+2+256+256+0+0+0+0+256;7+115+39+2+86+7
6;25;4613;077;651+2+242+242+0+0+0+0+242;1+86+52+3+93+7
6;25;4613;078;612+0+211+211+0+0+0+10+211;2+94+37+5+66+7
6;25;4613;079;570+0+218+218+1+0+1+0+217;4+109+36+13+53+2
6;25;4613;080;585+0+215+215+0+0+0+0+215;0+86+36+9+77+7
6;25;4613;081;593+1+234+234+0+0+0+0+234;3+87+50+8+82+4
6;25;4613;082;539+0+181+181+0+0+0+0+181;3+82+31+4+50+11
6;25;4613;083;512+1+210+210+0+0+0+11+210;4+75+40+2+81+8
6;25;4613;084;585+0+217+218+1+0+1+0+217;0+81+55+4+73+4
6;25;4613;085;479+0+191+191+0+0+0+0+191;1+66+29+4+84+7
6;25;4613;086;781+0+236+236+0+0+0+2+236;7+146+44+5+29+5
6;25;4613;087;503+0+173+173+0+0+0+0+173;3+90+22+3+49+6
6;25;4613;088;602+0+184+184+0+0+0+0+184;2+86+39+0+48+9
6;25;4613;089;541+0+211+211+0+0+0+0+211;1+74+39+8+86+3
6;25;4613;090;608+0+279+279+0+1+1+0+278;3+123+36+10+97+9
6;25;4613;091;532+0+235+235+0+0+0+0+235;1+94+45+6+85+4
6;25;4613;092;438+0+179+179+0+0+0+4+179;2+78+37+7+46+9
6;25;4613;093;482+5+218+218+0+0+0+3+218;1+79+46+4+86+2
6;25;4613;094;457+0+176+176+0+1+1+0+175;3+63+29+7+65+8
6;25;4613;095;576+5+259+259+2+0+2+3+257;2+105+41+11+88+10
6;25;4613;096;586+1+236+236+0+0+0+8+236;2+82+38+5+105+4
6;25;4613;097;540+0+182+182+0+0+0+0+182;3+71+30+3+71+4
6;25;4613;098;820+0+312+312+0+0+0+8+312;3+131+55+14+102+7
6;25;4613;099;801+7+308+308+0+0+0+0+308;6+151+67+2+76+6
6;25;4613;100;730+0+318+318+0+1+1+0+317;2+159+50+12+85+9
6;25;4613;101;393+2+171+171+1+0+1+0+170;1+66+28+5+63+7
6;25;4618;001;556+2+180+180+0+0+0+18+180;0+119+21+3+35+2
6;25;4618;002;450+0+450+450+0+0+0+27+450;4+261+70+9+98+8
6;25;4618;003;1087+1+476+476+1+0+1+13+475;4+210+107+10+135+9
6;25;4618;004;1036+1+438+438+0+1+1+0+437;4+252+74+9+84+14
6;25;4618;005;1037+1+434+434+0+0+0+11+434;2+202+85+6+126+13
6;25;4618;006;794+1+219+219+0+0+0+14+219;2+90+31+7+79+10
6;25;4618;007;908+0+300+300+2+1+3+6+297;1+133+55+5+94+9
6;25;4618;008;1092+0+388+388+0+0+0+10+388;4+195+73+6+105+5
6;25;4618;009;961+0+326+326+0+0+0+6+326;3+132+61+4+118+8
6;25;4618;010;1083+0+378+378+0+0+0+0+378;1+138+85+13+131+10
6;25;4618;011;1179+0+331+331+1+1+2+4+329;2+155+70+11+80+11
6;25;4618;012;780+8+272+272+2+0+2+9+270;1+79+69+4+109+8
6;25;4618;013;1092+2+324+324+0+2+2+6+322;1+111+79+6+110+15
6;25;4618;014;639+1+181+181+2+0+2+0+179;0+70+39+6+55+9
6;25;4618;015;1056+0+329+329+0+0+0+17+329;1+175+58+4+82+9
6;25;4618;016;925+2+293+293+1+0+1+8+292;3+120+65+6+85+13
6;25;4618;017;787+3+245+245+1+1+2+3+243;2+109+54+5+68+5
6;25;4618;018;920+4+280+280+6+0+6+6+274;0+142+57+3+66+6
6;25;4618;019;856+0+287+287+0+0+0+0+287;1+148+52+9+65+12
6;25;4618;020;968+1+339+339+2+1+3+15+336;4+169+67+8+76+12
6;25;4618;021;938+0+341+341+0+0+0+0+341;1+140+68+9+111+12
6;25;4618;022;833+4+301+301+1+0+1+12+300;1+147+49+11+83+9
6;25;4618;023;949+1+318+318+0+0+0+6+318;3+162+68+4+74+7
6;25;4618;024;1011+2+338+338+0+0+0+0+338;7+161+67+8+85+10
6;25;4618;025;758+0+266+266+1+1+2+13+264;1+123+61+3+73+3
6;25;4618;026;787+1+265+265+0+0+0+12+265;3+125+55+4+66+12
6;25;4618;027;990+6+361+361+4+0+4+3+357;0+133+84+12+121+7
6;25;4618;028;799+1+260+260+0+0+0+0+260;1+122+49+3+81+4
6;25;4618;029;705+1+280+280+3+0+3+3+277;2+124+55+10+74+12
6;25;4618;030;790+0+302+302+2+0+2+4+300;0+138+71+5+77+9
6;25;4618;031;850+0+299+299+0+0+0+10+299;2+159+43+6+78+11
6;25;4618;032;768+5+294+294+3+0+3+0+291;0+147+41+8+81+14
6;25;4618;033;799+1+303+303+2+0+2+6+301;1+138+58+12+77+15
6;25;4618;034;889+0+310+310+0+0+0+8+310;6+141+59+9+84+11
6;25;4618;035;431+1+170+170+1+0+1+0+169;1+87+24+4+52+1
6;25;4618;036;569+0+223+223+0+0+0+8+223;1+105+37+1+72+7
6;25;4618;037;895+1+338+338+1+0+1+18+337;5+175+53+12+87+5
6;25;4618;038;789+1+261+261+1+0+1+7+260;3+117+54+6+73+7
6;25;4618;039;851+8+334+334+2+0+2+0+332;2+136+63+9+108+14
6;25;4618;040;557+2+221+221+2+0+2+6+219;0+99+36+5+71+8
6;25;4618;041;656+8+209+209+0+0+0+11+209;2+80+41+5+79+2
6;25;4618;042;664+2+224+224+0+0+0+15+224;2+95+35+4+83+5
6;25;4618;043;861+7+332+332+0+0+0+5+332;5+162+83+10+62+10
6;25;4618;044;893+1+338+338+0+1+1+0+337;3+153+83+15+73+10
6;25;4618;045;225+1+124+124+0+0+0+9+124;6+47+17+4+45+5
6;25;4618;046;344+4+170+170+2+0+2+0+168;3+56+33+5+69+2
6;25;4618;047;504+0+178+178+0+0+0+0+178;0+77+37+5+56+3
6;25;4618;048;52+1+40+40+0+0+0+1+40;0+14+12+0+14+0
6;25;4618;049;12+0+7+7+0+0+0+0+7;0+2+3+0+2+0
6;25;4618;050;21+4+16+16+0+0+0+0+16;0+11+4+0+1+0
6;25;4618;051;3+6+9+9+1+0+1+0+8;0+1+2+1+4+0
6;25;4619;001;706+1+291+291+0+0+0+6+291;2+79+65+7+127+11
6;25;4619;002;788+0+292+292+1+0+1+3+291;3+100+50+9+120+9
6;25;4619;003;826+1+284+284+0+1+1+0+283;3+133+63+3+72+9
6;25;4619;004;690+1+163+163+0+0+0+0+163;1+85+23+2+48+4
6;25;4619;005;806+1+338+338+0+0+0+0+338;1+143+48+4+136+6
6;25;4619;006;730+0+221+221+0+0+0+8+221;3+114+32+2+62+8
6;25;4619;007;797+0+297+297+0+0+0+6+297;3+109+60+7+108+10
6;25;4619;008;647+0+268+268+1+0+1+5+267;2+115+58+5+84+3
6;25;4619;009;726+3+280+280+0+0+0+0+280;3+148+33+5+78+13
6;25;4619;010;623+0+194+194+0+0+0+10+194;3+78+39+4+62+8
6;25;4619;011;1014+0+331+331+0+0+0+0+331;1+155+64+3+96+12
6;25;4619;012;379+2+151+151+1+0+1+4+150;3+74+24+8+35+6
6;25;4619;014;680+0+278+278+3+0+3+0+275;2+149+52+4+62+6
6;25;4619;015;812+0+307+307+0+1+1+5+306;5+89+56+10+133+13
6;25;4619;016;802+0+258+258+0+0+0+0+258;2+84+52+6+108+6
6;25;4619;017;737+0+251+251+1+0+1+4+250;2+85+56+4+94+9
6;25;4619;018;665+0+282+282+0+0+0+11+282;5+109+52+4+103+9
6;25;4619;019;605+2+270+270+1+0+1+0+269;1+133+44+4+79+8
6;25;4619;020;712+0+299+299+1+0+1+13+298;2+153+52+5+78+8
6;25;4619;021;617+0+251+251+0+0+0+0+251;0+131+39+2+72+7
6;25;4619;022;742+3+283+283+0+0+0+4+283;0+138+45+2+88+10
6;25;4619;023;843+0+269+269+0+0+0+9+269;1+128+40+10+75+15
6;25;4619;024;820+0+311+311+0+0+0+12+311;2+118+75+5+108+3
6;25;4619;025;765+1+290+290+0+0+0+7+290;2+70+58+8+145+7
6;25;4619;026;749+2+257+257+0+0+0+15+257;0+93+52+8+96+8
6;25;4619;027;830+0+358+358+0+2+2+19+356;3+166+64+5+108+10
6;25;4619;028;690+0+291+291+0+0+0+12+291;2+94+67+5+118+5
6;25;4619;029;759+0+333+333+0+1+1+8+332;4+155+55+6+106+6
6;25;4619;030;965+0+344+344+1+0+1+10+343;3+139+70+4+114+13
6;25;4619;031;750+3+254+254+0+0+0+14+254;0+108+40+2+94+10
6;25;4619;032;698+0+252+252+1+0+1+9+251;2+92+44+5+103+5
6;25;4619;033;848+0+336+336+0+0+0+0+336;1+169+77+3+72+14
6;25;4619;034;941+0+305+305+4+1+5+12+300;2+136+60+11+79+12
6;25;4619;035;737+1+248+248+0+1+1+11+247;4+116+43+7+64+13
6;25;4619;036;806+1+339+339+0+1+1+13+338;5+147+56+6+104+20
6;25;4619;037;645+1+302+302+0+0+0+14+302;4+149+32+4+106+7
6;25;4619;038;814+0+387+387+0+2+2+12+385;2+158+74+2+142+7
6;25;4619;039;711+0+296+296+4+0+4+12+292;3+104+50+9+120+6
6;25;4619;040;611+1+241+241+0+0+0+0+241;1+111+45+5+66+13
6;25;4619;041;783+0+297+297+0+0+0+0+297;1+133+51+4+103+5
6;25;4619;042;642+0+257+257+0+0+0+0+257;2+103+47+4+88+13
6;25;4619;043;714+0+267+267+0+0+0+0+267;1+112+54+8+85+7
6;25;4619;044;764+0+351+351+1+1+2+6+349;2+159+69+7+101+11
6;25;4619;045;806+0+285+285+0+0+0+7+285;4+121+53+2+87+18
6;25;4619;046;982+1+280+280+0+0+0+0+280;0+130+47+4+87+12
6;25;4619;047;628+0+220+220+0+0+0+9+220;1+81+44+3+82+9
6;25;4619;048;777+1+312+312+1+0+1+0+311;3+158+52+4+79+15
6;25;4619;049;840+0+329+329+1+0+1+0+328;5+154+68+8+85+8
6;25;4619;050;820+5+298+298+0+0+0+0+298;3+134+71+4+74+12
6;25;4619;051;669+0+245+245+0+0+0+0+245;3+101+42+4+90+5
6;25;4619;052;794+5+280+280+0+1+1+0+279;7+107+49+5+99+12
6;25;4619;053;793+2+294+294+0+0+0+16+294;0+133+54+2+96+9
6;25;4619;054;768+0+201+201+0+0+0+5+201;3+108+41+2+40+7
6;25;4619;055;1022+0+374+374+0+0+0+7+374;3+168+75+11+112+5
6;25;4619;056;837+1+324+324+0+1+1+0+323;4+136+60+6+108+9
6;25;4619;057;782+0+287+287+0+1+1+13+286;1+125+69+7+80+4
6;25;4619;058;796+0+269+269+0+1+1+0+268;1+107+54+6+94+6
6;25;4619;059;783+0+288+288+0+0+0+16+288;2+126+74+6+78+2
6;25;4619;060;838+1+323+323+0+0+0+5+323;5+155+69+5+77+12
6;25;4619;061;750+0+342+342+0+0+0+0+342;7+153+61+9+105+7
6;25;4619;062;739+0+284+284+1+2+3+12+281;2+102+37+3+125+12
6;25;4619;063;761+0+272+272+0+0+0+0+272;0+139+40+7+80+6
6;25;4619;064;797+5+282+282+2+0+2+0+280;1+149+55+5+59+11
6;25;4619;065;651+2+205+205+1+0+1+10+204;3+107+44+4+42+4
6;25;4619;066;742+0+275+275+1+0+1+15+274;3+125+56+3+74+13
6;25;4619;067;699+0+261+261+1+1+2+6+259;2+70+69+9+107+2
6;25;4619;068;1074+0+428+428+0+1+1+0+427;2+227+72+7+101+18
6;25;4619;069;782+4+353+353+0+2+2+14+351;4+176+63+9+88+11
6;25;4619;070;705+0+289+289+2+0+2+16+287;5+141+45+6+77+13
6;25;4619;071;852+4+252+252+0+4+4+0+248;5+140+20+5+60+18
6;25;4619;072;639+9+184+184+0+4+4+6+180;2+66+15+10+81+6
6;25;4619;073;896+8+371+371+0+0+0+9+371;5+146+61+8+143+8
6;25;4619;074;996+1+368+368+1+0+1+8+367;2+202+51+13+89+10
6;25;4619;075;733+0+311+311+0+0+0+0+311;1+136+62+8+91+13
6;25;4619;076;791+0+365+365+0+0+0+8+365;1+143+46+12+156+7
6;25;4619;077;749+1+311+311+0+1+1+10+310;3+142+52+4+98+11
6;25;4619;078;737+0+287+287+2+1+3+12+284;3+159+49+4+65+4
6;25;4619;079;736+1+252+252+1+0+1+3+251;4+114+53+10+65+5
6;25;4619;080;808+0+301+301+2+0+2+15+299;4+156+51+1+79+8
6;25;4619;081;736+0+262+262+0+0+0+0+262;3+112+50+7+87+3
6;25;4619;082;821+0+326+326+0+2+2+0+324;2+164+58+7+79+14
6;25;4619;083;804+0+308+308+1+0+1+15+307;1+137+76+6+76+11
6;25;4619;084;794+0+316+316+0+1+1+12+315;2+148+70+7+67+21
6;25;4619;085;704+0+276+276+0+0+0+7+276;1+129+32+9+93+12
6;25;4619;086;786+1+281+281+1+0+1+16+280;0+136+51+3+83+7
6;25;4619;087;759+0+312+312+0+0+0+0+312;4+133+58+7+105+5
6;25;4619;088;764+2+295+295+0+0+0+13+295;3+136+50+3+90+13
6;25;4619;089;700+0+282+282+0+0+0+0+282;3+141+56+7+67+8
6;25;4619;090;802+0+285+285+0+0+0+0+285;2+122+53+4+91+13
6;25;4619;091;662+2+233+233+3+0+3+0+230;4+76+40+2+99+9
6;25;4619;092;645+3+293+293+0+1+1+0+292;0+108+66+6+102+10
6;25;4619;093;762+4+296+296+0+0+0+13+296;0+87+56+8+131+14
6;25;4619;094;830+0+317+317+1+0+1+9+316;3+131+76+2+90+14
6;25;4619;095;687+1+262+262+1+0+1+4+261;4+134+58+4+55+6
6;25;4619;096;838+1+344+344+0+0+0+10+344;1+160+66+7+104+6
6;25;4619;097;863+1+344+344+2+1+3+5+341;2+108+78+2+135+16
6;25;4619;098;787+0+297+297+0+0+0+0+297;4+110+48+4+121+10
6;25;4619;099;814+0+284+284+2+0+2+10+282;1+123+55+10+76+17
6;25;4619;100;854+0+351+351+2+0+2+11+349;1+172+73+12+81+10
6;25;4619;101;707+2+245+245+0+0+0+8+245;2+101+71+5+59+7
6;25;4619;102;859+5+313+313+1+0+1+10+312;2+118+77+8+100+7
6;25;4619;103;788+1+294+294+0+0+0+2+294;3+142+54+9+74+12
6;25;4619;104;830+0+326+326+1+0+1+12+325;1+142+69+10+98+5
6;25;4619;105;659+1+217+217+0+2+2+0+215;5+113+24+6+53+14
6;25;4619;106;786+1+308+308+0+0+0+0+308;0+125+76+3+95+9
6;25;4619;107;769+0+314+314+2+0+2+0+312;2+124+70+13+97+6
6;25;4619;108;769+0+276+276+0+0+0+9+276;1+130+51+7+77+10
6;25;4619;109;913+1+346+346+0+0+0+2+346;5+166+64+5+98+8
6;25;4619;110;851+0+277+277+0+0+0+12+277;0+118+58+7+84+10
6;25;4619;111;820+1+289+289+1+0+1+0+288;1+120+55+9+93+10
6;25;4619;112;760+0+297+297+0+0+0+13+297;3+115+53+5+109+12
6;25;4619;113;744+0+286+286+0+0+0+5+286;4+115+61+9+90+7
6;25;4619;114;781+0+252+252+3+0+3+5+249;1+134+39+3+65+7
6;25;4619;115;768+0+284+284+1+0+1+0+283;0+140+65+9+64+5
6;25;4619;116;671+1+266+266+4+0+4+12+262;2+108+45+7+92+8
6;25;4619;117;684+0+271+271+0+0+0+10+271;1+110+54+4+90+12
6;25;4619;118;699+0+263+263+0+0+0+7+263;2+127+40+7+78+9
6;25;4619;119;802+0+285+285+0+1+1+8+284;2+142+66+9+58+7
6;25;4619;120;686+1+222+222+0+0+0+0+222;2+114+44+5+55+2
6;25;4619;121;661+0+266+266+1+1+2+0+264;3+136+49+2+72+2
6;25;4619;122;960+1+343+343+2+0+2+0+341;1+129+74+7+117+13
6;25;4619;123;623+0+223+223+0+0+0+7+223;2+93+45+3+74+6
6;25;4619;124;798+0+315+315+1+0+1+11+314;1+148+55+6+95+9
6;25;4619;125;619+0+250+250+0+1+1+13+249;1+109+29+8+95+7
6;25;4619;126;699+0+217+217+2+0+2+5+215;2+119+28+5+53+8
6;25;4619;127;736+1+245+245+0+0+0+7+245;1+126+50+2+63+3
6;25;4619;128;634+0+235+235+4+0+4+0+231;0+104+44+5+70+8
6;25;4619;129;852+0+316+316+1+0+1+0+315;1+148+66+5+89+6
6;25;4619;130;910+4+336+336+0+0+0+0+336;6+167+55+10+87+11
6;25;4620;001;866+0+368+368+0+0+0+9+368;3+178+79+7+91+10
6;25;4620;002;754+1+282+282+1+0+1+13+281;2+133+62+5+67+12
6;25;4620;003;661+1+264+264+0+0+0+0+264;0+140+65+3+49+7
6;25;4620;004;813+3+344+344+2+0+2+0+342;0+157+93+4+78+10
6;25;4620;005;709+2+286+286+0+0+0+0+286;3+125+53+6+97+2
6;25;4620;006;797+0+291+291+0+0+0+0+291;1+121+58+3+91+17
6;25;4620;007;715+0+242+242+0+0+0+0+242;4+115+46+8+66+3
6;25;4620;008;760+1+279+279+1+0+1+6+278;2+131+69+6+62+8
6;25;4620;009;743+0+255+255+0+1+1+0+254;1+124+54+8+59+8
6;25;4620;010;754+0+248+248+0+0+0+6+248;1+122+59+10+49+7
6;25;4620;011;733+0+249+249+1+0+1+4+248;1+138+43+11+51+4
6;25;4620;012;771+0+283+283+0+0+0+13+283;3+126+57+12+79+6
6;25;4620;013;765+1+243+243+0+0+0+0+243;1+117+47+5+67+6
6;25;4620;014;873+0+237+237+0+0+0+0+237;2+100+44+7+80+4
6;25;4620;015;663+0+224+224+1+0+1+0+223;1+107+50+5+54+6
6;25;4620;016;679+0+221+221+0+0+0+0+221;2+103+52+6+46+12
6;25;4620;017;705+0+239+239+0+0+0+0+239;1+126+57+6+40+9
6;25;4620;018;830+1+291+291+1+3+4+11+287;0+133+61+12+68+13
6;25;4620;019;815+0+263+263+0+0+0+0+263;2+131+56+6+48+20
6;25;4620;020;807+0+218+218+0+1+1+4+217;1+104+44+3+56+9
6;25;4620;021;681+0+191+191+1+0+1+5+190;1+101+38+3+37+10
6;25;4620;022;707+0+214+214+1+0+1+0+213;2+112+52+6+36+5
6;25;4620;023;827+2+292+292+0+0+0+0+292;1+135+60+7+76+13
6;25;4620;024;857+1+283+283+0+0+0+0+283;0+137+58+7+75+6
6;25;4620;025;831+0+330+330+0+0+0+0+330;3+119+65+7+121+15
6;25;4620;026;751+0+209+209+0+0+0+9+209;2+76+63+8+53+7
6;25;4620;027;812+0+316+316+0+0+0+11+316;3+126+60+12+104+11
6;25;4620;028;743+3+306+306+0+0+0+0+306;3+153+64+9+73+4
6;25;4620;029;755+1+298+298+0+0+0+0+298;1+144+58+2+82+11
6;25;4620;030;755+0+291+291+0+2+2+0+289;1+123+79+5+73+8
6;25;4620;031;725+1+312+312+0+0+0+0+312;1+107+69+6+120+9
6;25;4620;032;480+0+148+148+0+0+0+0+148;0+62+29+4+42+11
6;25;4620;033;746+1+287+287+0+1+1+0+286;0+125+61+5+84+11
6;25;4620;034;732+0+297+297+0+1+1+16+296;4+123+56+9+98+6
6;25;4620;035;838+1+379+379+0+0+0+0+379;5+144+70+0+157+3
6;25;4620;036;865+2+335+335+0+2+2+5+333;1+129+86+8+96+13
6;25;4620;037;760+0+316+316+1+0+1+5+315;3+131+74+4+88+15
6;25;4620;038;798+2+340+340+0+0+0+0+340;2+71+74+16+157+20
6;25;4620;039;668+1+243+243+1+0+1+13+242;0+126+41+6+62+7
6;25;4620;040;889+4+243+243+0+0+0+0+243;0+127+39+6+69+2
6;25;4620;041;859+0+284+284+2+2+4+0+280;1+106+59+8+91+15
6;25;4620;042;793+2+321+321+2+0+2+10+319;2+145+72+11+80+9
6;25;4620;043;724+0+306+306+0+0+0+0+306;2+133+56+5+87+23
6;25;4620;044;408+0+109+109+0+0+0+0+109;2+41+29+4+31+2
6;25;4620;045;664+1+138+138+0+0+0+5+138;4+68+20+3+37+6
6;25;4620;046;736+3+210+210+0+0+0+9+210;5+96+32+5+65+7
6;25;4620;047;766+3+216+216+0+0+0+0+216;0+114+39+4+52+7
6;25;4620;048;302+0+137+137+2+0+2+7+135;3+47+23+5+48+9
6;25;4620;049;708+0+217+217+0+0+0+16+217;1+105+39+7+62+3
6;25;4620;050;730+1+277+277+0+0+0+0+277;2+126+49+11+80+9
6;25;4620;051;643+0+227+227+0+0+0+0+227;0+107+29+5+84+2
6;25;4620;052;846+0+321+321+0+0+0+0+321;2+120+48+13+134+4
6;25;4620;053;672+2+249+249+0+0+0+0+249;0+126+45+7+67+4
6;25;4621;001;529+0+168+168+0+1+1+1+167;0+53+34+2+75+3
6;25;4621;002;469+1+195+195+1+0+1+4+194;2+69+41+3+77+2
6;25;4621;004;438+0+170+170+1+0+1+2+169;0+79+19+3+63+5
6;25;4621;005;575+0+257+257+0+0+0+0+257;4+106+38+9+93+7
6;25;4621;006;599+2+238+238+1+0+1+0+237;2+90+33+8+100+4
6;25;4621;007;529+0+191+192+0+1+1+2+191;1+67+47+4+67+5
6;25;4621;008;819+0+374+374+0+1+1+0+373;2+162+71+16+111+11
6;25;4621;009;714+0+265+265+2+0+2+12+263;1+91+63+8+91+9
6;25;4621;010;775+1+311+311+0+0+0+0+311;2+164+62+10+67+6
6;25;4621;011;630+1+186+186+1+0+1+0+185;2+60+40+5+76+2
6;25;4621;012;782+0+239+239+0+0+0+8+239;0+106+40+3+83+7
6;25;4621;013;789+0+201+201+0+0+0+11+201;2+70+35+11+79+4
6;25;4621;014;628+0+188+188+0+0+0+14+188;2+58+30+6+90+2
6;25;4621;015;840+0+320+320+0+0+0+0+320;2+128+64+9+108+9
6;25;4621;016;826+0+282+282+1+0+1+15+281;0+126+51+8+91+5
6;25;4621;017;662+0+218+218+0+0+0+8+218;1+93+33+3+83+5
6;25;4621;018;785+0+314+314+0+0+0+0+314;1+119+54+14+119+7
6;25;4621;019;631+0+218+218+0+0+0+8+218;1+101+39+9+65+3
6;25;4621;020;686+0+233+233+0+0+0+0+233;6+106+31+5+82+3
6;25;4621;021;563+0+130+130+1+2+3+4+127;2+54+18+7+43+3
6;25;4621;022;475+0+184+184+0+1+1+4+183;4+100+20+1+55+3
6;25;4621;023;541+0+204+204+0+0+0+8+204;2+61+43+4+87+7
6;25;4621;024;685+1+306+306+1+1+2+10+304;3+104+48+12+130+7
6;25;4621;025;527+0+268+268+0+0+0+0+268;2+148+30+8+72+8
6;25;4621;026;646+0+281+281+0+1+1+0+280;1+102+33+13+127+4
6;25;4621;027;541+0+180+180+0+0+0+7+180;2+75+28+8+63+4
6;25;4621;028;634+0+256+256+0+1+1+0+255;1+101+29+4+117+3
6;25;4621;029;372+0+185+185+0+0+0+0+185;3+80+26+2+73+1
6;25;4621;030;530+0+228+228+1+0+1+15+227;4+92+50+4+71+6
6;25;4621;031;474+2+218+218+0+1+1+10+217;2+87+38+8+77+5
6;25;4621;032;491+0+127+127+0+0+0+2+127;1+55+24+4+39+4
6;25;4621;033;616+0+228+228+0+0+0+0+228;1+89+45+8+80+5
6;25;4621;034;494+0+163+163+0+0+0+0+163;0+78+34+5+45+1
6;25;4621;035;469+0+149+149+1+0+1+0+148;2+68+22+6+47+3
6;25;4621;036;524+1+186+186+0+1+1+5+185;1+75+24+6+77+2
6;25;4621;037;530+0+194+194+1+0+1+5+193;2+69+46+9+67+0
6;25;4624;001;661+2+277+277+0+1+1+8+276;1+126+55+3+85+6
6;25;4624;002;940+0+347+347+2+1+3+16+344;1+177+55+7+93+11
6;25;4624;003;825+2+343+343+2+0+2+12+341;0+155+64+2+111+9
6;25;4624;004;728+5+302+302+0+0+0+0+302;1+140+60+7+90+4
6;25;4624;005;810+3+284+284+1+0+1+0+283;1+139+42+3+85+13
6;25;4624;006;954+4+368+368+0+0+0+20+368;5+137+65+10+143+8
6;25;4624;007;381+8+381+381+0+1+1+23+380;2+150+79+10+131+8
6;25;4624;008;863+1+325+325+0+0+0+15+325;4+127+68+7+111+8
6;25;4624;009;484+0+212+212+0+0+0+6+212;3+70+42+12+82+3
6;25;4624;010;161+1+162+162+2+1+3+14+159;0+62+40+6+50+1
6;25;4624;011;557+1+249+249+1+1+2+0+247;3+140+36+4+56+8
6;25;4624;012;99+1+39+39+0+0+0+0+39;2+6+7+7+13+4
6;25;4624;013;92+11+73+73+0+0+0+4+73;1+21+13+3+32+3
6;25;4624;014;14+1+7+7+0+0+0+0+7;0+4+1+0+2+0
6;25;4624;015;27+4+27+27+0+0+0+0+27;0+3+3+0+21+0
6;25;4624;016;44+9+53+53+0+0+0+0+53;0+9+11+0+32+1
[END]

[AGGR]
25;6;   ;6+498+498+350760+517+132645+132647+260+141+401+2563+132246;1094+57228+24222+2888+42889+3925
[END]

