[INFO]
26;Со┤и┐-ок░║г;201
[END]

[IZB]
26;6;   ;;11.11.2001;1;6;460
[END]

[NM]
2606;001;г░. Бож│░и╣е;05027;00
2606;002;▒. Г│░мазово;18174;00
2606;006;▒. Зла▓│╕а;31187;00
2606;008;▒. Пожа░ево;57100;00
2606;009;▒. П░оле╕а;58606;00
2606;010;▒. Ро▒оман;63121;00
2606;011;▒. Хе░аково;77246;00
2606;012;▒. Х░аб║░▒ко;77400;00
2607;001;▒. Божени╢а;04950;00
2607;002;г░. Бо▓евг░ад;05815;00
2607;003;▒. В░а╖е╕;12283;00
2607;004;▒. Г│░ково;18143;00
2607;005;▒. Елов дол;27334;00
2607;006;▒. К░аево;39267;00
2607;007;▒. Липни╢а;43788;00
2607;008;▒. Ли▓аково;43904;00
2607;009;▒. Нова╖ене;51946;00
2607;010;▒. Радо▓ина;61594;00
2607;011;▒. Ра╕ково;62298;00
2607;012;▒. Ск░авена;66860;00
2607;013;▒. Т░│дове╢;73256;00
2609;001;▒. Б░ак╝ов╢и;06050;00
2609;004;▒. Б║░л┐;07555;00
2609;005;▒. В░║длов╢и;12320;00
2609;006;▒. В░║бни╢а;12770;00
2609;007;▒. Гин╢и;14903;00
2609;008;г░. Годе╖;15309;00
2609;009;▒. Голе╕;15572;00
2609;010;▒. Г│бе╕;18037;00
2609;011;▒. Каленов╢и;35345;00
2609;012;▒. Ком╣и╢а;38186;00
2609;013;▒. Лоп│╕на;44300;00
2609;014;▒. М│░га╕;49334;00
2609;015;▒. Равна;61100;00
2609;016;▒. Разбои╣е;61652;00
2609;018;▒. Смол╖а;67641;00
2609;019;▒. С▓ан┐н╢и;68775;00
2609;020;▒. Т│ден;73417;00
2609;021;▒. Ш│ма;83466;00
2610;001;▒. Ап░илово;00549;00
2610;002;▒. Байлово;02258;00
2610;003;▒. Белопоп╢и;03705;00
2610;004;▒. Гай▓анево;14338;00
2610;005;▒. Го░на Малина;16314;00
2610;006;▒. Го░но Кама░╢и;16794;00
2610;007;▒. Долна Малина;22174;00
2610;008;▒. Долно Кама░╢и;22647;00
2610;009;▒. Мако╢ево;46231;00
2610;010;▒. Нег│╕ево;51281;00
2610;011;▒. О▒ой╢а;54287;00
2610;012;▒. Са░ан╢и;65419;00
2610;013;▒. С▓║░гел;70127;00
2610;014;▒. Чекан╖ево;80282;00
2616;002;▒. Бе░енде изво░;03900;00
2616;003;▒. Ва▒илов╢и;10269;00
2616;004;▒. Влади▒лав╢и;11483;00
2616;005;▒. Ви╕ан;11332;00
2616;006;▒. Габе░;14034;00
2616;007;▒. Големо Малово;15518;00
2616;012;▒. Го░но Село;16938;00
2616;018;▒. Д░агоил;23354;00
2616;019;г░. Д░агоман;23409;00
2616;020;▒. Кало▓ина;35479;00
2616;023;▒. К░│╕а;40070;00
2616;025;▒. Ле▓ни╢а;43484;00
2616;026;▒. Липин╢и;43757;00
2616;027;▒. Мало Малово;46766;00
2616;030;▒. Не▒ла;51514;00
2616;032;▒. П░ек░║▒▓е;58133;00
2616;033;▒. Ра┐нов╢и;62342;00
2616;034;▒. Табан;72014;00
2616;035;▒. Ца╢а░ов╢и;78255;00
2616;036;▒. Ц░║клев╢и;78553;00
2616;038;▒. Чо░│л;81579;00
2616;039;▒. Ч│ковезе░;81699;00
2616;041;▒. Ялбо▓ина;87343;00
2617;001;▒. Богданли┐;04604;00
2617;002;▒. Габ░а;14074;00
2617;003;▒. Голема Ракови╢а;15432;00
2617;004;▒. Г░иго░ево;17885;00
2617;005;▒. Доганово;21779;00
2617;006;▒. Еле╕ни╢а;34120;00
2617;007;га░а Елин Пелин;18490;00
2617;009;г░. Елин Пелин;27303;00
2617;010;▒. Ка░апол╢и;36422;00
2617;011;▒. К░│╕ови╢а;40227;00
2617;012;▒. Ле▒ново;43445;00
2617;013;▒. М│▒а╖ево;49388;00
2617;014;▒. Нови ╡ан;52012;00
2617;015;▒. Огн┐ново;53343;00
2617;016;▒. Пе▓ково;56006;00
2617;017;▒. По▓оп;57921;00
2617;018;▒. Равно поле;61248;00
2617;019;▒. С▓олник;69448;00
2617;020;▒. Ч│░ек;81760;00
2618;001;▒. Бойкове╢;05147;00
2618;002;▒. Б░│▒ен;06608;00
2618;004;г░. Е▓░ополе;27632;00
2618;005;▒. Лоп┐н;44313;00
2618;006;▒. Л║га;44389;00
2618;007;▒. Малки И▒к║░;49641;00
2618;008;▒. О▒елна;54050;00
2618;009;▒. Риба░и╢а;62582;00
2618;010;▒. Ямна;87391;00
2620;005;▒. Бели╢а-С░еди╣на;68374;00
2620;006;▒. Бое░и╢а;04892;00
2620;007;▒. Бо░ика;05390;00
2620;009;м. Б│з┐ков╢и;06851;00
2620;010;▒. Вака░ел;10029;00
2620;011;▒. Венкове╢;10656;00
2620;014;▒. Ве░ин▒ко;10690;00
2620;015;▒. Живково;29338;00
2620;016;г░. И╡▓иман;32901;00
2620;019;▒. Ко▒▓адинкино;41191;00
2620;020;▒. Ми░ово;48369;00
2620;022;▒. М│╡ово;49450;00
2620;023;▒. Па│ново;55600;00
2620;029;▒. Пол┐н╢и;57443;00
2620;030;▒. С▓амболово;04830;00
2620;058;▒. Бели╢а-С│ев╢и;70192;00
2620;059;▒. Че░н╝ово;81253;00
2624;001;г░. Коп░ив╣и╢а;38558;00
2625;002;▒. Го░на Ва▒или╢а;18561;00
2625;004;г░. Ко▒▓ене╢;38902;00
2625;005;▒. Ко▒▓ене╢;38916;00
2625;006;▒. О╖│╕а;54554;00
2625;007;▒. Подго░ие;56993;00
2625;008;▒. П╖елин;58863;00
2626;001;▒. Безден;03191;00
2626;002;▒. Бог╝ов╢и;04813;00
2626;003;▒. Б│╖ин п░о╡од;07171;00
2626;004;▒. Гол┐нов╢и;15984;00
2626;005;▒. Г░аде╢;17449;00
2626;006;▒. Д░агови╣и╢а;23296;00
2626;007;▒. Д░еново;23707;00
2626;008;▒. Д░║м╕а;23844;00
2626;009;г░. Ко▒▓инб░од;38978;00
2626;010;▒. Опи╢ве▓;53607;00
2626;011;▒. Пе▓║░╖;56215;00
2626;012;▒. Поно░;57529;00
2626;013;▒. Ца░и╖ина;78197;00
2626;014;▒. Чибаов╢и;81356;00
2634;001;▒. Вид░а░е;11020;00
2634;002;▒. Дж│░ово;20897;00
2634;003;▒. Кал│ге░ово;35585;00
2634;004;▒. Мана▒ел▒ка ░ека;46961;00
2634;005;▒. О▒икови╢а;54170;00
2634;006;▒. О▒иков▒ка Л║кави╢а;54211;00
2634;007;г░. П░аве╢;58030;00
2634;008;▒. П░аве╕ка Л║кави╢а;58044;00
2634;009;▒. Равни╣е;61189;00
2634;010;▒. Разлив;61807;00
2634;011;▒. Своде;65872;00
2639;001;▒. Алино;00391;00
2639;002;▒. Бели И▒к║░;03441;00
2639;003;▒. Бел╖ин;03767;00
2639;005;к.▒. Бо░ове╢;;00
2639;006;▒. Говеда░╢и;15285;00
2639;007;▒. Го░ни Окол;16599;00
2639;009;▒. Г│╢ал;18201;00
2639;010;▒. Долни Окол;22469;00
2639;011;▒. До▒пей;23039;00
2639;012;▒. Д░аг│╕иново;23491;00
2639;013;▒. Злок│╖ене;31228;00
2639;014;▒. Кли▒│░а;37294;00
2639;016;▒. Кова╖ев╢и;37527;00
2639;017;▒. Маджа░е;46067;00
2639;018;▒. Мала ╢║░ква;46276;00
2639;019;▒. Ма░и╢а;47264;00
2639;020;▒. Ново ▒ело;52249;00
2639;021;▒. Попов┐не;57697;00
2639;022;▒. П░оданов╢и;58548;00
2639;023;▒. Рад│ил;61604;00
2639;025;▒. Райово;61922;00
2639;026;▒. Рел╝ово;62486;00
2639;027;г░. Самоков;65231;00
2639;029;▒. Шипо╖ане;83243;00
2639;030;▒. Ши░оки дол;83291;00
2639;031;▒. Я░лово;87552;00
2643;001;▒. Бак╝ово;02289;00
2643;002;▒. Ба▓│ли┐;02899;00
2643;003;▒. Бов;04546;00
2643;004;га░а Бов;14461;00
2643;005;▒. Б░езе;06272;00
2643;006;▒. Б░езовдол;06327;00
2643;007;▒. Б│кове╢;06985;00
2643;008;▒. Владо Т░и╖ков;11510;00
2643;009;▒. Габ░овни╢а;14194;00
2643;010;▒. Г│би▒лав;18040;00
2643;013;▒. Доб║░╖ин;21751;00
2643;014;▒. Д░│жево;23798;00
2643;015;▒. Еленов дол;27228;00
2643;016;га░а Лака▓ник;14475;00
2643;018;▒. Желен;29163;00
2643;019;▒. Завидов╢и;30082;00
2643;021;▒. Заноге;30329;00
2643;022;▒. За▒еле;30350;00
2643;023;▒. Зимеви╢а;30847;00
2643;024;▒. И▒к░е╢;32843;00
2643;026;▒. Лака▓ник;43092;00
2643;027;▒. Ле▒ковдол;43390;00
2643;028;▒. Л│ково;44330;00
2643;029;▒. Миланово;48129;00
2643;030;▒. Ого┐;53374;00
2643;031;▒. Опле▓н┐;53610;00
2643;032;▒. О▒еновлаг;54122;00
2643;033;▒. Реб░ово;62387;00
2643;034;▒. Редина;62414;00
2643;035;▒. Свидн┐;65663;00
2643;036;г░. Своге;65869;00
2643;037;▒. Томп▒║н;72655;00
2643;038;▒. Це░е╢ел;78402;00
2643;039;▒. Це░ово;78481;00
2643;040;▒. Яблани╢а;87028;00
2645;001;▒. Алдоми░ов╢и;00223;00
2645;003;м. Ба╡алин;02926;00
2645;004;▒. Б░а▓│╕ково;06175;00
2645;005;▒. Б║░ложни╢а;07541;00
2645;006;▒. Г│░г│л┐▓;18133;00
2645;007;▒. Г║л║бов╢и;18294;00
2645;008;▒. Д░аго▓ин╢и;23474;00
2645;011;▒. Изво░;32411;00
2645;012;м. Пи╣ане;56558;00
2645;013;▒. Повали░║ж;56914;00
2645;014;▒. Рад│лов╢и;61621;00
2645;015;▒. Раки▓а;61964;00
2645;016;г░. Сливни╢а;67372;00
2647;001;▒. Ка░лиево;36484;00
2647;002;г░. Зла▓и╢а;31044;00
2647;003;▒. Ц║░кви╣е;78669;00
2647;004;▒. Пе▓░и╖;56137;00
2647;005;м. Бод┐▓;;00
2654;001;▒. Ан▓он;00504;00
2655;001;▒. Д│╕ан╢и;24164;00
2655;002;г░. Пи░доп;56407;00
2656;001;▒. Бенков▒ки;03842;00
2656;002;▒. Б│ново;07051;00
2656;003;▒. Камени╢а;35821;00
2656;004;▒. Ми░ково;48324;00
2656;005;▒. Смол▒ко;67636;00
2657;001;▒. Чавда░;80011;00
2658;001;▒. Челопе╖;80323;00
2659;001;г░. Долна бан┐;22006;00
[END]

[SEC]
26;0600;001;6;001
26;0600;002;6;001
26;0600;003;6;001
26;0600;004;6;001
26;0600;005;6;001
26;0600;006;6;009
26;0600;007;6;011
26;0600;008;6;012
26;0600;009;6;002
26;0600;010;6;008
26;0600;011;6;010
26;0600;012;6;006
26;0700;001;6;002
26;0700;002;6;002
26;0700;003;6;002
26;0700;004;6;002
26;0700;005;6;002
26;0700;006;6;002
26;0700;007;6;002
26;0700;008;6;002
26;0700;009;6;002
26;0700;010;6;002
26;0700;011;6;002
26;0700;012;6;002
26;0700;013;6;002
26;0700;014;6;002
26;0700;015;6;002
26;0700;016;6;002
26;0700;017;6;002
26;0700;018;6;002
26;0700;019;6;002
26;0700;020;6;002
26;0700;021;6;002
26;0700;022;6;002
26;0700;023;6;002
26;0700;024;6;011
26;0700;025;6;013
26;0700;026;6;013
26;0700;027;6;013
26;0700;028;6;013
26;0700;029;6;012
26;0700;030;6;012
26;0700;031;6;009
26;0700;032;6;009
26;0700;033;6;001
26;0700;034;6;007
26;0700;035;6;005
26;0700;036;6;008
26;0700;037;6;008
26;0700;038;6;004
26;0700;039;6;006
26;0700;040;6;010
26;0700;041;6;003
26;0700;042;6;003
26;0700;043;6;003
26;0700;044;6;003
26;0900;001;6;008
26;0900;002;6;008
26;0900;003;6;008
26;0900;004;6;008
26;0900;005;6;008
26;0900;006;6;008
26;0900;007;6;008
26;0900;008;6;008
26;0900;009;6;008
26;0900;010;6;007
26;0900;011;6;001
26;0900;012;6;012
26;0900;013;6;018
26;0900;014;6;004
26;0900;015;6;005
26;0900;016;6;019
26;0900;017;6;009
26;0900;018;6;016
26;0900;019;6;020
26;0900;020;6;015
26;0900;021;6;010
26;0900;022;6;014
26;0900;023;6;011
26;0900;024;6;006
26;0900;025;6;013
26;0900;026;6;021
26;1000;001;6;005
26;1000;002;6;005
26;1000;003;6;003
26;1000;004;6;002
26;1000;005;6;007
26;1000;006;6;001
26;1000;007;6;004
26;1000;008;6;010
26;1000;009;6;011
26;1000;010;6;012
26;1000;011;6;014
26;1000;012;6;009
26;1000;013;6;008
26;1000;014;6;013
26;1000;015;6;006
26;1600;001;6;019
26;1600;002;6;019
26;1600;003;6;019
26;1600;004;6;019
26;1600;005;6;019
26;1600;006;6;039
26;1600;007;6;018
26;1600;008;6;032
26;1600;009;6;025
26;1600;010;6;007
26;1600;011;6;033
26;1600;012;6;027
26;1600;013;6;003
26;1600;014;6;036
26;1600;015;6;020
26;1600;016;6;020
26;1600;017;6;002
26;1600;018;6;026
26;1600;019;6;038
26;1600;020;6;006
26;1600;021;6;004
26;1600;022;6;030
26;1600;023;6;005
26;1600;024;6;023
26;1600;025;6;012
26;1600;026;6;034
26;1600;027;6;035
26;1600;028;6;041
26;1700;001;6;009
26;1700;003;6;009
26;1700;004;6;009
26;1700;005;6;009
26;1700;006;6;009
26;1700;007;6;009
26;1700;008;6;009
26;1700;010;6;007
26;1700;011;6;007
26;1700;012;6;007
26;1700;013;6;007
26;1700;014;6;014
26;1700;015;6;014
26;1700;016;6;002
26;1700;017;6;002
26;1700;018;6;011
26;1700;019;6;018
26;1700;020;6;018
26;1700;021;6;013
26;1700;022;6;004
26;1700;023;6;019
26;1700;024;6;006
26;1700;025;6;017
26;1700;026;6;020
26;1700;027;6;016
26;1700;028;6;012
26;1700;029;6;012
26;1700;030;6;005
26;1700;031;6;015
26;1700;032;6;010
26;1700;033;6;001
26;1700;034;6;003
26;1800;001;6;004
26;1800;002;6;004
26;1800;003;6;004
26;1800;004;6;004
26;1800;005;6;004
26;1800;006;6;004
26;1800;007;6;004
26;1800;008;6;004
26;1800;009;6;004
26;1800;010;6;004
26;1800;011;6;004
26;1800;012;6;004
26;1800;013;6;004
26;1800;014;6;004
26;1800;015;6;004
26;1800;017;6;001
26;1800;018;6;002
26;1800;019;6;005
26;1800;020;6;006
26;1800;021;6;007
26;1800;022;6;008
26;1800;023;6;009
26;1800;024;6;010
26;1800;025;6;010
26;2000;001;6;016
26;2000;002;6;016
26;2000;003;6;016
26;2000;004;6;016
26;2000;005;6;016
26;2000;006;6;016
26;2000;007;6;016
26;2000;008;6;016
26;2000;009;6;016
26;2000;010;6;016
26;2000;011;6;016
26;2000;012;6;016
26;2000;013;6;020
26;2000;014;6;030
26;2000;015;6;059
26;2000;016;6;029
26;2000;017;6;011
26;2000;018;6;006
26;2000;019;6;015
26;2000;020;6;014
26;2000;021;6;007
26;2000;022;6;023
26;2000;023;6;019
26;2000;024;6;010
26;2000;025;6;010
26;2000;026;6;010
26;2000;027;6;009
26;2000;028;6;058
26;2000;029;6;005
26;2000;030;6;022
26;2400;001;6;001
26;2400;002;6;001
26;2400;003;6;001
26;2500;001;6;004
26;2500;002;6;004
26;2500;003;6;004
26;2500;004;6;004
26;2500;005;6;004
26;2500;006;6;004
26;2500;007;6;004
26;2500;008;6;004
26;2500;009;6;004
26;2500;010;6;004
26;2500;011;6;004
26;2500;012;6;004
26;2500;013;6;004
26;2500;014;6;004
26;2500;015;6;005
26;2500;016;6;005
26;2500;017;6;005
26;2500;018;6;005
26;2500;019;6;005
26;2500;020;6;002
26;2500;021;6;008
26;2500;022;6;006
26;2500;023;6;006
26;2500;024;6;007
26;2600;001;6;009
26;2600;002;6;009
26;2600;003;6;009
26;2600;004;6;009
26;2600;005;6;009
26;2600;006;6;009
26;2600;007;6;009
26;2600;008;6;009
26;2600;009;6;009
26;2600;010;6;009
26;2600;011;6;009
26;2600;012;6;009
26;2600;013;6;006
26;2600;014;6;004
26;2600;015;6;008
26;2600;016;6;007
26;2600;017;6;005
26;2600;018;6;014
26;2600;019;6;013
26;2600;020;6;011
26;2600;021;6;011
26;2600;022;6;010
26;2600;023;6;001
26;2600;024;6;002
26;2600;025;6;003
26;2600;026;6;012
26;3400;001;6;007
26;3400;002;6;007
26;3400;003;6;007
26;3400;004;6;007
26;3400;005;6;007
26;3400;006;6;010
26;3400;007;6;006
26;3400;008;6;008
26;3400;009;6;003
26;3400;010;6;011
26;3400;011;6;002
26;3400;012;6;004
26;3400;013;6;005
26;3400;014;6;001
26;3400;015;6;009
26;3900;001;6;027
26;3900;002;6;027
26;3900;003;6;027
26;3900;004;6;027
26;3900;005;6;027
26;3900;006;6;027
26;3900;007;6;027
26;3900;008;6;027
26;3900;009;6;027
26;3900;010;6;027
26;3900;011;6;027
26;3900;012;6;027
26;3900;013;6;027
26;3900;014;6;027
26;3900;015;6;027
26;3900;016;6;027
26;3900;017;6;027
26;3900;018;6;027
26;3900;019;6;027
26;3900;020;6;027
26;3900;021;6;027
26;3900;022;6;005
26;3900;023;6;027
26;3900;024;6;027
26;3900;025;6;027
26;3900;026;6;027
26;3900;027;6;027
26;3900;028;6;027
26;3900;029;6;027
26;3900;030;6;027
26;3900;031;6;027
26;3900;032;6;027
26;3900;033;6;027
26;3900;034;6;027
26;3900;035;6;027
26;3900;036;6;012
26;3900;037;6;029
26;3900;038;6;020
26;3900;039;6;013
26;3900;040;6;007
26;3900;041;6;010
26;3900;042;6;030
26;3900;043;6;030
26;3900;044;6;031
26;3900;045;6;016
26;3900;046;6;021
26;3900;047;6;001
26;3900;048;6;003
26;3900;049;6;014
26;3900;050;6;026
26;3900;051;6;025
26;3900;052;6;025
26;3900;053;6;022
26;3900;054;6;011
26;3900;055;6;006
26;3900;056;6;006
26;3900;057;6;017
26;3900;058;6;018
26;3900;059;6;002
26;3900;060;6;023
26;3900;061;6;023
26;3900;062;6;019
26;3900;063;6;009
26;3900;064;6;027
26;3900;065;6;027
26;4300;001;6;036
26;4300;002;6;036
26;4300;003;6;036
26;4300;004;6;036
26;4300;005;6;036
26;4300;006;6;036
26;4300;007;6;036
26;4300;008;6;036
26;4300;009;6;036
26;4300;010;6;036
26;4300;011;6;036
26;4300;013;6;002
26;4300;014;6;003
26;4300;016;6;005
26;4300;017;6;006
26;4300;018;6;007
26;4300;019;6;008
26;4300;020;6;008
26;4300;021;6;009
26;4300;022;6;004
26;4300;023;6;004
26;4300;024;6;016
26;4300;025;6;016
26;4300;026;6;010
26;4300;028;6;013
26;4300;029;6;014
26;4300;030;6;015
26;4300;031;6;018
26;4300;032;6;019
26;4300;033;6;021
26;4300;034;6;022
26;4300;035;6;023
26;4300;036;6;024
26;4300;037;6;024
26;4300;038;6;024
26;4300;039;6;024
26;4300;040;6;026
26;4300;041;6;027
26;4300;042;6;028
26;4300;043;6;029
26;4300;044;6;030
26;4300;045;6;001
26;4300;046;6;031
26;4300;047;6;032
26;4300;048;6;033
26;4300;049;6;033
26;4300;050;6;034
26;4300;051;6;035
26;4300;052;6;035
26;4300;053;6;037
26;4300;054;6;037
26;4300;055;6;038
26;4300;056;6;039
26;4300;057;6;039
26;4300;058;6;039
26;4300;059;6;040
26;4500;001;6;015
26;4500;002;6;006
26;4500;003;6;007
26;4500;004;6;016
26;4500;005;6;016
26;4500;006;6;016
26;4500;007;6;016
26;4500;009;6;016
26;4500;010;6;016
26;4500;011;6;016
26;4500;012;6;016
26;4500;013;6;016
26;4500;014;6;001
26;4500;015;6;001
26;4500;016;6;004
26;4500;017;6;014
26;4500;018;6;005
26;4500;019;6;011+003
26;4500;020;6;008+012+013
26;4700;001;6;002
26;4700;002;6;002
26;4700;003;6;002
26;4700;004;6;002
26;4700;005;6;002
26;4700;006;6;002
26;4700;007;6;002
26;4700;008;6;003
26;4700;009;6;001
26;4700;010;6;004
26;4700;011;6;004+005
26;5400;001;6;001
26;5400;002;6;001
26;5500;001;6;002
26;5500;002;6;002
26;5500;003;6;002
26;5500;004;6;002
26;5500;005;6;002
26;5500;006;6;002
26;5500;007;6;002
26;5500;008;6;002
26;5500;009;6;002
26;5500;010;6;002
26;5500;011;6;002
26;5500;012;6;001
26;5500;013;6;002
26;5600;001;6;004
26;5600;002;6;004
26;5600;003;6;005
26;5600;004;6;002
26;5600;005;6;003
26;5600;006;6;001
26;5700;001;6;001
26;5700;002;6;001
26;5800;001;6;001
26;5800;002;6;001
26;5900;001;6;001
26;5900;002;6;001
26;5900;003;6;001
26;5900;004;6;001
26;5900;005;6;001
[END]

[MAJ]
26;6;   ;01;;;Пе▓║░ Ки░илов Бе░он и С▓о┐н В║л╖ев Анд░еев;, ;ПКБ+СВА;1105;0;1
26;6;   ;02;;;Пе▓║░ С▓е┤анов С▓о┐нов и Нели Пе▓░ова К│╢кова;, ;ПСС+НПК;29223;2;2
26;6;   ;03;;;Богомил Ангелов Бонев и А▓ана▒ Иванов Желез╖ев;, ;БАБ+АИЖ;20250;0;3
26;6;   ;04;;;Жо░ж Ган╖ев Ган╖ев и Ве▒елин С▓о┐нов Бон╖ев;, ;ЖГГ+ВСБ;3447;0;4
26;6;   ;05;;;Гео░ги Седе┤╖ов П║░ванов и Ангел Иванов Ма░ин;, ;ГСП+АИМ;36475;2;5
26;6;   ;06;;;Рене▓а Иванова Инджова и К░║▒▓╛ Николов Илов;, ;РИИ+КНИ;2180;0;6
[END]

[PROP]
[END]

[LISTI]
[END]

[PROT]
6;26;0600;001;844+1+341+341+0+0+0+9+341;1+150+63+9+108+10
6;26;0600;002;888+1+308+308+0+1+1+12+307;5+154+36+9+101+2
6;26;0600;003;867+0+351+351+2+1+3+6+348;6+131+50+5+146+10
6;26;0600;004;962+1+375+375+1+1+2+23+373;4+127+67+11+155+9
6;26;0600;005;851+0+315+315+1+1+2+9+313;4+110+58+14+121+6
6;26;0600;006;479+4+230+230+0+0+0+0+230;2+118+35+7+67+1
6;26;0600;007;417+5+157+157+1+0+1+7+156;3+49+21+5+74+4
6;26;0600;008;502+2+274+274+2+1+3+12+271;4+95+37+6+123+6
6;26;0600;009;235+5+107+107+0+0+0+4+107;1+44+21+4+35+2
6;26;0600;010;217+1+108+108+1+0+1+0+107;2+47+14+2+40+2
6;26;0600;011;47+2+19+19+0+0+0+0+19;0+3+2+2+12+0
6;26;0600;012;123+1+59+59+0+1+1+0+58;0+22+1+1+33+1
6;26;0700;001;646+1+285+285+1+0+1+6+284;2+112+63+2+93+12
6;26;0700;002;772+0+297+297+0+0+0+6+297;1+99+95+6+87+9
6;26;0700;003;983+0+417+417+0+0+0+11+417;3+122+146+8+129+9
6;26;0700;004;944+1+357+357+0+0+0+0+357;0+119+109+12+110+7
6;26;0700;005;250+2+252+252+0+0+0+11+252;1+78+63+5+99+6
6;26;0700;006;899+1+414+414+1+1+2+10+412;2+155+90+13+140+12
6;26;0700;007;972+3+388+388+0+2+2+19+386;0+131+90+11+140+14
6;26;0700;008;918+1+308+308+1+0+1+0+307;2+99+82+10+107+7
6;26;0700;009;807+0+330+330+0+1+1+12+329;4+136+87+8+87+7
6;26;0700;010;735+2+319+319+0+0+0+7+319;1+132+78+8+97+3
6;26;0700;011;976+3+380+381+1+0+1+23+380;3+129+117+13+111+7
6;26;0700;012;992+3+325+325+1+0+1+8+324;5+109+78+13+104+15
6;26;0700;013;933+0+372+372+0+1+1+10+371;1+110+99+11+145+5
6;26;0700;014;660+1+227+227+0+0+0+6+227;0+74+67+11+68+7
6;26;0700;015;1000+2+203+203+1+1+2+0+201;13+60+51+14+53+10
6;26;0700;016;945+4+242+242+0+0+0+7+242;1+92+64+12+72+1
6;26;0700;017;1012+0+419+419+1+2+3+11+416;1+152+141+19+90+13
6;26;0700;018;973+3+370+370+0+1+1+0+369;2+149+89+10+109+10
6;26;0700;019;817+1+245+245+0+0+0+2+245;3+77+70+12+77+6
6;26;0700;020;512+1+172+172+0+0+0+7+172;0+52+48+3+63+6
6;26;0700;021;903+0+354+354+1+0+1+10+353;1+122+101+23+86+20
6;26;0700;022;590+1+197+197+0+0+0+0+197;0+51+75+11+55+5
6;26;0700;023;22+1+8+8+0+0+0+0+8;0+2+1+2+3+0
6;26;0700;024;212+5+140+140+0+1+1+7+139;1+32+11+2+91+2
6;26;0700;025;783+2+341+341+1+0+1+12+340;3+73+103+17+141+3
6;26;0700;026;750+0+335+335+0+3+3+11+332;3+79+101+11+130+8
6;26;0700;027;511+2+273+273+0+1+1+0+272;1+84+69+3+110+5
6;26;0700;028;727+0+235+235+1+0+1+4+234;3+79+62+9+79+2
6;26;0700;029;758+2+272+272+1+2+3+5+269;2+100+57+6+98+6
6;26;0700;030;762+5+373+373+0+0+0+21+373;3+141+64+12+147+6
6;26;0700;031;602+5+306+306+1+1+2+0+304;5+74+62+18+134+11
6;26;0700;032;447+2+206+206+1+0+1+3+205;3+62+40+10+84+6
6;26;0700;033;183+35+133+133+0+0+0+0+133;3+46+20+4+59+1
6;26;0700;034;209+15+116+116+0+1+1+5+115;1+25+20+2+66+1
6;26;0700;035;85+4+45+45+0+0+0+0+45;0+11+3+2+28+1
6;26;0700;036;791+2+385+385+0+2+2+9+383;1+110+56+12+200+4
6;26;0700;037;654+5+326+326+0+7+7+4+319;7+93+32+6+174+7
6;26;0700;038;266+9+167+167+3+0+3+8+164;2+61+21+7+68+5
6;26;0700;039;124+2+71+71+0+0+0+2+71;0+23+3+2+41+2
6;26;0700;040;187+8+117+117+1+0+1+0+116;1+36+10+1+67+1
6;26;0700;041;671+3+232+232+0+0+0+0+232;0+89+63+9+68+3
6;26;0700;042;848+1+332+332+1+6+7+0+325;1+103+85+20+116+0
6;26;0700;043;919+1+296+296+0+2+2+0+294;1+117+84+14+74+4
6;26;0700;044;547+1+193+193+4+0+4+0+189;6+59+67+8+46+3
6;26;0900;001;674+5+325+325+0+0+0+25+325;2+84+92+10+132+5
6;26;0900;002;683+1+292+292+0+0+0+0+292;3+72+94+12+102+9
6;26;0900;003;742+4+333+333+1+1+2+16+331;2+75+95+9+141+9
6;26;0900;004;616+1+305+305+4+1+5+7+300;6+52+94+13+127+8
6;26;0900;005;71+5+57+57+0+0+0+4+57;1+12+12+7+24+1
6;26;0900;006;110+5+75+75+1+0+1+0+74;2+10+12+5+45+0
6;26;0900;007;545+3+241+241+2+0+2+0+239;3+38+112+10+73+3
6;26;0900;008;32+5+26+26+0+0+0+0+26;2+7+8+2+6+1
6;26;0900;009;605+6+285+285+0+0+0+15+285;1+91+76+10+94+13
6;26;0900;010;299+3+190+190+0+0+0+4+190;2+33+35+3+113+4
6;26;0900;011;103+5+85+85+0+0+0+0+85;1+22+8+2+50+2
6;26;0900;012;107+5+64+64+2+0+2+2+62;4+17+17+1+23+0
6;26;0900;013;43+4+25+25+0+0+0+0+25;1+3+9+1+11+0
6;26;0900;014;42+2+30+30+0+0+0+0+30;1+4+6+1+17+1
6;26;0900;015;37+4+24+24+0+0+0+0+24;1+4+2+0+17+0
6;26;0900;016;35+3+35+35+0+0+0+4+35;3+10+10+0+12+0
6;26;0900;017;103+4+68+68+2+0+2+0+66;2+25+13+1+25+0
6;26;0900;018;44+5+35+35+0+0+0+2+35;1+16+3+1+10+4
6;26;0900;019;77+7+52+52+0+0+0+0+52;0+13+11+1+27+0
6;26;0900;020;27+3+18+18+0+0+0+0+18;0+2+3+1+12+0
6;26;0900;021;61+5+51+51+0+0+0+0+51;1+9+14+3+23+1
6;26;0900;022;48+4+42+42+0+0+0+1+42;1+17+9+0+14+1
6;26;0900;023;42+3+29+29+0+0+0+0+29;1+13+4+0+11+0
6;26;0900;024;31+3+25+25+0+1+1+0+24;0+7+2+1+14+0
6;26;0900;025;25+2+21+21+0+0+0+0+21;1+4+4+2+10+0
6;26;0900;026;186+5+108+108+0+0+0+0+108;0+15+19+2+71+1
6;26;1000;001;626+1+270+270+0+1+1+18+269;5+101+66+16+77+4
6;26;1000;002;835+1+336+336+1+1+2+8+334;5+141+76+27+78+7
6;26;1000;003;449+1+215+215+1+1+2+0+213;4+64+40+6+95+4
6;26;1000;004;282+1+118+118+0+0+0+6+118;2+39+13+4+56+4
6;26;1000;005;322+2+131+131+0+2+2+9+129;3+50+13+3+57+3
6;26;1000;006;831+1+364+364+0+1+1+19+363;5+124+56+14+161+3
6;26;1000;007;173+2+99+99+0+0+0+0+99;0+43+21+0+35+0
6;26;1000;008;152+4+95+95+1+0+1+3+94;1+40+14+3+35+1
6;26;1000;009;265+11+134+134+1+0+1+5+133;0+47+36+4+45+1
6;26;1000;010;203+3+129+129+1+0+1+2+128;5+37+24+8+54+0
6;26;1000;011;349+1+191+191+0+1+1+11+190;3+71+29+6+80+1
6;26;1000;012;200+1+93+93+0+0+0+1+93;0+39+19+1+33+1
6;26;1000;013;550+1+248+248+0+0+0+3+248;1+83+53+17+88+6
6;26;1000;014;338+1+175+175+0+0+0+0+175;1+67+24+7+72+4
6;26;1000;015;193+0+113+113+0+0+0+0+113;1+43+7+3+58+1
6;26;1600;001;528+7+237+237+1+0+1+9+236;3+58+74+8+85+8
6;26;1600;002;726+6+315+315+0+1+1+0+314;6+76+80+9+137+6
6;26;1600;003;442+7+204+204+1+0+1+9+203;1+59+64+9+68+2
6;26;1600;004;862+7+323+323+0+0+0+0+323;1+78+89+8+141+6
6;26;1600;005;393+4+202+202+1+1+2+3+200;3+45+55+6+89+2
6;26;1600;006;47+5+25+25+0+0+0+0+25;1+4+5+1+14+0
6;26;1600;007;67+11+39+39+0+0+0+1+39;0+13+4+2+19+1
6;26;1600;008;54+6+44+44+0+0+0+0+44;3+13+6+3+18+1
6;26;1600;009;26+8+15+15+0+0+0+0+15;0+8+3+0+3+1
6;26;1600;010;193+3+117+117+0+0+0+1+117;4+39+19+4+48+3
6;26;1600;011;64+1+48+48+1+0+1+3+47;0+20+4+4+19+0
6;26;1600;012;61+8+44+44+1+0+1+0+43;0+17+14+1+9+2
6;26;1600;013;109+3+62+62+1+0+1+1+61;1+15+16+1+25+3
6;26;1600;014;89+4+68+68+0+0+0+2+68;0+17+7+1+42+1
6;26;1600;015;154+7+90+90+0+0+0+0+90;1+23+12+3+45+6
6;26;1600;016;134+5+77+77+0+0+0+6+77;2+17+10+7+40+1
6;26;1600;017;56+7+26+26+0+0+0+0+26;0+10+6+0+9+1
6;26;1600;018;35+6+15+15+0+0+0+0+15;0+5+4+0+6+0
6;26;1600;019;48+5+39+39+0+0+0+0+39;0+6+6+4+22+1
6;26;1600;020;512+6+282+282+1+1+2+0+280;3+81+69+14+108+5
6;26;1600;021;34+7+41+41+0+0+0+2+41;4+19+13+0+5+0
6;26;1600;022;138+3+73+73+0+0+0+0+73;0+27+7+6+32+1
6;26;1600;023;78+5+46+46+0+0+0+0+46;0+12+4+3+25+2
6;26;1600;024;70+6+53+53+0+0+0+0+53;1+17+9+1+24+1
6;26;1600;025;41+19+46+46+0+0+0+0+46;1+6+4+0+35+0
6;26;1600;026;33+11+29+29+0+0+0+0+29;2+8+4+0+14+1
6;26;1600;027;178+3+98+98+0+2+2+5+96;1+23+17+7+43+5
6;26;1600;028;95+4+73+73+1+0+1+3+72;1+28+9+1+32+1
6;26;1700;001;715+0+239+239+1+0+1+6+238;1+68+72+5+86+6
6;26;1700;003;614+2+243+243+0+0+0+0+243;4+100+60+2+66+11
6;26;1700;004;790+1+278+278+0+0+0+9+278;3+91+64+3+110+7
6;26;1700;005;991+0+349+349+0+1+1+18+348;0+104+110+16+113+5
6;26;1700;006;1083+0+362+362+1+0+1+13+361;5+133+91+10+112+10
6;26;1700;007;907+0+276+276+0+0+0+12+276;1+94+67+7+100+7
6;26;1700;008;713+0+243+243+0+0+0+0+243;1+90+55+9+73+15
6;26;1700;010;928+2+374+374+1+2+3+8+371;7+121+75+10+146+12
6;26;1700;011;848+0+333+333+0+0+0+15+333;6+118+60+13+125+11
6;26;1700;012;808+0+222+222+0+0+0+8+222;0+77+43+12+80+10
6;26;1700;013;603+0+226+226+1+0+1+0+225;6+77+49+10+77+6
6;26;1700;014;1002+3+360+360+2+0+2+5+358;1+155+72+11+108+11
6;26;1700;015;907+0+325+325+2+0+2+2+323;1+147+81+10+80+4
6;26;1700;016;624+2+282+282+0+0+0+5+282;4+79+34+11+146+8
6;26;1700;017;470+2+231+231+0+1+1+12+230;4+89+34+7+93+3
6;26;1700;018;39+17+22+22+0+0+0+0+22;0+4+7+2+8+1
6;26;1700;019;550+1+200+200+0+0+0+5+200;5+68+32+5+88+2
6;26;1700;020;652+4+167+167+0+0+0+3+167;0+73+17+5+69+3
6;26;1700;021;1080+5+363+363+0+1+1+8+362;4+155+78+21+96+8
6;26;1700;022;382+3+207+207+2+0+2+4+205;1+38+72+1+83+10
6;26;1700;023;630+4+297+297+0+0+0+15+297;2+94+68+8+119+6
6;26;1700;024;395+3+183+183+0+0+0+8+183;5+44+63+3+66+2
6;26;1700;025;43+0+24+24+0+0+0+2+24;0+3+4+2+14+1
6;26;1700;026;312+3+177+177+0+3+3+0+174;4+34+18+7+107+4
6;26;1700;027;667+4+278+278+1+1+2+4+276;3+98+50+9+114+2
6;26;1700;028;780+2+328+328+0+1+1+15+327;3+74+55+16+168+11
6;26;1700;029;641+0+243+243+0+0+0+8+243;2+69+57+10+98+7
6;26;1700;030;567+0+254+254+0+0+0+4+254;5+92+50+8+94+5
6;26;1700;031;161+8+117+117+1+0+1+4+116;2+46+11+3+50+4
6;26;1700;032;101+0+55+55+0+0+0+0+55;2+9+16+2+24+2
6;26;1700;033;50+2+33+33+0+0+0+1+33;0+13+3+0+17+0
6;26;1700;034;427+1+184+184+0+0+0+6+184;5+78+26+7+64+4
6;26;1800;001;258+0+132+132+2+0+2+1+130;1+28+20+6+73+2
6;26;1800;002;562+0+202+202+1+0+1+4+201;4+75+36+9+68+9
6;26;1800;003;681+0+236+236+0+0+0+0+236;1+80+67+18+57+13
6;26;1800;004;706+2+257+257+1+2+3+4+254;1+80+48+12+106+7
6;26;1800;005;635+0+237+237+0+0+0+8+237;4+70+48+3+106+6
6;26;1800;006;738+0+264+264+1+0+1+13+263;4+69+39+8+137+6
6;26;1800;007;606+0+201+201+0+1+1+5+200;0+43+49+4+102+2
6;26;1800;008;759+4+384+384+2+0+2+11+382;3+115+71+13+171+9
6;26;1800;009;673+0+266+266+0+0+0+4+266;4+65+59+6+126+6
6;26;1800;010;501+0+229+229+0+0+0+7+229;2+80+48+3+91+5
6;26;1800;011;726+0+310+310+2+1+3+11+307;1+91+52+6+151+6
6;26;1800;012;667+0+221+221+0+0+0+8+221;1+67+44+5+102+2
6;26;1800;013;685+0+198+198+1+0+1+1+197;6+59+37+8+79+8
6;26;1800;014;790+1+235+235+1+1+2+5+233;5+70+42+7+105+4
6;26;1800;015;482+1+168+168+0+0+0+8+168;4+53+32+5+70+4
6;26;1800;017;149+6+88+88+0+0+0+3+88;0+15+5+1+66+1
6;26;1800;018;247+4+180+180+0+1+1+14+179;2+15+24+5+129+4
6;26;1800;019;537+0+336+336+0+3+3+12+333;6+86+25+10+200+6
6;26;1800;020;207+6+119+119+1+1+2+14+117;1+37+13+9+56+1
6;26;1800;021;278+2+180+180+0+4+4+6+176;0+37+25+7+100+7
6;26;1800;022;45+3+29+29+0+0+0+0+29;0+5+3+1+19+1
6;26;1800;023;214+4+110+110+0+0+0+3+110;3+17+10+7+73+0
6;26;1800;024;97+3+70+70+0+0+0+0+70;3+13+2+3+46+3
6;26;1800;025;172+3+114+114+0+0+0+5+114;1+15+10+5+78+5
6;26;2000;001;1147+0+494+494+2+5+7+18+487;9+133+93+21+212+19
6;26;2000;002;915+0+374+374+0+2+2+8+372;7+162+63+18+113+9
6;26;2000;003;598+0+224+224+0+1+1+8+223;1+85+39+12+80+6
6;26;2000;004;972+0+354+354+0+2+2+0+352;4+110+74+21+129+14
6;26;2000;005;1166+0+441+441+2+2+4+17+437;4+131+118+15+148+21
6;26;2000;006;1029+0+361+361+0+1+1+4+360;1+131+80+16+121+11
6;26;2000;007;999+0+330+330+0+0+0+21+330;3+115+66+9+128+9
6;26;2000;008;692+1+283+283+0+1+1+17+282;4+98+51+7+114+8
6;26;2000;009;968+0+349+349+5+1+6+9+343;5+130+60+10+121+17
6;26;2000;010;50+1+19+19+0+0+0+0+19;0+9+2+1+6+1
6;26;2000;011;723+0+365+365+0+0+0+0+365;3+17+13+37+277+18
6;26;2000;012;1257+0+649+649+3+5+8+4+641;3+42+20+30+535+11
6;26;2000;013;207+8+111+111+0+0+0+2+111;2+31+29+13+35+1
6;26;2000;014;494+4+244+244+1+1+2+4+242;5+86+56+3+88+4
6;26;2000;015;174+3+177+177+1+0+1+1+176;7+72+30+4+57+6
6;26;2000;016;164+1+103+103+0+0+0+0+103;4+18+32+5+41+3
6;26;2000;017;49+5+39+39+0+0+0+0+39;3+12+0+2+19+3
6;26;2000;018;95+4+58+58+0+0+0+0+58;3+21+9+0+21+4
6;26;2000;019;454+3+219+219+2+1+3+3+216;3+73+31+14+88+7
6;26;2000;020;314+0+150+150+1+1+2+0+148;0+52+27+8+56+5
6;26;2000;021;88+3+68+68+2+0+2+3+66;1+27+5+2+30+1
6;26;2000;022;40+2+40+40+0+0+0+0+40;3+14+7+1+14+1
6;26;2000;023;61+6+29+29+0+0+0+0+29;2+6+10+0+10+1
6;26;2000;024;587+1+240+240+0+0+0+11+240;2+65+64+19+82+8
6;26;2000;025;403+3+153+153+2+0+2+5+151;4+39+33+4+69+2
6;26;2000;026;774+1+257+257+0+1+1+13+256;4+55+74+12+103+8
6;26;2000;027;39+13+29+29+0+0+0+1+29;0+9+4+1+15+0
6;26;2000;028;32+3+19+19+0+0+0+0+19;0+11+2+0+5+1
6;26;2000;029;63+3+34+34+0+0+0+0+34;1+12+5+0+16+0
6;26;2000;030;121+11+83+83+1+0+1+0+82;2+33+8+1+31+7
6;26;2400;001;852+1+402+403+3+3+6+18+397;5+111+106+25+140+10
6;26;2400;002;856+1+421+421+4+0+4+8+417;7+96+88+30+187+9
6;26;2400;003;539+2+253+253+0+1+1+10+252;6+85+51+18+85+7
6;26;2500;001;831+0+360+360+0+0+0+18+360;1+137+84+12+111+15
6;26;2500;002;739+0+328+328+0+2+2+20+326;4+103+91+10+107+11
6;26;2500;003;747+1+303+303+0+4+4+24+299;5+82+69+14+117+12
6;26;2500;004;525+0+151+151+0+0+0+0+151;0+42+48+10+44+7
6;26;2500;005;466+0+195+195+0+0+0+9+195;3+47+33+10+94+8
6;26;2500;006;569+1+249+249+0+3+3+9+246;3+59+45+16+113+10
6;26;2500;007;757+1+342+342+0+0+0+8+342;0+85+83+10+159+5
6;26;2500;008;479+4+233+233+0+0+0+5+233;0+58+58+11+102+4
6;26;2500;009;634+1+271+271+2+0+2+0+269;3+98+67+12+82+7
6;26;2500;010;745+5+298+299+1+1+2+3+297;3+95+71+12+112+4
6;26;2500;011;347+0+132+132+1+0+1+0+131;2+40+30+5+43+11
6;26;2500;012;695+0+336+336+0+0+0+25+336;3+96+81+13+138+5
6;26;2500;013;587+1+252+252+1+0+1+9+251;0+85+47+16+93+10
6;26;2500;014;308+9+126+126+0+0+0+1+126;4+54+32+5+29+2
6;26;2500;015;666+0+258+258+1+0+1+7+257;2+56+75+12+105+7
6;26;2500;016;694+2+247+247+0+2+2+11+245;2+50+68+14+100+11
6;26;2500;017;733+0+289+289+0+2+2+13+287;5+126+50+18+78+10
6;26;2500;018;660+0+271+271+0+0+0+0+271;1+63+82+9+107+9
6;26;2500;019;682+0+292+292+0+0+0+0+292;4+80+87+13+100+8
6;26;2500;020;304+4+128+128+0+2+2+126+126;7+40+24+14+37+4
6;26;2500;021;308+5+184+184+1+0+1+10+183;0+50+32+14+84+3
6;26;2500;022;52+9+36+36+0+0+0+1+36;0+12+5+1+17+1
6;26;2500;023;21+3+13+13+0+0+0+0+13;0+1+4+3+5+0
6;26;2500;024;33+5+30+30+0+0+0+3+30;1+5+13+2+6+3
6;26;2600;001;609+2+196+196+0+0+0+6+196;1+80+40+6+66+3
6;26;2600;002;810+1+313+313+0+0+0+21+313;5+126+60+13+101+8
6;26;2600;003;847+1+276+276+0+0+0+0+276;2+108+50+7+104+5
6;26;2600;004;872+3+384+384+1+1+2+24+382;2+153+66+13+141+7
6;26;2600;005;764+1+277+277+1+1+2+9+275;3+95+65+1+105+6
6;26;2600;006;809+2+315+315+1+0+1+11+314;2+108+55+8+132+9
6;26;2600;007;761+1+311+311+0+0+0+11+311;5+112+72+9+109+4
6;26;2600;008;783+1+327+327+0+0+0+15+327;7+135+45+9+125+6
6;26;2600;009;893+0+305+305+1+0+1+15+304;11+95+85+15+95+3
6;26;2600;010;873+2+340+340+0+1+1+7+339;1+136+60+15+119+8
6;26;2600;011;865+1+290+290+0+0+0+19+290;2+94+45+15+129+5
6;26;2600;012;738+0+302+302+0+2+2+11+300;7+125+51+9+107+1
6;26;2600;013;842+5+333+333+0+0+0+11+333;5+94+60+7+161+6
6;26;2600;014;377+0+153+153+0+0+0+5+153;3+72+29+4+41+4
6;26;2600;015;152+5+105+105+0+0+0+5+105;2+26+9+4+62+2
6;26;2600;016;30+5+18+18+0+0+0+0+18;0+8+1+1+7+1
6;26;2600;017;238+2+146+146+0+1+1+6+145;3+36+32+3+68+3
6;26;2600;018;248+5+144+144+1+0+1+7+143;2+24+29+11+77+0
6;26;2600;019;42+5+26+26+0+0+0+0+26;2+11+5+0+6+2
6;26;2600;020;861+0+266+266+0+0+0+15+266;1+91+32+5+136+1
6;26;2600;021;860+2+282+282+0+0+0+16+282;4+68+32+2+175+1
6;26;2600;022;325+0+170+170+0+0+0+8+170;2+68+29+4+67+0
6;26;2600;023;175+2+86+86+1+1+2+0+84;1+29+14+9+31+0
6;26;2600;024;100+2+63+63+0+0+0+1+63;1+18+15+1+25+3
6;26;2600;025;118+2+74+74+0+1+1+0+73;0+30+11+1+30+1
6;26;2600;026;87+5+46+46+0+0+0+1+46;0+22+6+7+10+1
6;26;3400;001;813+3+429+429+2+1+3+17+426;2+64+96+17+235+12
6;26;3400;002;527+0+250+250+0+0+0+12+250;2+46+46+9+141+6
6;26;3400;003;643+1+260+260+0+0+0+5+260;1+60+98+7+88+6
6;26;3400;004;807+0+295+295+1+1+2+8+293;1+82+91+7+103+9
6;26;3400;005;670+5+215+215+0+0+0+10+215;2+49+77+1+79+7
6;26;3400;006;480+2+270+270+0+4+4+4+266;3+72+53+12+125+1
6;26;3400;007;222+10+160+160+0+0+0+5+160;2+47+11+8+90+2
6;26;3400;008;56+7+41+41+0+0+0+4+41;0+7+5+0+29+0
6;26;3400;009;203+11+127+127+1+0+1+6+126;2+37+19+2+61+5
6;26;3400;010;182+22+153+153+1+0+1+6+152;2+37+11+0+98+4
6;26;3400;011;733+9+502+502+4+4+8+16+494;7+103+69+25+280+10
6;26;3400;012;155+5+116+116+1+1+2+2+114;1+6+17+3+84+3
6;26;3400;013;490+2+304+304+1+3+4+17+300;3+49+67+13+166+2
6;26;3400;014;394+10+256+256+0+2+2+7+254;2+38+22+6+183+3
6;26;3400;015;227+6+181+181+0+0+0+9+181;1+43+29+6+99+3
6;26;3900;001;664+0+195+195+0+0+0+0+195;1+62+63+6+60+3
6;26;3900;002;458+0+194+194+0+1+1+0+193;0+49+68+3+69+4
6;26;3900;003;776+0+270+270+1+1+2+11+268;2+110+59+9+85+3
6;26;3900;004;631+0+245+245+0+0+0+0+245;2+75+64+12+90+2
6;26;3900;005;671+0+244+244+0+0+0+0+244;0+68+60+11+99+6
6;26;3900;006;604+1+215+215+1+0+1+6+214;4+70+40+7+90+3
6;26;3900;007;751+0+360+360+0+0+0+0+360;1+130+87+14+124+4
6;26;3900;008;844+0+356+356+0+0+0+0+356;4+127+63+16+137+9
6;26;3900;009;648+0+265+265+0+1+1+5+264;1+74+72+9+99+9
6;26;3900;010;582+0+256+256+0+0+0+0+256;1+90+92+5+65+3
6;26;3900;011;533+0+265+265+0+1+1+11+264;0+93+75+5+84+7
6;26;3900;012;661+0+273+273+1+0+1+0+272;1+114+70+5+74+8
6;26;3900;013;699+0+283+283+0+0+0+4+283;2+85+83+12+94+7
6;26;3900;014;777+1+304+304+0+0+0+0+304;3+93+75+7+119+7
6;26;3900;015;652+0+270+270+3+0+3+0+267;2+102+65+8+82+8
6;26;3900;016;717+1+267+267+1+0+1+0+266;0+82+83+11+89+1
6;26;3900;017;624+3+207+207+2+0+2+0+205;2+73+70+5+53+2
6;26;3900;018;659+0+244+244+0+0+0+0+244;1+66+72+11+82+12
6;26;3900;019;591+5+244+245+1+0+1+3+244;3+58+66+6+109+2
6;26;3900;020;636+0+264+264+1+0+1+0+263;1+113+46+6+91+6
6;26;3900;021;584+0+232+232+0+0+0+0+232;1+69+57+8+91+6
6;26;3900;022;66+1+21+21+0+0+0+0+21;0+9+2+0+9+1
6;26;3900;023;505+0+189+189+1+3+4+3+185;0+61+49+8+62+5
6;26;3900;024;773+1+292+292+0+0+0+0+292;0+94+93+10+91+4
6;26;3900;025;734+0+227+227+0+0+0+5+227;1+90+64+4+62+6
6;26;3900;026;892+0+302+302+2+0+2+7+300;3+113+96+9+76+3
6;26;3900;027;688+0+183+183+1+0+1+0+182;1+70+47+12+47+5
6;26;3900;028;718+1+244+244+0+0+0+0+244;2+63+99+7+67+6
6;26;3900;029;718+1+312+312+0+1+1+0+311;0+99+82+15+109+6
6;26;3900;030;745+1+282+282+1+0+1+0+281;5+98+70+6+94+8
6;26;3900;031;779+1+257+257+0+0+0+0+257;2+81+61+14+92+7
6;26;3900;032;637+0+253+253+0+2+2+6+251;13+89+21+16+105+7
6;26;3900;033;788+0+269+269+1+2+3+0+266;5+86+16+17+141+1
6;26;3900;034;225+0+225+225+0+1+1+0+224;7+69+10+24+104+10
6;26;3900;035;750+1+267+267+0+0+0+11+267;7+99+6+12+139+4
6;26;3900;036;602+0+278+278+7+1+8+0+270;4+84+60+11+107+4
6;26;3900;037;210+4+143+143+2+0+2+0+141;2+29+30+5+67+8
6;26;3900;038;123+0+80+80+1+0+1+0+79;2+14+28+2+32+1
6;26;3900;039;284+2+165+165+0+0+0+0+165;3+35+39+12+72+4
6;26;3900;040;312+4+164+164+1+0+1+13+163;3+43+19+6+91+1
6;26;3900;041;180+3+119+119+1+1+2+0+117;3+23+8+2+81+0
6;26;3900;042;404+0+161+161+0+1+1+0+160;3+48+32+8+65+4
6;26;3900;043;605+1+248+248+1+2+3+14+245;3+67+72+8+86+9
6;26;3900;044;504+3+284+284+0+0+0+0+284;6+95+32+15+132+4
6;26;3900;045;422+7+238+238+1+4+5+20+233;7+74+17+12+113+10
6;26;3900;046;287+3+176+176+0+1+1+4+175;1+44+8+1+119+2
6;26;3900;047;410+6+273+273+0+0+0+9+273;10+110+20+7+125+1
6;26;3900;048;490+3+298+298+0+2+2+7+296;4+90+40+7+153+2
6;26;3900;049;227+2+130+130+1+0+1+0+129;2+24+20+10+70+3
6;26;3900;050;366+3+209+209+0+0+0+0+209;4+36+22+9+132+6
6;26;3900;051;408+0+200+200+1+0+1+0+199;1+55+48+11+83+1
6;26;3900;052;476+3+223+223+0+0+0+0+223;5+53+57+11+96+1
6;26;3900;053;483+0+232+232+0+0+0+0+232;3+53+66+18+89+3
6;26;3900;054;635+0+251+251+0+0+0+0+251;2+58+54+33+100+4
6;26;3900;055;735+1+396+396+0+1+1+16+395;4+77+115+12+182+5
6;26;3900;056;611+3+331+331+0+0+0+0+331;0+86+70+10+161+4
6;26;3900;057;316+0+213+213+0+0+0+6+213;1+40+37+12+121+2
6;26;3900;058;478+0+274+274+0+0+0+0+274;2+63+69+8+128+4
6;26;3900;059;661+0+328+328+0+3+3+0+325;0+113+84+10+110+8
6;26;3900;060;654+4+268+268+0+2+2+0+266;0+83+71+11+94+7
6;26;3900;061;493+0+216+216+0+0+0+0+216;3+99+49+7+50+8
6;26;3900;062;594+1+308+308+0+1+1+17+307;8+104+82+17+92+4
6;26;3900;063;211+2+109+109+1+1+2+0+107;2+24+27+9+42+3
6;26;3900;064;77+0+56+56+1+1+2+4+54;1+16+8+8+20+1
6;26;3900;065;51+2+9+9+0+0+0+0+9;0+1+1+0+6+1
6;26;4300;001;511+1+180+180+0+1+1+0+179;0+70+30+1+75+3
6;26;4300;002;685+0+214+214+1+2+3+0+211;2+74+52+4+71+8
6;26;4300;003;663+1+220+220+0+1+1+11+219;4+92+42+6+74+1
6;26;4300;004;729+1+289+289+0+0+0+0+289;1+136+72+2+75+3
6;26;4300;005;541+0+201+201+1+1+2+4+199;1+91+64+6+35+2
6;26;4300;006;673+1+266+266+0+0+0+0+266;1+110+66+6+80+3
6;26;4300;007;632+0+250+250+0+0+0+0+250;2+102+44+15+80+7
6;26;4300;008;878+1+230+230+0+0+0+9+230;0+108+61+3+52+6
6;26;4300;009;616+0+210+210+1+1+2+4+208;3+101+48+5+44+7
6;26;4300;010;680+1+191+191+1+0+1+2+190;3+63+60+5+55+4
6;26;4300;011;481+0+160+160+0+2+2+5+158;2+54+44+7+49+2
6;26;4300;013;134+0+84+84+0+0+0+1+84;1+27+23+1+31+1
6;26;4300;014;160+1+84+84+0+1+1+0+83;1+24+13+10+33+2
6;26;4300;016;297+2+147+147+0+1+1+3+146;1+46+51+10+36+2
6;26;4300;017;36+0+16+16+0+0+0+0+16;1+7+4+0+3+1
6;26;4300;018;56+5+24+24+0+0+0+0+24;0+9+6+0+8+1
6;26;4300;019;617+0+198+198+0+0+0+6+198;4+79+39+11+60+5
6;26;4300;020;529+1+186+186+1+0+1+7+185;1+76+46+6+51+5
6;26;4300;021;254+4+106+106+0+0+0+3+106;4+20+28+2+49+3
6;26;4300;022;761+1+308+308+1+1+2+7+306;1+89+91+6+113+6
6;26;4300;023;218+1+90+90+0+1+1+5+89;2+44+14+8+15+6
6;26;4300;024;561+0+216+216+1+0+1+0+215;0+48+64+10+88+5
6;26;4300;025;616+2+282+282+2+1+3+5+279;3+93+74+4+101+4
6;26;4300;026;121+4+63+63+0+2+2+0+61;0+11+16+2+30+2
6;26;4300;028;64+1+29+29+0+0+0+0+29;1+3+10+0+15+0
6;26;4300;029;270+4+144+144+2+0+2+0+142;2+35+22+3+79+1
6;26;4300;030;116+2+66+66+0+0+0+0+66;3+6+7+2+46+2
6;26;4300;031;225+9+112+112+0+0+0+0+112;3+47+23+2+34+3
6;26;4300;032;39+5+36+36+0+1+1+0+35;1+0+3+0+31+0
6;26;4300;033;83+8+50+50+0+0+0+3+50;1+3+9+4+33+0
6;26;4300;034;158+1+89+89+1+0+1+0+88;2+29+9+2+45+1
6;26;4300;035;277+1+142+142+0+0+0+0+142;0+42+26+4+69+1
6;26;4300;036;625+1+215+215+0+0+0+0+215;2+98+41+11+58+5
6;26;4300;037;654+2+228+228+0+0+0+0+228;5+75+53+1+86+8
6;26;4300;038;612+0+228+228+0+0+0+0+228;3+82+38+12+89+4
6;26;4300;039;31+2+28+28+0+0+0+0+28;1+10+6+1+8+2
6;26;4300;040;186+5+97+97+0+0+0+0+97;0+18+28+2+46+3
6;26;4300;041;53+7+60+60+0+0+0+1+60;2+11+18+2+27+0
6;26;4300;042;234+1+108+108+0+2+2+2+106;0+40+26+0+40+0
6;26;4300;043;565+5+293+293+0+0+0+0+293;3+37+36+3+211+3
6;26;4300;044;105+10+74+74+0+0+0+1+74;2+18+5+0+48+1
6;26;4300;045;24+5+19+19+1+0+1+0+18;0+0+5+0+13+0
6;26;4300;046;111+1+88+88+0+0+0+0+88;0+15+8+1+61+3
6;26;4300;047;287+0+149+149+0+0+0+6+149;0+30+48+5+65+1
6;26;4300;048;584+0+255+255+1+0+1+0+254;3+82+64+9+93+3
6;26;4300;049;280+2+97+97+0+0+0+0+97;3+41+26+5+21+1
6;26;4300;050;121+0+39+39+0+0+0+0+39;2+16+11+0+9+1
6;26;4300;051;647+0+252+252+0+1+1+10+251;2+91+75+13+68+2
6;26;4300;052;231+3+65+65+0+0+0+4+65;3+25+17+4+16+0
6;26;4300;053;504+2+180+180+0+0+0+0+180;4+55+41+7+71+2
6;26;4300;054;277+2+94+94+0+0+0+0+94;2+38+26+5+20+3
6;26;4300;055;48+2+29+29+0+0+0+0+29;0+18+7+0+4+0
6;26;4300;056;444+2+178+178+0+0+0+6+178;2+60+38+2+71+5
6;26;4300;057;498+1+170+170+0+1+1+1+169;4+57+40+5+62+1
6;26;4300;058;584+0+163+163+0+0+0+0+163;0+59+38+10+53+3
6;26;4300;059;127+0+59+59+0+0+0+0+59;3+14+20+1+15+6
6;26;4500;001;54+10+38+38+0+0+0+0+38;0+4+5+0+29+0
6;26;4500;002;48+2+34+34+1+0+1+1+33;1+5+3+0+24+0
6;26;4500;003;154+5+81+81+0+2+2+3+79;0+15+10+6+46+2
6;26;4500;004;784+0+281+281+0+0+0+9+281;4+86+81+18+86+6
6;26;4500;005;854+1+320+320+0+1+1+11+319;2+77+107+16+109+8
6;26;4500;006;636+0+240+240+0+0+0+8+240;4+55+68+7+95+11
6;26;4500;007;658+0+275+275+0+0+0+10+275;4+102+53+5+107+4
6;26;4500;009;933+0+301+301+0+0+0+0+301;3+130+80+11+72+5
6;26;4500;010;866+1+310+310+2+0+2+17+308;2+103+86+3+104+10
6;26;4500;011;683+1+294+294+0+2+2+10+292;6+72+58+12+139+5
6;26;4500;012;830+0+348+348+0+0+0+9+348;5+90+74+10+160+9
6;26;4500;013;648+1+236+236+0+0+0+13+236;3+70+60+17+81+5
6;26;4500;014;585+1+216+216+1+1+2+13+214;3+71+43+10+78+9
6;26;4500;015;650+2+251+251+0+0+0+7+251;4+88+57+9+87+6
6;26;4500;016;42+3+24+24+0+0+0+0+24;0+6+1+1+16+0
6;26;4500;017;73+3+49+49+0+0+0+0+49;0+16+0+0+31+2
6;26;4500;018;71+11+59+59+1+0+1+1+58;2+29+11+2+13+1
6;26;4500;019;71+3+71+71+1+0+1+3+70;1+26+7+7+22+7
6;26;4500;020;90+4+56+56+2+1+3+5+53;1+16+1+3+28+4
6;26;4700;001;749+1+277+277+0+0+0+9+277;2+91+50+6+123+5
6;26;4700;002;484+1+191+191+1+0+1+2+190;6+52+35+5+76+16
6;26;4700;003;784+2+277+277+1+0+1+16+276;2+90+73+8+97+6
6;26;4700;004;621+0+262+262+2+2+4+5+258;2+77+74+10+81+14
6;26;4700;005;623+0+267+267+1+0+1+0+266;4+91+69+6+93+3
6;26;4700;006;629+0+237+237+0+0+0+0+237;1+75+58+6+92+5
6;26;4700;007;621+0+213+213+1+0+1+5+212;2+67+56+10+62+15
6;26;4700;008;232+6+147+147+0+1+1+7+146;2+60+36+6+39+3
6;26;4700;009;226+1+142+142+1+0+1+3+141;3+38+37+5+57+1
6;26;4700;010;267+0+165+165+0+0+0+8+165;1+48+40+3+68+5
6;26;4700;011;34+3+18+18+0+0+0+0+18;0+1+3+2+12+0
6;26;5400;001;805+1+323+323+0+0+0+17+323;5+103+80+11+116+8
6;26;5400;002;624+1+278+278+2+1+3+12+275;4+86+64+6+109+6
6;26;5500;001;579+0+272+272+0+1+1+7+271;3+110+67+4+79+8
6;26;5500;002;594+0+264+264+1+0+1+9+263;0+97+49+5+110+2
6;26;5500;003;444+3+184+184+0+0+0+5+184;2+69+44+5+57+7
6;26;5500;004;651+1+243+243+2+0+2+12+241;3+81+62+6+88+1
6;26;5500;005;612+0+230+230+0+2+2+9+228;5+71+41+11+81+19
6;26;5500;006;664+1+248+248+0+0+0+8+248;3+86+47+7+91+14
6;26;5500;007;738+0+311+311+0+1+1+11+310;9+113+71+6+101+10
6;26;5500;008;623+0+198+198+0+1+1+8+197;4+68+47+11+58+9
6;26;5500;009;621+0+207+207+0+1+1+4+206;2+89+57+5+45+8
6;26;5500;010;771+0+315+315+1+1+2+7+313;3+131+77+1+89+12
6;26;5500;011;547+0+191+191+0+2+2+2+189;2+76+56+2+50+3
6;26;5500;012;768+4+407+407+0+2+2+23+405;1+98+85+13+203+5
6;26;5500;013;22+0+13+13+0+0+0+1+13;0+5+6+0+2+0
6;26;5600;001;827+0+326+326+1+1+2+7+324;7+97+83+16+115+6
6;26;5600;002;658+26+283+283+0+2+2+13+281;7+88+51+10+116+9
6;26;5600;003;394+4+182+182+0+2+2+7+180;3+64+37+9+65+2
6;26;5600;004;374+3+188+188+0+1+1+2+187;3+43+16+13+106+6
6;26;5600;005;162+1+83+83+0+0+0+2+83;1+10+23+8+39+2
6;26;5600;006;143+1+82+82+0+0+0+1+82;1+31+5+2+40+3
6;26;5700;001;616+1+300+300+0+0+0+9+300;8+77+35+15+159+6
6;26;5700;002;514+4+223+223+0+0+0+8+223;8+80+36+9+86+4
6;26;5800;001;841+1+431+431+0+2+2+9+429;7+93+146+13+167+3
6;26;5800;002;524+2+202+202+3+0+3+7+199;4+52+55+13+70+5
6;26;5900;001;737+2+289+289+2+0+2+0+287;5+114+78+11+71+8
6;26;5900;002;718+0+290+290+0+0+0+0+290;9+117+70+10+76+8
6;26;5900;003;825+0+284+284+0+2+2+8+282;3+115+61+14+82+7
6;26;5900;004;735+2+304+304+0+0+0+0+304;1+128+73+8+87+7
6;26;5900;005;747+0+337+337+0+3+3+0+334;6+210+33+8+72+5
[END]

[AGGR]
26;6;   ;6+460+460+220712+1163+93121+93125+208+237+445+2406+92680;1105+29223+20250+3447+36475+2180
[END]

