[INFO]
27;С▓а░а Заго░а;201
[END]

[IZB]
27;6;   ;;11.11.2001;1;6;486
[END]

[NM]
2704;001;▒. Б░а▓┐ Да▒калови;06183;00
2704;002;▒. Ве░ен;10673;00
2704;003;▒. Гол┐м дол;15744;00
2704;004;▒. Го░но Белево;16691;00
2704;005;▒. Го░но Ново ▒ело;16852;00
2704;006;▒. Г░ани▓;17717;00
2704;007;▒. Долно Ново ▒ело;22736;00
2704;008;▒. Кол╝о Ма░иново;38100;00
2704;009;▒. Малко Д░┐ново;46588;00
2704;010;▒. Мал║к дол;;00
2704;011;▒. Ма░ково;47305;00
2704;012;▒. Медово;47665;00
2704;013;▒. Ми░ово;48372;00
2704;014;▒. Найденово;51072;00
2704;015;▒. Оп║л╖ене╢;53624;00
2704;016;▒. О░изово;53850;00
2704;017;▒. Па░▓изанин;55484;00
2704;018;▒. Плодови▓ово;56811;00
2704;020;▒. П░аво▒лав;58075;00
2704;021;▒. Слав┐нин;67074;00
2704;022;▒. С║единение;70531;00
2704;023;▒. С║░неве╢;70562;00
2704;024;▒. Че░на го░а;80793;00
2707;001;▒. Ап░илово;00552;00
2707;002;▒. Великово;10416;00
2707;003;▒. Главан;14951;00
2707;004;г░. Г║л║бово;18280;00
2707;005;▒. И▒к░и╢а;32857;00
2707;006;▒. Медника░ово;47603;00
2707;007;▒. М│▒а╖ево;49391;00
2707;008;▒. М║д░е╢;49535;00
2707;009;▒. Об░│╖и╣е;53134;00
2707;010;▒. Помо╣ник;57515;00
2707;011;▒. Разделна;61755;00
2712;001;▒. Б│зовг░ад;06848;00
2712;002;▒. Гол┐мо Д░┐ново;15864;00
2712;003;▒. Го░но Изво░ово;16780;00
2712;004;▒. Долно Изво░ово;22633;00
2712;005;▒. Д│нав╢и;24075;00
2712;006;▒. Енина;27499;00
2712;007;г░. Казанл║к;35167;00
2712;008;▒. Коп░инка;38563;00
2712;009;▒. К░║н;40292;00
2712;010;▒. К║н╖ево;40868;00
2712;011;▒. Го░но Че░кови╣е;49076;00
2712;012;▒. Ово╣ник;53179;00
2712;013;▒. Розово;62983;00
2712;014;▒. Р║жена;63570;00
2712;015;▒. С░едного░ово;68446;00
2712;016;▒. Хаджидими▓░ово;77027;00
2712;017;▒. Че░ганово;80532;00
2712;018;▒. Шейново;83106;00
2712;019;г░. Шипка;83199;00
2712;020;▒. Я▒еново;87641;00
2722;001;▒. Бо░│╣и╢а;05671;00
2722;004;▒. Ве▓░ен;10848;00
2722;009;▒. Д║бово;24342;00
2722;014;▒. Зимни╢а;30870;00
2722;019;г░. М║глиж;49494;00
2722;023;▒. Рад│н╢и;61635;00
2722;025;▒. Сел╢е;66103;00
2722;026;▒. Т│лово;73420;00
2722;027;▒. Шаново;83020;00
2722;029;▒. Юлиево;86043;00
2722;030;▒. Ягода;87212;00
2723;001;▒. Ба╣ино;03023;00
2723;002;▒. Б┐л изво░;07750;00
2723;003;▒. Б┐ло поле;07819;00
2723;004;▒. Ва▒ил Лев▒ки;10224;00
2723;005;▒. Вене╢;10639;00
2723;006;▒. К░авино;39222;00
2723;007;▒. Опан;53576;00
2723;008;▒. П║▒▓░ен;59166;00
2723;009;▒. Кн┐жев▒ко;61791;00
2723;010;▒. С░еде╢;68312;00
2723;011;▒. С▓оле▓ово;69434;00
2723;012;▒. Т░аки┐;72970;00
2723;013;▒. Я▒▓░ебово;87713;00
2724;001;▒. Алек▒анд░ово;00309;00
2724;002;▒. А▒ен;00697;00
2724;003;▒. Виден;10954;00
2724;004;▒. Габа░ево;14026;00
2724;005;▒. Го░но Са╡░ане;16924;00
2724;006;▒. Долно Са╡░ане;22808;00
2724;007;▒. Манолово;47101;00
2724;008;▒. О▒е▓еново;54153;00
2724;009;г░. Павел бан┐;55021;00
2724;010;▒. Скобелево;66826;00
2724;011;▒. Т│░и┐;73451;00
2724;012;▒. Т║жа;73540;00
2724;013;▒. Т║░ни╖ене;73688;00
2727;001;▒. Бели б░┐г;03407;00
2727;002;▒. Б║лга░ене;07288;00
2727;003;▒. Гледа╖ево;15062;00
2727;004;▒. Бозд│ганово;17960;00
2727;005;▒. Да▒кал А▓ана▒ово;20153;00
2727;006;▒. Дин┐;21209;00
2727;007;▒. Землен;30795;00
2727;008;▒. Знамено▒е╢;31293;00
2727;009;▒. Кова╖;37455;00
2727;010;▒. Кова╖ево;37507;00
2727;011;▒. Кола░ово;38008;00
2727;012;▒. Кон▒▓ан▓инове╢;38340;00
2727;013;▒. Л╛беново;44540;00
2727;014;▒. Ма╢а;47500;00
2727;016;▒. Пол▒ки Г░аде╢;57323;00
2727;017;г░. Раднево;61460;00
2727;018;▒. Ри▒иманово;62712;00
2727;019;▒. Свободен;65838;00
2727;020;▒. С║░нево;70586;00
2727;021;▒. Ти╡оми░ово;72477;00
2727;022;▒. Топол┐не;72824;00
2727;023;▒. Т░о┐ново;73225;00
2727;024;▒. Т░║нково;73314;00
2731;001;▒. А░на│▓и▓о;00655;00
2731;002;▒. Бенков▒ки;03856;00
2731;003;▒. Богомилово;04738;00
2731;004;▒. Бо░илово;05431;00
2731;005;▒. Бо░ово;05637;00
2731;006;▒. Б░а▓┐ К│н╖еви;06197;00
2731;007;▒. Б║де╣е;07199;00
2731;008;▒. Водени╖а░ово;11675;00
2731;009;▒. Го░но Бо▓ево;16701;00
2731;010;▒. Д║лбоки;24482;00
2731;011;▒. Еленино;27214;00
2731;012;▒. Ел╡ово;27379;00
2731;013;▒. Заго░е;30119;00
2731;014;▒. Змейово;31276;00
2731;015;▒. Казанка;35153;00
2731;016;▒. Кали▓иново;35420;00
2731;017;▒. Кало┐нове╢;35515;00
2731;018;▒. Ки░илово;36899;00
2731;019;▒. Коза░еве╢;37678;00
2731;020;▒. Колена;38039;00
2731;021;▒. Лове╢;43921;00
2731;022;▒. Лозен;;00
2731;023;▒. Л╛л┐к;44687;00
2731;024;▒. Л┐▒ково;44851;00
2731;025;▒. Мадже░и▓о;46098;00
2731;026;▒. Малка Ве░е┐;46417;00
2731;027;▒. Малко Кадиево;46591;00
2731;028;▒. Ми╡айлово;48502;00
2731;029;▒. Могила;48765;00
2731;031;▒. Ново ▒ело;52252;00
2731;032;▒. О░┐╡ови╢а;54016;00
2731;033;▒. О▒▓░а могила;54314;00
2731;034;▒. Пам│к╖ии;55289;00
2731;035;▒. Пе▓░ово;56188;00
2731;036;▒. Пло▒ка могила;56825;00
2731;037;▒. Под▒лон;57073;00
2731;038;▒. П░е▒лавен;58236;00
2731;039;▒. П░┐по░е╢;58743;00
2731;041;▒. П╕ени╖ево;58952;00
2731;042;▒. П║▒▓░ово;59170;00
2731;043;▒. Раки▓ни╢а;61995;00
2731;044;▒. Р│ман┐;63301;00
2731;045;▒. Сам│илово;65317;00
2731;046;▒. Слад║к кладене╢;67154;00
2731;047;▒. Хан А▒па░│╡ово;68730;00
2731;048;г░. С▓а░а Заго░а;68850;00
2731;049;▒. С▓а░озаго░▒ки мине░ални бани;68970;00
2731;050;▒. С▓░еле╢;69794;00
2731;051;▒. С│ли╢а;70202;00
2731;052;▒. Х░и▒▓и┐ново;77431;00
2731;053;▒. Х░и╣ени;77476;00
2736;001;▒. Вина░ово;11082;00
2736;003;▒. Волова░ово;12042;00
2736;004;▒. Ги▓а;14920;00
2736;005;▒. Дими▓░иево;21049;00
2736;006;▒. Д║░жава;24623;00
2736;007;▒. Зе▓╝ово;30819;00
2736;008;▒. Зла▓на ливада;31070;00
2736;009;▒. Изво░ово;32456;00
2736;010;▒. Малко Т░║ново;46658;00
2736;011;▒. Могилово;48831;00
2736;012;▒. О▒ла░ка;54242;00
2736;013;▒. Р│пки▓е;63344;00
2736;014;▒. Свобода;65810;00
2736;015;▒. Спа▒ово;68182;00
2736;016;▒. С░едно Г░ади╣е;68463;00
2736;017;▒. С▓о┐н Заимово;69496;00
2736;018;▒. Целина;78330;00
2736;019;▒. Ценово;78375;00
2736;020;г░. Чи░пан;81414;00
2736;021;▒. Яво░ово;87182;00
2736;022;▒. Язда╖;87254;00
2737;001;г░. Г│░ково;18157;00
2737;002;▒. Димов╢и;21124;00
2737;003;▒. Кона░е;38203;00
2737;004;▒. Л┐ва ░ека;44776;00
2737;005;▒. Пани╖е░ево;22767;00
2737;006;▒. П╖елиново;58894;00
2737;007;▒. Зла▓и░║д;31022;00
2737;008;м. Дво░и╣е;20211;00
2737;009;м. Б░е▒▓ова;06478;00
2737;010;м. Ж║л▓опоп;29595;00
2737;011;м. Же░гове╢;29297;00
2738;001;▒. Ед░ево;27070;00
2738;002;▒. Ел╡ово;48163;00
2738;003;г░. Николаево;51648;00
2738;004;▒. Нова ма╡ала;51888;00
[END]

[SEC]
27;0400;001;6;001
27;0400;002;6;022
27;0400;003;6;004
27;0400;004;6;017
27;0400;005;6;024
27;0400;006;6;024
27;0400;007;6;018
27;0400;008;6;013
27;0400;009;6;015
27;0400;010;6;016
27;0400;011;6;023
27;0400;012;6;006
27;0400;013;6;010
27;0400;014;6;020
27;0400;015;6;002
27;0400;016;6;008
27;0400;017;6;021
27;0400;018;6;012
27;0400;019;6;011
27;0400;020;6;003
27;0400;021;6;014
27;0400;022;6;007
27;0400;023;6;005
27;0400;024;6;009
27;0700;001;6;004
27;0700;002;6;004
27;0700;003;6;004
27;0700;004;6;004
27;0700;005;6;004
27;0700;006;6;004
27;0700;007;6;004
27;0700;008;6;004
27;0700;009;6;004
27;0700;010;6;007
27;0700;011;6;011
27;0700;012;6;002
27;0700;013;6;001
27;0700;014;6;009
27;0700;015;6;009
27;0700;016;6;006
27;0700;017;6;005
27;0700;018;6;008
27;0700;019;6;003
27;0700;020;6;003
27;0700;021;6;010
27;1200;001;6;007
27;1200;002;6;007
27;1200;003;6;007
27;1200;004;6;007
27;1200;005;6;007
27;1200;006;6;007
27;1200;007;6;007
27;1200;008;6;007
27;1200;009;6;007
27;1200;010;6;007
27;1200;011;6;007
27;1200;012;6;007
27;1200;013;6;007
27;1200;014;6;007
27;1200;015;6;007
27;1200;016;6;007
27;1200;017;6;007
27;1200;018;6;007
27;1200;019;6;007
27;1200;020;6;007
27;1200;021;6;007
27;1200;022;6;007
27;1200;023;6;007
27;1200;024;6;007
27;1200;025;6;007
27;1200;026;6;007
27;1200;027;6;007
27;1200;028;6;007
27;1200;029;6;007
27;1200;030;6;007
27;1200;031;6;007
27;1200;032;6;007
27;1200;033;6;007
27;1200;034;6;007
27;1200;035;6;007
27;1200;036;6;007
27;1200;037;6;007
27;1200;038;6;007
27;1200;039;6;007
27;1200;040;6;007
27;1200;041;6;007
27;1200;042;6;007
27;1200;043;6;007
27;1200;044;6;007
27;1200;045;6;007
27;1200;046;6;007
27;1200;047;6;007
27;1200;048;6;007
27;1200;049;6;007
27;1200;050;6;007
27;1200;051;6;007
27;1200;052;6;007
27;1200;053;6;007
27;1200;054;6;007
27;1200;055;6;007
27;1200;056;6;007
27;1200;057;6;007
27;1200;058;6;007
27;1200;059;6;019
27;1200;060;6;019
27;1200;061;6;008
27;1200;062;6;008
27;1200;063;6;008
27;1200;064;6;005
27;1200;065;6;002
27;1200;066;6;020
27;1200;067;6;018
27;1200;068;6;018
27;1200;069;6;016
27;1200;070;6;016
27;1200;071;6;009
27;1200;072;6;009
27;1200;073;6;009
27;1200;074;6;006
27;1200;075;6;006
27;1200;076;6;006
27;1200;077;6;004
27;1200;078;6;003
27;1200;079;6;017
27;1200;080;6;012
27;1200;081;6;012
27;1200;082;6;010
27;1200;083;6;014
27;1200;084;6;013
27;1200;085;6;001
27;1200;086;6;001
27;1200;087;6;015
27;1200;088;6;011
27;1200;089;6;007
27;2200;001;6;019
27;2200;002;6;019
27;2200;003;6;019
27;2200;004;6;019
27;2200;005;6;026
27;2200;006;6;030
27;2200;007;6;030
27;2200;008;6;030
27;2200;009;6;027
27;2200;010;6;029
27;2200;011;6;009
27;2200;012;6;001
27;2200;013;6;023
27;2200;014;6;023
27;2200;015;6;025
27;2200;016;6;004
27;2200;017;6;004
27;2200;018;6;014
27;2300;001;6;007
27;2300;002;6;001
27;2300;003;6;002
27;2300;004;6;003
27;2300;005;6;004
27;2300;006;6;005
27;2300;007;6;009
27;2300;008;6;006
27;2300;009;6;008
27;2300;010;6;010
27;2300;011;6;011
27;2300;012;6;012
27;2300;013;6;013
27;2400;001;6;009
27;2400;002;6;009
27;2400;003;6;009
27;2400;004;6;009
27;2400;005;6;009
27;2400;006;6;011
27;2400;007;6;003
27;2400;008;6;006
27;2400;009;6;005
27;2400;010;6;005
27;2400;011;6;002
27;2400;012;6;010
27;2400;013;6;004
27;2400;014;6;004
27;2400;015;6;013
27;2400;016;6;012
27;2400;017;6;012
27;2400;018;6;001
27;2400;019;6;001
27;2400;020;6;007
27;2400;021;6;008
27;2400;022;6;008
27;2700;001;6;017
27;2700;002;6;017
27;2700;003;6;017
27;2700;004;6;017
27;2700;005;6;017
27;2700;006;6;017
27;2700;007;6;017
27;2700;008;6;017
27;2700;009;6;017
27;2700;010;6;017
27;2700;011;6;017
27;2700;012;6;017
27;2700;013;6;017
27;2700;014;6;017
27;2700;015;6;017
27;2700;016;6;003
27;2700;017;6;014
27;2700;018;6;016
27;2700;019;6;005
27;2700;020;6;022
27;2700;021;6;006
27;2700;022;6;010
27;2700;023;6;023
27;2700;024;6;023
27;2700;025;6;013
27;2700;026;6;012
27;2700;027;6;001
27;2700;028;6;018
27;2700;029;6;002
27;2700;030;6;008
27;2700;031;6;021
27;2700;032;6;019
27;2700;033;6;009
27;2700;034;6;024
27;2700;035;6;007
27;2700;036;6;011
27;2700;037;6;004
27;2700;038;6;020
27;2700;039;6;020
27;3100;001;6;048
27;3100;002;6;048
27;3100;003;6;048
27;3100;004;6;048
27;3100;005;6;048
27;3100;006;6;048
27;3100;007;6;048
27;3100;008;6;048
27;3100;009;6;048
27;3100;010;6;048
27;3100;011;6;048
27;3100;012;6;048
27;3100;013;6;048
27;3100;014;6;048
27;3100;015;6;048
27;3100;016;6;048
27;3100;017;6;048
27;3100;018;6;048
27;3100;019;6;048
27;3100;020;6;048
27;3100;021;6;048
27;3100;022;6;048
27;3100;023;6;048
27;3100;024;6;048
27;3100;025;6;048
27;3100;026;6;048
27;3100;027;6;048
27;3100;028;6;048
27;3100;029;6;048
27;3100;030;6;048
27;3100;031;6;048
27;3100;032;6;048
27;3100;033;6;048
27;3100;034;6;048
27;3100;035;6;048
27;3100;036;6;048
27;3100;037;6;048
27;3100;038;6;048
27;3100;039;6;048
27;3100;040;6;048
27;3100;041;6;048
27;3100;042;6;048
27;3100;043;6;048
27;3100;044;6;048
27;3100;045;6;048
27;3100;046;6;048
27;3100;047;6;048
27;3100;048;6;048
27;3100;049;6;048
27;3100;050;6;048
27;3100;051;6;048
27;3100;052;6;048
27;3100;053;6;048
27;3100;054;6;048
27;3100;055;6;048
27;3100;056;6;048
27;3100;057;6;048
27;3100;058;6;048
27;3100;059;6;048
27;3100;060;6;048
27;3100;061;6;048
27;3100;062;6;048
27;3100;063;6;048
27;3100;064;6;048
27;3100;065;6;048
27;3100;066;6;048
27;3100;067;6;048
27;3100;068;6;048
27;3100;069;6;048
27;3100;070;6;048
27;3100;071;6;048
27;3100;072;6;048
27;3100;073;6;048
27;3100;074;6;048
27;3100;075;6;048
27;3100;076;6;048
27;3100;077;6;048
27;3100;078;6;048
27;3100;079;6;048
27;3100;080;6;048
27;3100;081;6;048
27;3100;082;6;048
27;3100;083;6;048
27;3100;084;6;048
27;3100;085;6;048
27;3100;086;6;048
27;3100;087;6;048
27;3100;088;6;048
27;3100;089;6;048
27;3100;090;6;048
27;3100;091;6;048
27;3100;092;6;048
27;3100;093;6;048
27;3100;094;6;048
27;3100;095;6;048
27;3100;096;6;048
27;3100;097;6;048
27;3100;098;6;048
27;3100;099;6;048
27;3100;100;6;048
27;3100;101;6;048
27;3100;102;6;048
27;3100;103;6;048
27;3100;104;6;048
27;3100;105;6;048
27;3100;106;6;048
27;3100;107;6;048
27;3100;108;6;048
27;3100;109;6;048
27;3100;110;6;048
27;3100;111;6;048
27;3100;112;6;048
27;3100;113;6;048
27;3100;114;6;048
27;3100;115;6;048
27;3100;116;6;048
27;3100;117;6;048
27;3100;118;6;048
27;3100;119;6;048
27;3100;120;6;048
27;3100;121;6;048
27;3100;122;6;048
27;3100;123;6;048
27;3100;124;6;048
27;3100;125;6;048
27;3100;126;6;048
27;3100;127;6;048
27;3100;128;6;048
27;3100;129;6;048
27;3100;130;6;048
27;3100;131;6;048
27;3100;132;6;048
27;3100;133;6;048
27;3100;134;6;048
27;3100;135;6;048
27;3100;136;6;048
27;3100;137;6;048
27;3100;138;6;048
27;3100;139;6;048
27;3100;140;6;048
27;3100;141;6;048
27;3100;142;6;048
27;3100;143;6;048
27;3100;144;6;048
27;3100;145;6;048
27;3100;146;6;048
27;3100;147;6;048
27;3100;148;6;048
27;3100;149;6;048
27;3100;150;6;006
27;3100;151;6;044
27;3100;152;6;037
27;3100;153;6;047
27;3100;154;6;002
27;3100;155;6;041
27;3100;156;6;009
27;3100;157;6;036
27;3100;158;6;010
27;3100;159;6;032
27;3100;160;6;053
27;3100;161;6;053
27;3100;162;6;020
27;3100;163;6;023
27;3100;164;6;014
27;3100;165;6;004
27;3100;166;6;039
27;3100;167;6;049
27;3100;168;6;031
27;3100;169;6;033
27;3100;170;6;015
27;3100;171;6;022
27;3100;172;6;051
27;3100;173;6;046
27;3100;174;6;012
27;3100;175;6;018
27;3100;176;6;042
27;3100;177;6;026
27;3100;178;6;024
27;3100;179;6;024
27;3100;180;6;011
27;3100;181;6;043
27;3100;182;6;001
27;3100;183;6;017
27;3100;184;6;052
27;3100;185;6;021
27;3100;186;6;005
27;3100;187;6;019
27;3100;188;6;028
27;3100;189;6;008
27;3100;190;6;045
27;3100;191;6;007
27;3100;192;6;034
27;3100;193;6;035
27;3100;194;6;050
27;3100;195;6;013
27;3100;196;6;025
27;3100;197;6;029
27;3100;198;6;027
27;3100;199;6;048
27;3100;200;6;038
27;3100;201;6;016
27;3100;202;6;003
27;3100;203;6;003
27;3100;204;6;048
27;3100;205;6;048
27;3100;206;6;048
27;3600;001;6;020
27;3600;002;6;020
27;3600;003;6;020
27;3600;004;6;020
27;3600;005;6;020
27;3600;006;6;020
27;3600;007;6;020
27;3600;008;6;020
27;3600;009;6;020
27;3600;010;6;020
27;3600;011;6;020
27;3600;012;6;020
27;3600;013;6;020
27;3600;014;6;020
27;3600;015;6;020
27;3600;016;6;020
27;3600;017;6;020
27;3600;018;6;020
27;3600;019;6;020
27;3600;020;6;007
27;3600;021;6;007
27;3600;022;6;018
27;3600;023;6;008
27;3600;024;6;019
27;3600;025;6;014+003
27;3600;026;6;004
27;3600;027;6;006
27;3600;028;6;012
27;3600;029;6;005
27;3600;030;6;001
27;3600;031;6;011
27;3600;032;6;021
27;3600;033;6;022
27;3600;034;6;010
27;3600;035;6;015
27;3600;036;6;013
27;3600;037;6;016
27;3600;038;6;009
27;3600;039;6;017
27;3700;001;6;001
27;3700;002;6;001
27;3700;003;6;001
27;3700;004;6;005
27;3700;005;6;005
27;3700;006;6;003
27;3700;007;6;006+007
27;3700;008;6;004
27;3700;009;6;002+008+009+010+011
27;3800;001;6;003
27;3800;002;6;003
27;3800;003;6;003
27;3800;004;6;002
27;3800;005;6;004
27;3800;006;6;001
[END]

[MAJ]
27;6;   ;01;;;Пе▓║░ Ки░илов Бе░он и С▓о┐н В║л╖ев Анд░еев;, ;ПКБ+СВА;1439;0;1
27;6;   ;02;;;Пе▓║░ С▓е┤анов С▓о┐нов и Нели Пе▓░ова К│╢кова;, ;ПСС+НПК;48795;2;2
27;6;   ;03;;;Богомил Ангелов Бонев и А▓ана▒ Иванов Желез╖ев;, ;БАБ+АИЖ;22587;0;3
27;6;   ;04;;;Жо░ж Ган╖ев Ган╖ев и Ве▒елин С▓о┐нов Бон╖ев;, ;ЖГГ+ВСБ;4222;0;4
27;6;   ;05;;;Гео░ги Седе┤╖ов П║░ванов и Ангел Иванов Ма░ин;, ;ГСП+АИМ;52284;2;5
27;6;   ;06;;;Рене▓а Иванова Инджова и К░║▒▓╛ Николов Илов;, ;РИИ+КНИ;3575;0;6
[END]

[PROP]
[END]

[LISTI]
[END]

[PROT]
6;27;0400;001;809+4+511+511+1+0+1+40+510;5+138+38+2+318+9
6;27;0400;002;112+0+79+79+0+0+0+6+79;0+20+11+1+47+0
6;27;0400;003;270+4+194+194+1+0+1+13+193;1+58+12+2+118+2
6;27;0400;004;472+8+302+302+0+0+0+18+302;3+79+41+7+169+3
6;27;0400;005;575+2+250+250+0+0+0+6+250;4+92+18+27+107+2
6;27;0400;006;511+0+248+248+0+3+3+0+245;2+76+32+3+126+6
6;27;0400;007;648+5+426+426+2+1+3+0+423;4+120+23+11+259+6
6;27;0400;008;633+1+353+353+0+0+0+0+353;9+157+42+18+123+4
6;27;0400;009;279+14+190+190+2+0+2+0+188;0+56+17+3+107+5
6;27;0400;010;1102+3+418+418+1+0+1+0+417;6+99+38+21+245+8
6;27;0400;011;143+3+110+110+0+0+0+6+110;0+33+7+8+60+2
6;27;0400;012;670+14+453+453+1+1+1+56+452;3+117+24+19+282+7
6;27;0400;013;70+2+61+61+1+0+1+1+60;2+13+1+0+44+0
6;27;0400;014;246+7+172+172+0+0+0+0+172;1+27+14+2+128+0
6;27;0400;015;249+6+200+200+0+0+0+14+200;2+41+22+3+130+2
6;27;0400;016;132+6+113+113+0+0+0+0+113;1+10+5+0+97+0
6;27;0400;017;48+3+37+37+0+0+0+0+37;0+14+1+0+22+0
6;27;0400;018;261+8+164+164+0+0+0+10+164;3+24+16+4+114+3
6;27;0400;019;93+2+80+80+3+0+3+0+77;2+16+1+0+57+1
6;27;0400;020;132+8+112+112+0+0+0+0+112;1+18+13+1+78+1
6;27;0400;021;201+7+156+156+1+0+1+0+155;0+31+6+3+113+2
6;27;0400;022;96+1+73+73+0+1+1+0+72;0+19+1+2+50+0
6;27;0400;023;172+0+92+92+0+0+0+6+92;0+32+0+0+50+10
6;27;0400;024;136+3+96+96+0+0+0+0+96;0+20+8+2+63+3
6;27;0700;001;739+1+359+359+0+0+0+12+359;4+111+53+11+174+6
6;27;0700;002;845+0+422+422+0+4+4+0+418;12+125+38+31+199+13
6;27;0700;003;989+0+379+379+0+0+0+13+379;5+110+85+18+156+5
6;27;0700;004;1066+1+400+400+0+0+0+7+400;4+139+79+17+152+9
6;27;0700;005;970+0+349+349+0+0+0+8+349;1+117+40+18+167+6
6;27;0700;006;870+0+382+382+0+0+0+0+382;5+116+54+4+199+4
6;27;0700;007;1007+0+422+422+0+0+0+20+422;5+130+57+14+209+7
6;27;0700;008;330+1+146+146+0+0+0+0+146;4+40+23+14+64+1
6;27;0700;009;990+0+247+247+0+0+0+5+247;8+103+51+20+57+8
6;27;0700;010;255+5+133+133+0+0+0+3+133;5+42+14+6+63+3
6;27;0700;011;137+2+88+88+0+0+0+88+88;1+18+6+1+58+4
6;27;0700;012;96+3+56+56+0+0+0+0+56;2+18+13+1+22+0
6;27;0700;013;357+1+226+226+0+0+0+8+226;0+38+43+9+127+9
6;27;0700;014;1058+0+579+579+0+1+1+28+578;3+181+60+19+308+7
6;27;0700;015;815+5+426+426+0+0+0+16+426;3+125+49+12+222+15
6;27;0700;016;553+1+286+286+0+0+0+13+286;3+61+28+20+169+5
6;27;0700;017;267+0+172+172+0+1+1+4+171;2+53+27+4+82+3
6;27;0700;018;818+1+439+439+0+0+0+25+439;7+86+37+13+285+11
6;27;0700;019;634+0+277+277+0+4+4+0+273;5+55+65+28+116+4
6;27;0700;020;614+2+258+258+0+0+0+0+258;3+92+43+10+105+5
6;27;0700;021;313+2+178+178+0+1+1+6+177;2+36+23+6+107+3
6;27;1200;001;1114+2+395+395+1+0+1+7+394;2+138+82+11+147+14
6;27;1200;002;1068+0+361+361+0+0+0+0+361;0+115+74+16+144+12
6;27;1200;003;742+2+242+242+2+0+2+0+240;0+102+52+6+77+3
6;27;1200;004;873+3+245+245+1+0+1+0+244;1+117+43+9+67+7
6;27;1200;005;917+0+343+343+0+1+1+0+342;0+130+72+10+122+8
6;27;1200;006;890+1+331+331+1+0+1+19+330;1+116+69+14+116+14
6;27;1200;007;973+1+258+258+3+1+4+4+254;0+61+67+23+94+9
6;27;1200;008;635+4+202+202+0+0+0+7+202;2+53+38+8+98+3
6;27;1200;009;894+3+380+380+1+0+1+19+379;1+144+58+7+157+12
6;27;1200;010;844+0+378+378+0+0+0+19+378;4+147+80+6+134+7
6;27;1200;011;899+0+298+298+1+0+1+12+297;0+115+62+6+109+5
6;27;1200;012;869+0+286+286+1+0+1+16+285;2+120+69+11+70+13
6;27;1200;013;806+1+303+303+2+2+4+17+299;1+129+55+5+96+13
6;27;1200;014;1112+4+481+481+2+1+3+17+478;4+160+94+16+194+10
6;27;1200;015;932+1+289+289+0+0+0+0+289;2+87+40+3+143+14
6;27;1200;016;786+3+311+311+1+0+1+5+310;1+122+44+7+129+7
6;27;1200;017;701+2+329+329+1+0+1+13+328;3+105+42+5+158+15
6;27;1200;018;755+3+337+337+1+0+1+14+336;3+132+48+11+134+8
6;27;1200;019;0+0+416+416+0+0+0+0+416;0+170+78+6+150+12
6;27;1200;020;796+0+365+365+0+0+0+0+365;0+125+79+6+147+8
6;27;1200;021;825+1+343+343+0+0+0+0+343;3+129+64+5+123+19
6;27;1200;022;777+3+352+352+1+0+1+0+351;2+132+72+9+131+5
6;27;1200;023;1103+4+499+499+2+0+2+0+497;7+176+101+19+180+14
6;27;1200;024;887+2+376+376+0+1+1+0+375;2+138+62+20+143+10
6;27;1200;025;1016+0+368+368+0+1+1+18+367;3+130+57+15+152+10
6;27;1200;026;968+2+253+253+0+0+0+0+253;2+117+59+13+54+8
6;27;1200;027;990+1+264+264+0+0+0+0+264;2+108+58+8+73+15
6;27;1200;028;1025+1+219+219+0+0+0+0+219;1+92+54+4+56+12
6;27;1200;029;973+0+256+256+0+0+0+0+256;1+98+64+9+78+6
6;27;1200;030;1045+3+282+282+0+0+0+3+282;3+109+77+14+71+8
6;27;1200;031;1094+1+321+321+0+0+0+0+321;4+151+50+14+94+8
6;27;1200;032;1100+30+428+428+1+0+1+0+427;8+143+101+27+131+17
6;27;1200;033;887+3+266+266+0+0+0+14+266;3+109+56+9+85+4
6;27;1200;034;807+1+263+263+1+0+1+9+262;1+106+61+12+71+11
6;27;1200;035;764+3+258+258+0+0+0+12+258;1+105+77+10+60+5
6;27;1200;036;975+2+291+291+0+0+0+0+291;1+117+50+3+112+8
6;27;1200;037;598+0+252+252+0+1+1+13+251;4+134+25+6+70+12
6;27;1200;038;682+3+211+211+2+0+2+0+209;4+128+7+7+60+3
6;27;1200;039;859+2+257+257+1+0+1+13+256;3+86+56+10+94+7
6;27;1200;040;894+0+265+265+0+0+0+6+265;1+120+52+7+78+7
6;27;1200;041;906+0+286+286+0+0+0+0+286;0+124+66+4+83+9
6;27;1200;042;1221+8+413+413+1+1+2+8+411;3+176+89+10+125+8
6;27;1200;043;1161+3+435+435+1+0+1+0+434;5+129+82+20+185+13
6;27;1200;044;1184+2+421+421+0+0+0+18+421;3+159+68+11+168+12
6;27;1200;045;889+3+291+291+0+0+0+12+291;2+136+57+7+80+9
6;27;1200;046;899+0+320+320+1+0+1+14+319;0+136+67+5+99+12
6;27;1200;047;499+1+500+500+1+3+4+24+496;3+170+72+19+219+13
6;27;1200;048;593+2+221+221+0+0+0+0+221;1+55+49+11+96+9
6;27;1200;049;1099+4+400+400+1+1+2+0+398;0+118+72+14+182+12
6;27;1200;050;720+2+300+300+0+0+0+7+300;2+97+71+8+110+12
6;27;1200;051;709+1+245+245+0+0+0+5+245;1+101+49+4+76+14
6;27;1200;052;898+1+397+397+0+0+0+3+397;2+155+80+6+134+20
6;27;1200;053;1006+5+366+366+0+0+0+18+366;4+152+68+9+120+13
6;27;1200;054;64+4+26+26+0+0+0+3+26;2+6+7+3+7+1
6;27;1200;055;917+0+319+319+0+1+1+0+318;1+124+80+15+93+5
6;27;1200;056;1083+1+381+381+0+0+0+19+381;2+158+95+6+107+13
6;27;1200;057;607+3+216+216+0+0+0+6+216;1+99+49+8+57+2
6;27;1200;058;49+1+21+21+0+1+1+0+20;2+5+1+3+9+0
6;27;1200;059;601+2+290+290+1+0+1+11+289;3+107+44+12+116+7
6;27;1200;060;650+0+281+281+0+0+0+11+281;2+121+42+8+104+4
6;27;1200;061;765+1+248+248+0+0+0+0+248;4+134+32+2+71+5
6;27;1200;062;725+0+263+263+0+1+1+4+262;1+134+37+16+72+2
6;27;1200;063;775+0+259+259+1+1+2+0+257;6+139+38+5+63+6
6;27;1200;064;514+1+220+220+0+0+0+8+220;3+61+41+14+95+6
6;27;1200;065;242+0+164+164+1+0+1+6+163;2+31+31+2+96+1
6;27;1200;066;614+4+210+210+1+2+3+5+207;9+86+28+7+64+13
6;27;1200;067;874+1+248+248+1+1+2+246+246;1+77+38+7+114+9
6;27;1200;068;791+1+278+278+0+2+2+276+276;2+61+41+11+155+6
6;27;1200;069;609+0+253+253+0+0+0+0+253;3+186+20+6+26+12
6;27;1200;070;189+1+190+190+0+0+0+5+190;0+93+18+5+63+11
6;27;1200;071;830+1+239+239+0+0+0+11+239;5+67+41+9+111+6
6;27;1200;072;1134+0+472+472+0+1+1+0+471;2+174+96+15+170+14
6;27;1200;073;979+1+288+288+0+0+0+0+288;2+109+55+11+99+12
6;27;1200;074;695+0+320+320+2+0+2+8+318;2+96+66+14+136+4
6;27;1200;075;623+2+264+264+0+0+0+2+264;4+84+41+5+128+2
6;27;1200;076;754+5+303+303+1+0+1+9+302;4+87+70+14+120+7
6;27;1200;077;605+3+215+215+1+1+2+0+213;4+137+27+6+34+5
6;27;1200;078;239+1+106+106+0+0+0+0+106;1+32+19+8+45+1
6;27;1200;079;868+1+383+383+4+0+4+0+379;4+158+56+20+128+13
6;27;1200;080;784+2+295+295+0+0+0+0+295;3+101+66+14+105+6
6;27;1200;081;828+2+342+342+1+0+1+0+341;5+131+71+10+113+11
6;27;1200;082;860+7+385+385+0+0+0+0+385;9+210+42+22+78+24
6;27;1200;083;906+2+329+329+0+3+3+0+326;8+141+49+14+97+17
6;27;1200;084;1087+2+451+451+0+2+2+0+449;4+128+88+25+187+17
6;27;1200;085;944+1+449+449+2+0+2+0+447;7+108+54+10+260+8
6;27;1200;086;986+0+360+360+1+1+2+0+358;10+129+49+21+120+29
6;27;1200;087;220+3+145+145+0+0+0+8+145;2+30+14+4+93+2
6;27;1200;088;1063+3+466+466+1+5+6+11+460;18+140+65+36+184+17
6;27;1200;089;53+0+19+19+0+0+0+1+19;0+7+2+0+9+1
6;27;2200;001;740+10+316+316+1+0+1+8+315;3+109+46+10+139+8
6;27;2200;002;815+0+337+337+0+1+1+4+336;2+116+63+10+138+7
6;27;2200;003;681+0+288+288+0+0+0+3+288;0+122+40+8+116+2
6;27;2200;004;504+3+230+230+0+2+2+10+228;10+120+11+0+84+3
6;27;2200;005;1013+2+508+508+3+1+4+26+504;4+135+66+13+272+14
6;27;2200;006;735+5+189+189+0+1+1+12+188;4+74+23+12+71+4
6;27;2200;007;854+0+254+254+1+1+2+15+252;2+83+54+16+90+7
6;27;2200;008;824+1+161+161+0+2+2+23+159;9+67+19+12+45+7
6;27;2200;009;337+5+187+187+0+1+1+8+186;2+69+23+10+82+0
6;27;2200;010;587+6+224+224+0+0+0+0+224;1+105+20+23+71+4
6;27;2200;011;994+1+497+497+0+1+1+20+496;14+213+70+18+174+7
6;27;2200;012;82+5+52+52+2+1+3+1+49;0+11+5+3+30+0
6;27;2200;013;54+0+27+27+0+0+0+0+27;1+5+9+1+11+0
6;27;2200;014;117+0+104+104+1+1+2+3+102;7+33+19+7+34+2
6;27;2200;015;33+1+18+18+0+0+0+0+18;0+5+3+0+10+0
6;27;2200;016;574+12+237+237+1+2+3+5+234;5+96+32+15+86+0
6;27;2200;017;482+3+212+212+0+0+0+6+212;2+77+32+8+90+3
6;27;2200;018;531+2+275+275+0+4+4+12+271;5+46+31+26+158+5
6;27;2300;001;409+3+265+265+0+0+0+25+265;3+82+17+3+156+4
6;27;2300;002;79+3+53+53+0+0+0+2+53;0+14+6+1+31+1
6;27;2300;003;338+3+230+230+0+0+0+14+230;2+72+21+5+130+0
6;27;2300;004;355+4+200+200+0+0+0+12+200;6+70+18+9+91+6
6;27;2300;005;314+0+158+158+1+1+2+0+156;7+59+19+7+62+2
6;27;2300;006;129+2+97+97+0+0+0+0+97;0+33+4+1+59+0
6;27;2300;007;226+0+131+131+0+0+0+8+131;1+37+8+1+83+1
6;27;2300;008;97+4+77+77+0+0+0+9+77;3+14+3+0+57+0
6;27;2300;009;318+4+224+224+3+0+3+15+221;5+54+27+4+129+2
6;27;2300;010;283+1+175+175+0+1+1+11+174;2+64+6+5+94+3
6;27;2300;011;134+2+88+88+0+0+0+6+88;3+26+9+3+44+3
6;27;2300;012;340+4+228+228+0+0+0+9+228;1+53+20+12+137+5
6;27;2300;013;283+3+190+190+0+0+0+0+190;2+49+17+5+114+3
6;27;2400;001;733+0+303+303+0+1+1+0+302;3+107+63+10+111+8
6;27;2400;002;788+5+387+387+0+0+0+14+387;3+195+69+6+108+6
6;27;2400;003;993+0+459+459+1+3+4+0+455;6+211+74+18+128+18
6;27;2400;004;121+5+106+106+0+0+0+0+106;1+52+25+0+26+2
6;27;2400;005;190+10+189+189+0+0+0+0+189;2+67+68+6+41+5
6;27;2400;006;363+0+196+196+0+0+0+0+196;4+68+34+9+75+6
6;27;2400;007;95+1+71+71+2+0+2+0+69;1+17+11+3+34+3
6;27;2400;008;695+2+347+347+0+1+1+5+346;4+99+73+8+159+3
6;27;2400;009;509+0+221+221+1+0+1+11+220;1+47+42+10+113+7
6;27;2400;010;660+0+217+217+0+2+2+8+215;6+82+46+9+68+4
6;27;2400;011;439+0+201+201+1+1+2+0+199;3+96+17+11+65+7
6;27;2400;012;571+0+229+229+3+2+5+9+224;6+118+40+8+48+4
6;27;2400;013;667+0+251+251+0+0+0+0+251;4+112+40+1+66+28
6;27;2400;014;685+2+185+185+1+1+2+0+183;7+66+23+6+55+26
6;27;2400;015;780+1+316+316+3+0+3+0+313;7+126+34+3+137+6
6;27;2400;016;697+2+229+229+0+1+1+7+228;4+38+40+13+127+6
6;27;2400;017;601+0+242+242+0+1+1+4+241;12+82+43+2+99+3
6;27;2400;018;857+0+162+162+0+2+2+0+160;5+82+14+8+34+17
6;27;2400;019;595+0+244+244+1+3+4+14+240;3+69+26+13+117+12
6;27;2400;020;646+0+206+206+5+2+7+0+199;8+77+28+6+79+1
6;27;2400;021;642+1+159+159+0+0+0+0+159;4+52+20+5+73+5
6;27;2400;022;516+0+180+180+0+0+0+0+180;3+66+16+4+85+6
6;27;2700;001;833+9+416+416+0+0+0+17+416;5+114+97+17+175+8
6;27;2700;002;699+0+368+368+0+2+2+14+366;1+160+70+17+113+5
6;27;2700;003;355+0+355+355+4+0+4+0+351;2+139+89+9+101+11
6;27;2700;004;930+0+308+308+0+0+0+0+308;0+126+86+20+62+14
6;27;2700;005;653+0+232+232+1+0+1+0+231;0+98+65+2+61+5
6;27;2700;006;1002+5+291+291+0+1+1+0+290;2+114+73+10+83+8
6;27;2700;007;981+0+333+333+0+0+0+0+333;2+128+81+9+105+8
6;27;2700;008;977+0+397+397+0+0+0+0+397;2+130+116+15+123+11
6;27;2700;009;1019+1+377+377+0+0+0+11+377;2+147+85+9+127+7
6;27;2700;010;988+0+388+388+1+0+1+8+387;3+147+109+12+110+6
6;27;2700;011;496+0+202+202+1+0+1+4+201;0+63+43+4+87+4
6;27;2700;012;739+0+292+292+0+0+0+10+292;0+84+78+11+115+4
6;27;2700;013;905+0+323+323+1+1+2+7+321;4+102+97+11+98+9
6;27;2700;014;681+3+345+345+1+1+2+14+343;4+128+71+14+113+13
6;27;2700;015;448+0+239+239+1+2+3+4+236;7+100+29+22+71+7
6;27;2700;016;25+2+5+5+0+0+0+0+5;0+0+0+0+5+0
6;27;2700;017;144+3+111+111+0+0+0+0+111;0+40+14+5+47+5
6;27;2700;018;718+1+404+404+1+1+2+25+402;9+64+51+16+253+9
6;27;2700;019;351+4+192+192+0+1+1+12+191;1+80+19+5+79+7
6;27;2700;020;191+1+119+119+0+0+0+0+119;1+54+18+1+45+0
6;27;2700;021;220+2+148+148+0+0+0+8+148;1+56+13+7+69+2
6;27;2700;022;657+2+341+341+0+0+0+0+341;5+92+70+15+147+12
6;27;2700;023;569+3+296+296+0+3+3+17+293;6+99+47+8+125+8
6;27;2700;024;497+2+203+203+0+11+11+7+192;15+71+31+22+39+14
6;27;2700;025;372+0+209+209+0+1+1+0+208;5+66+28+8+93+8
6;27;2700;026;74+1+36+36+0+0+0+0+36;0+10+8+1+17+0
6;27;2700;027;145+0+100+100+0+0+0+0+100;2+45+9+6+36+2
6;27;2700;028;91+3+62+62+0+0+0+0+62;1+11+14+3+33+0
6;27;2700;029;106+0+67+67+0+1+1+0+66;0+21+5+0+39+1
6;27;2700;030;641+1+338+338+2+1+3+0+335;10+107+49+10+151+8
6;27;2700;031;143+0+90+90+0+0+0+0+90;0+43+15+0+32+0
6;27;2700;032;154+1+94+94+0+0+0+0+94;1+42+7+1+42+1
6;27;2700;033;77+0+59+59+0+0+0+4+59;0+8+5+0+46+0
6;27;2700;034;437+2+235+235+1+0+1+8+234;6+73+19+18+109+9
6;27;2700;035;185+1+154+154+0+0+0+8+154;0+32+13+2+103+4
6;27;2700;036;426+3+216+216+1+0+1+0+215;2+82+25+2+103+1
6;27;2700;037;383+2+262+262+0+0+0+11+262;3+72+23+11+151+2
6;27;2700;038;730+2+370+370+1+3+4+15+366;2+141+31+22+162+8
6;27;2700;039;531+1+258+258+0+0+0+5+258;1+84+50+12+108+3
6;27;3100;001;913+0+226+226+0+0+0+0+226;2+83+50+12+73+6
6;27;3100;002;993+0+286+286+0+2+2+0+284;6+110+77+8+69+14
6;27;3100;003;900+0+300+300+0+2+2+6+298;0+116+57+28+91+6
6;27;3100;004;859+0+245+245+0+0+0+0+245;1+86+61+14+76+7
6;27;3100;005;641+0+170+170+0+0+0+5+170;2+53+48+11+54+2
6;27;3100;006;832+0+287+287+0+1+1+5+286;0+127+62+12+72+13
6;27;3100;007;889+1+259+259+0+1+1+2+258;1+100+61+11+75+10
6;27;3100;008;944+0+356+356+0+1+1+0+355;5+110+97+14+113+16
6;27;3100;009;903+0+348+348+1+0+1+0+347;3+142+79+11+102+10
6;27;3100;010;941+1+320+320+0+1+1+15+319;5+103+73+14+120+4
6;27;3100;011;1001+0+343+343+0+0+0+27+343;1+125+73+9+122+13
6;27;3100;012;936+0+348+348+0+0+0+0+348;7+135+84+10+104+8
6;27;3100;013;991+0+357+357+0+0+0+10+357;3+154+79+10+97+14
6;27;3100;014;841+0+323+323+0+1+1+14+322;0+136+67+18+91+10
6;27;3100;015;889+0+355+355+0+0+0+10+355;5+157+77+14+95+7
6;27;3100;016;937+0+352+352+0+0+0+21+352;4+127+82+3+119+17
6;27;3100;017;778+0+333+333+0+0+0+7+333;5+141+57+10+109+11
6;27;3100;018;970+0+424+424+0+0+0+8+424;5+178+82+9+140+10
6;27;3100;019;986+1+384+384+0+0+0+10+384;3+199+83+8+85+6
6;27;3100;020;920+0+362+362+0+0+0+10+362;2+184+62+7+91+16
6;27;3100;021;935+7+319+319+0+1+1+3+318;3+125+69+18+98+5
6;27;3100;022;956+0+423+423+0+0+0+19+423;7+202+75+7+110+22
6;27;3100;023;926+0+364+364+0+0+0+8+364;2+181+71+15+86+9
6;27;3100;024;699+3+288+288+1+1+2+15+286;1+115+72+5+90+3
6;27;3100;025;608+0+212+212+1+0+1+2+211;2+79+35+8+79+8
6;27;3100;026;956+5+344+344+1+0+1+17+343;5+149+63+14+99+13
6;27;3100;027;916+0+406+406+0+0+0+0+406;2+160+75+13+144+12
6;27;3100;028;1019+8+449+449+0+0+0+19+449;4+196+70+12+151+16
6;27;3100;029;983+0+380+380+0+2+2+14+378;3+164+74+9+117+11
6;27;3100;030;818+1+343+343+0+0+0+9+343;3+153+60+5+117+5
6;27;3100;031;726+0+332+332+1+1+2+3+330;1+141+71+4+104+9
6;27;3100;032;962+0+389+389+0+0+0+17+389;3+152+77+9+135+13
6;27;3100;033;809+0+334+334+0+0+0+4+334;3+135+49+3+130+14
6;27;3100;034;950+0+461+461+2+0+2+30+459;5+175+77+9+185+8
6;27;3100;035;956+0+402+402+0+1+1+11+401;0+166+72+4+149+10
6;27;3100;036;721+0+314+314+1+0+1+11+313;1+139+46+3+116+8
6;27;3100;037;635+0+295+295+0+0+0+3+295;1+103+62+4+120+5
6;27;3100;038;976+0+424+424+1+0+1+0+423;1+163+85+2+164+8
6;27;3100;039;924+2+329+329+0+0+0+10+329;7+119+71+5+123+4
6;27;3100;040;868+1+305+305+0+0+0+5+305;1+116+77+10+94+7
6;27;3100;041;979+0+393+393+0+0+0+19+393;0+152+52+4+172+13
6;27;3100;042;775+1+338+338+0+0+0+9+338;0+138+74+5+115+6
6;27;3100;043;799+0+402+402+0+0+1+22+401;2+208+45+7+127+12
6;27;3100;044;959+0+447+447+1+0+1+15+446;4+188+84+8+151+11
6;27;3100;045;1025+0+405+405+0+0+0+0+405;5+154+73+7+162+4
6;27;3100;046;1014+0+351+351+0+0+0+0+351;7+118+82+14+117+13
6;27;3100;047;970+0+367+367+0+1+1+18+366;4+119+85+18+136+4
6;27;3100;048;802+0+221+221+0+1+1+5+220;1+84+44+12+73+6
6;27;3100;049;791+2+261+261+0+0+0+7+261;2+108+56+7+84+4
6;27;3100;050;909+0+439+439+0+0+0+0+439;0+199+71+11+145+13
6;27;3100;051;893+2+405+405+2+0+2+6+403;4+181+56+4+147+11
6;27;3100;052;995+0+481+481+2+1+3+11+478;1+191+75+6+201+4
6;27;3100;053;981+0+455+455+0+0+0+0+455;1+174+76+6+193+5
6;27;3100;054;987+0+427+427+2+0+2+28+425;0+194+69+9+134+19
6;27;3100;055;906+0+420+420+0+0+0+11+420;3+197+61+4+145+10
6;27;3100;056;938+0+478+478+0+0+0+0+478;4+262+78+7+123+4
6;27;3100;057;877+1+406+406+0+0+0+7+406;0+205+60+4+125+12
6;27;3100;058;831+9+364+364+1+0+1+16+363;1+186+73+6+83+14
6;27;3100;059;723+0+257+257+0+1+1+1+256;3+115+49+5+74+10
6;27;3100;060;863+1+394+394+1+0+1+8+393;4+132+57+13+180+7
6;27;3100;061;946+2+330+330+0+0+0+9+330;5+134+77+5+99+10
6;27;3100;062;845+0+306+306+0+0+0+10+306;2+111+42+6+130+15
6;27;3100;063;177+0+112+114+2+0+2+7+112;5+37+10+8+49+3
6;27;3100;064;893+0+343+343+0+0+0+0+343;1+88+79+8+158+9
6;27;3100;065;934+1+347+347+0+0+0+9+347;1+130+78+8+122+8
6;27;3100;066;1073+0+468+468+0+0+0+0+468;6+248+84+6+110+14
6;27;3100;067;1024+2+391+391+0+1+1+11+390;4+191+81+3+97+14
6;27;3100;068;934+0+445+445+1+0+1+10+444;2+210+83+4+139+6
6;27;3100;069;943+0+471+471+0+0+0+0+471;0+213+75+11+161+11
6;27;3100;070;846+0+329+329+0+0+0+12+329;4+164+61+4+82+14
6;27;3100;071;1001+0+499+499+0+0+0+0+499;2+197+70+5+212+13
6;27;3100;072;992+1+516+516+2+0+2+30+514;9+266+73+5+152+9
6;27;3100;073;898+1+429+429+0+0+0+11+429;3+166+74+11+157+18
6;27;3100;074;948+1+486+486+0+1+1+0+485;1+211+84+3+178+8
6;27;3100;075;886+1+423+423+0+0+0+14+423;3+155+60+12+181+12
6;27;3100;076;973+6+472+472+0+0+0+0+472;2+244+67+11+141+7
6;27;3100;077;892+0+420+420+1+0+1+9+419;2+180+69+8+150+10
6;27;3100;078;1015+0+432+432+1+0+1+0+431;4+193+80+8+138+8
6;27;3100;079;1011+0+485+485+3+0+3+11+482;3+198+87+7+168+19
6;27;3100;080;26+0+12+12+0+0+0+0+12;0+4+0+2+6+0
6;27;3100;081;715+3+323+323+0+0+0+6+323;2+152+51+8+99+11
6;27;3100;082;686+0+326+326+0+0+0+0+326;0+141+58+4+114+9
6;27;3100;083;846+0+384+384+0+0+0+0+384;2+173+84+5+113+7
6;27;3100;084;898+0+372+372+0+0+0+0+372;1+174+84+7+96+10
6;27;3100;085;981+0+460+460+0+0+0+0+460;2+226+72+8+137+15
6;27;3100;086;734+0+276+276+0+0+0+6+276;0+138+65+6+59+8
6;27;3100;087;1040+0+411+411+0+1+1+9+410;7+207+66+11+107+12
6;27;3100;088;852+0+384+384+0+0+0+13+384;3+178+56+9+128+10
6;27;3100;089;630+0+212+212+0+1+1+0+211;3+103+26+7+67+5
6;27;3100;090;913+5+311+311+0+2+2+10+309;5+97+102+17+84+4
6;27;3100;091;854+0+241+241+0+0+0+0+241;1+72+53+10+95+10
6;27;3100;092;856+0+456+456+1+1+2+19+454;4+191+68+7+169+15
6;27;3100;093;1002+0+440+440+2+0+2+17+438;5+203+66+6+149+9
6;27;3100;094;857+0+412+412+0+0+0+0+412;3+175+61+4+163+6
6;27;3100;095;970+0+419+419+1+0+1+10+418;4+181+70+2+127+34
6;27;3100;096;1024+7+441+441+0+1+1+0+440;4+194+76+5+140+21
6;27;3100;097;747+1+285+285+1+0+1+3+284;2+106+68+5+94+9
6;27;3100;098;967+0+460+460+0+0+0+7+460;7+218+77+4+145+9
6;27;3100;099;706+0+292+292+2+0+2+14+290;3+108+58+4+110+7
6;27;3100;100;1004+0+416+416+0+0+0+20+416;3+165+83+14+134+17
6;27;3100;101;903+0+388+388+0+0+0+0+388;3+149+90+6+128+12
6;27;3100;102;735+0+304+304+0+0+0+8+304;2+106+69+7+117+3
6;27;3100;103;927+11+362+362+0+0+0+0+362;3+158+64+17+99+21
6;27;3100;104;733+0+268+268+0+1+1+0+267;3+116+61+7+71+9
6;27;3100;105;603+0+230+230+2+0+2+8+228;3+116+40+5+61+3
6;27;3100;106;956+3+372+372+1+0+1+5+371;3+170+69+9+110+10
6;27;3100;107;711+0+238+238+1+1+2+10+236;1+101+36+7+79+12
6;27;3100;108;773+2+273+273+1+0+1+5+272;1+90+73+2+102+4
6;27;3100;109;700+1+283+283+0+0+0+18+283;5+96+53+14+109+6
6;27;3100;110;771+0+279+279+4+1+5+8+274;2+78+71+8+104+11
6;27;3100;111;767+1+272+272+0+0+0+11+272;2+104+42+7+109+8
6;27;3100;112;904+0+317+317+0+0+0+2+317;7+80+68+7+135+20
6;27;3100;113;810+0+267+267+2+0+2+0+265;4+110+56+5+84+6
6;27;3100;114;969+0+341+341+2+0+2+0+339;0+109+88+9+124+9
6;27;3100;115;814+2+320+320+0+0+0+7+320;4+96+87+12+118+3
6;27;3100;116;886+0+285+285+0+0+0+0+285;0+79+59+5+135+7
6;27;3100;117;874+0+351+351+1+0+1+14+350;1+135+58+4+141+11
6;27;3100;118;914+0+379+379+1+0+1+11+378;4+190+60+6+106+12
6;27;3100;119;1081+4+417+417+0+0+0+0+417;4+180+81+5+133+14
6;27;3100;120;1043+0+317+317+1+1+2+7+315;3+146+84+9+69+4
6;27;3100;121;994+0+326+326+0+0+0+0+326;3+136+75+13+87+12
6;27;3100;122;974+0+311+311+1+0+1+5+310;3+102+76+10+111+8
6;27;3100;123;1003+0+330+330+2+0+2+0+328;1+130+53+6+128+10
6;27;3100;124;830+0+246+246+0+1+1+2+245;0+103+44+10+79+9
6;27;3100;125;728+1+321+321+0+0+0+0+321;2+107+70+5+117+20
6;27;3100;126;932+4+423+423+0+1+1+0+422;6+160+85+21+137+13
6;27;3100;127;856+0+331+331+1+0+1+15+330;6+128+70+7+105+14
6;27;3100;128;1000+0+401+401+0+0+0+3+401;5+161+93+6+122+14
6;27;3100;129;923+0+277+277+2+1+3+11+274;1+118+71+5+76+3
6;27;3100;130;857+0+271+271+0+0+0+6+271;2+132+52+14+57+14
6;27;3100;131;876+0+294+294+0+0+0+4+294;2+128+73+12+70+9
6;27;3100;132;942+0+334+334+1+0+1+4+333;1+128+86+14+87+17
6;27;3100;133;924+0+266+266+2+4+6+6+260;11+96+20+23+102+8
6;27;3100;134;824+0+261+261+0+0+0+10+261;1+95+38+7+112+8
6;27;3100;135;764+0+208+208+1+2+3+6+205;9+97+32+10+47+10
6;27;3100;136;891+0+188+188+0+2+2+0+186;17+66+26+8+68+1
6;27;3100;137;1017+0+328+328+1+1+2+4+326;19+122+17+38+120+10
6;27;3100;138;784+3+211+211+2+2+4+7+207;8+78+7+28+83+3
6;27;3100;139;843+0+297+297+5+3+8+0+289;13+128+20+24+93+11
6;27;3100;140;958+4+310+310+1+0+1+0+309;3+84+83+12+100+27
6;27;3100;141;925+1+292+292+0+0+0+3+292;4+116+80+15+70+7
6;27;3100;142;901+0+328+328+3+0+3+5+325;5+156+73+7+75+9
6;27;3100;143;772+2+267+267+0+0+0+0+267;2+116+49+9+84+7
6;27;3100;144;930+0+309+309+1+0+1+5+308;3+114+80+14+82+15
6;27;3100;145;90+4+20+20+0+0+0+0+20;0+7+8+0+5+0
6;27;3100;146;891+0+268+268+0+0+0+0+268;2+122+67+6+55+16
6;27;3100;147;931+1+306+306+1+0+1+0+305;1+142+76+5+68+13
6;27;3100;148;995+0+250+250+2+0+2+0+248;1+93+52+16+77+9
6;27;3100;149;956+0+321+321+0+0+0+0+321;0+144+81+9+73+14
6;27;3100;150;527+4+355+355+2+1+3+0+352;2+66+23+10+246+5
6;27;3100;151;54+6+53+53+0+0+0+0+53;0+7+7+2+37+0
6;27;3100;152;137+5+115+115+0+0+0+0+115;0+14+14+3+79+5
6;27;3100;153;686+2+356+356+0+4+4+20+352;3+67+19+16+220+27
6;27;3100;154;167+7+93+93+0+0+0+0+93;0+30+11+6+41+5
6;27;3100;155;208+0+135+135+0+0+0+0+135;2+51+7+1+72+2
6;27;3100;156;746+0+359+359+0+3+3+5+356;3+82+42+15+209+5
6;27;3100;157;226+1+129+129+0+0+0+0+129;0+27+27+11+58+6
6;27;3100;158;1072+8+562+562+0+0+0+32+562;10+126+71+28+318+9
6;27;3100;159;533+2+271+271+1+0+1+24+270;3+68+28+5+164+2
6;27;3100;160;566+0+239+239+0+0+0+0+239;4+75+44+7+99+10
6;27;3100;161;821+3+360+360+0+1+1+17+359;10+89+29+13+200+18
6;27;3100;162;241+6+140+140+0+0+0+0+140;0+72+18+4+43+3
6;27;3100;163;100+2+71+71+0+0+0+0+71;0+33+3+2+31+2
6;27;3100;164;405+2+228+228+0+0+0+2+228;4+84+32+3+102+3
6;27;3100;165;225+0+143+143+0+0+0+0+143;0+53+23+6+57+4
6;27;3100;166;99+2+67+67+0+0+0+0+67;0+17+7+1+42+0
6;27;3100;167;291+0+173+173+0+0+0+3+173;0+54+27+3+86+3
6;27;3100;168;88+2+90+90+1+0+1+0+89;1+17+15+1+52+3
6;27;3100;169;173+9+110+110+0+0+0+6+110;2+28+20+1+58+1
6;27;3100;170;167+4+130+130+0+1+1+7+129;0+21+16+1+88+3
6;27;3100;171;155+6+113+113+0+2+2+2+111;1+34+5+6+62+3
6;27;3100;172;170+2+131+131+1+1+2+6+129;1+52+20+5+46+5
6;27;3100;173;135+6+110+110+0+0+0+8+110;2+35+6+1+63+3
6;27;3100;174;152+5+118+118+0+1+1+8+117;2+25+19+2+69+0
6;27;3100;175;621+1+398+398+0+0+0+20+398;1+113+46+6+226+6
6;27;3100;176;81+4+57+57+0+0+0+3+57;3+24+12+1+16+1
6;27;3100;177;304+3+181+181+0+0+0+0+181;2+69+24+2+83+1
6;27;3100;178;131+6+103+103+0+0+0+2+103;3+28+7+3+62+0
6;27;3100;179;100+0+73+73+0+0+0+0+73;3+35+3+8+17+7
6;27;3100;180;510+3+224+224+0+1+1+0+223;4+88+33+27+68+3
6;27;3100;181;492+2+284+284+0+0+0+0+284;1+118+48+3+111+3
6;27;3100;182;323+3+210+210+0+0+0+12+210;2+61+14+7+123+3
6;27;3100;183;743+5+369+369+0+2+2+38+367;6+109+24+7+216+5
6;27;3100;184;384+1+209+209+0+1+1+4+208;5+73+28+2+98+2
6;27;3100;185;199+10+92+92+1+0+1+4+91;1+22+12+8+48+0
6;27;3100;186;103+2+69+69+0+0+0+0+69;0+16+6+4+43+0
6;27;3100;187;203+3+119+119+1+0+1+0+118;4+23+11+2+73+5
6;27;3100;188;391+5+214+214+0+0+0+0+214;2+90+27+1+91+3
6;27;3100;189;91+0+58+58+0+0+0+0+58;1+22+2+0+31+2
6;27;3100;190;264+4+153+153+1+0+1+0+152;1+73+13+4+56+5
6;27;3100;191;339+4+175+175+0+0+0+14+175;4+38+29+4+92+8
6;27;3100;192;240+10+175+175+0+1+1+10+174;1+50+24+4+95+0
6;27;3100;193;303+4+146+146+1+0+1+10+145;5+66+14+5+50+5
6;27;3100;194;175+4+123+123+0+0+0+0+123;0+25+6+1+88+3
6;27;3100;195;645+1+334+334+1+1+2+23+332;1+78+20+17+213+3
6;27;3100;196;383+3+217+217+0+0+0+0+217;3+69+28+7+107+3
6;27;3100;197;504+4+234+234+0+0+0+0+234;2+68+51+10+96+7
6;27;3100;198;227+2+128+128+0+0+0+0+128;0+45+12+6+61+4
6;27;3100;199;46+0+21+21+1+0+1+0+20;1+5+0+1+12+1
6;27;3100;200;504+7+277+277+0+1+1+22+276;6+81+35+13+136+5
6;27;3100;201;547+4+280+280+0+3+3+18+277;4+98+41+16+113+5
6;27;3100;202;551+5+233+233+0+0+0+0+233;1+90+47+4+88+3
6;27;3100;203;570+0+272+272+0+0+0+0+272;2+106+50+2+107+5
6;27;3100;204;147+8+137+137+0+1+1+0+136;5+70+11+13+5+32
6;27;3100;205;46+0+39+39+1+0+1+0+38;0+13+2+1+20+2
6;27;3100;206;136+0+136+136+0+0+0+0+136;4+50+26+7+46+3
6;27;3600;001;884+1+403+403+0+1+1+0+402;4+142+92+7+154+3
6;27;3600;002;866+1+286+286+0+0+0+9+286;4+76+83+8+108+7
6;27;3600;003;940+0+354+354+0+0+0+26+354;7+96+88+19+136+8
6;27;3600;004;946+0+477+477+0+2+2+29+475;3+164+63+10+218+17
6;27;3600;005;920+0+434+434+0+2+2+5+432;3+151+57+7+208+6
6;27;3600;006;899+0+309+309+2+0+2+0+307;13+145+35+7+101+6
6;27;3600;007;693+2+315+315+0+3+3+12+312;10+165+10+12+114+1
6;27;3600;008;762+0+232+232+2+0+2+4+230;3+57+26+13+128+3
6;27;3600;009;909+2+333+333+1+1+2+4+331;1+77+74+11+165+3
6;27;3600;010;904+0+390+390+1+2+3+10+387;5+120+93+13+148+8
6;27;3600;011;958+0+374+374+1+0+1+0+373;3+116+66+16+160+12
6;27;3600;012;793+0+324+324+0+0+0+0+324;0+105+74+3+136+6
6;27;3600;013;915+0+424+424+0+0+0+20+424;5+145+84+4+171+15
6;27;3600;014;803+1+272+272+1+1+2+0+270;3+78+51+4+128+6
6;27;3600;015;904+2+363+363+2+0+2+14+361;4+95+84+4+165+9
6;27;3600;016;839+0+381+381+0+0+0+35+381;0+98+76+4+198+5
6;27;3600;017;741+0+337+337+1+3+4+14+333;3+119+60+6+137+8
6;27;3600;018;945+3+308+308+0+0+0+3+308;1+89+86+17+110+5
6;27;3600;019;48+0+20+20+0+0+0+2+20;0+5+1+1+13+0
6;27;3600;020;611+2+304+304+0+1+1+2+303;2+53+48+19+174+7
6;27;3600;021;682+1+275+275+0+0+0+17+275;5+67+33+15+149+6
6;27;3600;022;280+2+165+165+0+0+0+0+165;1+64+14+1+81+4
6;27;3600;023;96+16+79+79+0+0+0+7+79;0+25+6+1+44+3
6;27;3600;024;176+4+82+82+1+0+1+3+81;3+24+9+3+42+0
6;27;3600;025;950+6+470+470+1+0+1+12+469;4+74+20+41+321+9
6;27;3600;026;613+4+415+415+0+0+0+8+415;4+91+12+7+297+4
6;27;3600;027;177+2+129+129+1+0+1+0+128;4+39+9+0+74+2
6;27;3600;028;48+0+31+31+0+0+0+1+31;1+18+3+0+9+0
6;27;3600;029;182+12+135+135+0+0+0+10+135;1+35+6+4+87+2
6;27;3600;030;286+10+176+176+0+0+0+7+176;2+60+8+1+102+3
6;27;3600;031;130+10+90+90+0+0+0+7+90;1+32+10+0+46+1
6;27;3600;032;333+4+248+248+0+0+0+0+248;2+74+9+1+159+3
6;27;3600;033;167+5+115+115+0+0+0+0+115;0+39+3+3+70+0
6;27;3600;034;248+9+188+188+0+0+0+0+188;1+54+6+2+124+1
6;27;3600;035;485+9+248+248+0+1+1+0+247;2+61+31+11+141+1
6;27;3600;036;380+12+252+252+0+0+0+12+252;2+46+33+9+160+2
6;27;3600;037;244+9+186+186+0+0+0+5+186;3+65+18+4+93+3
6;27;3600;038;142+4+103+103+0+0+0+10+103;0+25+6+0+71+1
6;27;3600;039;55+8+63+63+0+0+0+2+63;0+31+5+1+25+1
6;27;3700;001;771+0+347+347+0+0+0+7+347;4+96+74+10+157+6
6;27;3700;002;792+0+335+335+1+1+2+7+333;5+67+70+12+172+7
6;27;3700;003;853+0+345+345+3+0+3+2+342;0+61+69+23+174+15
6;27;3700;004;635+0+269+269+1+2+3+0+266;6+76+61+14+103+6
6;27;3700;005;698+2+252+252+1+4+5+0+247;4+60+31+11+135+6
6;27;3700;006;496+1+253+253+0+6+6+6+247;0+44+43+10+147+3
6;27;3700;007;104+1+47+47+0+0+0+0+47;2+13+5+6+17+4
6;27;3700;008;57+1+39+39+2+2+4+0+35;0+15+8+1+9+2
6;27;3700;009;58+2+29+29+0+1+1+2+28;1+6+3+0+17+1
6;27;3800;001;925+1+389+389+1+0+1+10+388;1+106+56+15+203+7
6;27;3800;002;586+0+225+225+0+0+0+6+225;2+46+51+8+114+4
6;27;3800;003;798+0+271+271+0+3+3+16+268;4+163+15+10+71+5
6;27;3800;004;440+6+246+246+1+2+3+5+243;5+76+18+9+133+2
6;27;3800;005;601+0+272+272+0+2+2+16+270;11+110+32+15+96+6
6;27;3800;006;345+5+213+213+1+2+2+4+211;1+93+23+6+86+2
[END]

[AGGR]
27;6;   ;6+486+486+317355+962+133358+133360+223+236+458+3707+132902;1439+48795+22587+4222+52284+3575
[END]

