[INFO]
28;Т║░гови╣е;201
[END]

[IZB]
28;6;   ;;11.11.2001;1;6;294
[END]

[NM]
2802;001;г░. Ан▓оново;00518;00
2802;002;▒. Банкове╢;02628;00
2802;003;▒. Богомол▒ко;04755;00
2802;005;▒. Великов╢и;10433;00
2802;006;▒. Вел╝ово;10584;00
2802;007;▒. Гла╕а▓ай;15045;00
2802;009;▒. Го░на Зла▓и╢а;16211;00
2802;012;▒. Девино;20479;00
2802;013;▒. Дл║жка пол┐на;21275;00
2802;014;▒. Доб░о▓и╢а;21703;00
2802;015;▒. Долна Зла▓и╢а;22099;00
2802;017;▒. Изво░ово;32473;00
2802;019;▒. Капи╣е;36169;00
2802;020;▒. Ки▓ино;37040;00
2802;021;▒. Коноп;38323;00
2802;023;▒. К░│╕олак;40258;00
2802;025;▒. К╝о▒ев╢и;41099;00
2802;026;▒. Л╛би╖ево;44598;00
2802;028;▒. Малог░аде╢;46735;00
2802;031;▒. Милино;48194;00
2802;032;▒. Мо░ави╢а;49045;00
2802;033;▒. Мо░авка;49059;00
2802;034;▒. О░а╖;53641;00
2802;035;▒. Пи░ине╢;56424;00
2802;039;▒. Равно ▒ело;61251;00
2802;040;▒. Раздел╢и;61769;00
2802;041;▒. Сви░╖ово;65752;00
2802;042;▒. Свободи╢а;65855;00
2802;044;▒. Семе░╢и;66175;00
2802;045;▒. С▓а░а ░е╖ка;68881;00
2802;046;▒. С▓а░╖и╣е;69136;00
2802;047;▒. С▓ев░ек;69146;00
2802;049;▒. С▓ойново;69376;00
2802;051;▒. Тайми╣е;72062;00
2802;053;▒. Т░е▒каве╢;73078;00
2802;054;▒. Чекан╢и;80279;00
2802;055;▒. Че░на вода;80786;00
2802;056;▒. Че░ни б░┐г;80892;00
2802;057;▒. Ши╕кови╢а;83332;00
2802;061;▒. Я▒▓░ебино;87686;00
2822;001;▒. Беломо░╢и;03647;00
2822;002;▒. Бо▒▓ан;05774;00
2822;003;▒. Б║лга░аново;07243;00
2822;004;▒. Великден╖е;10392;00
2822;005;▒. Вели╖ка;10481;00
2822;006;▒. Ве░ен╢и;10687;00
2822;007;▒. Ве▒еле╢;10728;00
2822;008;▒. Ви▒ок;11212;00
2822;009;▒. В░ани кон;12156;00
2822;010;▒. Гол┐мо Ц║░кви╣е;15922;00
2822;011;▒. Го░на Х│бавка;16420;00
2822;012;▒. Го░но Коза░ево;16818;00
2822;013;▒. Го░но Новково;16849;00
2822;014;▒. Го░▒ко ▒ело;17230;00
2822;015;▒. Долна Х│бавка;22280;00
2822;016;▒. Долно Коза░ево;22664;00
2822;017;▒. Долно Новково;22719;00
2822;019;▒. Звезди╢а;31416;00
2822;020;▒. Зелена мо░ава;30692;00
2822;021;▒. Змеино;31262;00
2822;022;▒. Илиино;32620;00
2822;023;▒. Камб│░ово;35643;00
2822;024;▒. Ке▒▓ен┐во;36806;00
2822;025;▒. К░а▒но▒ел╢и;39596;00
2822;026;▒. Малко Ц║░кви╣е;46677;00
2822;027;▒. Могиле╢;48790;00
2822;028;▒. Оби▓ел;53062;00
2822;029;г░. Ом│░▓аг;53535;00
2822;030;▒. Панайо▓ Хи▓ово;55327;00
2822;031;▒. Пани╖ино;55381;00
2822;032;▒. Пе▓░ино;56112;00
2822;033;▒. Пл║▒▓ина;56856;00
2822;034;▒. П░езви▓е░ Козма;37811;00
2822;035;▒. П▓и╖ево;58774;00
2822;036;▒. П║да░ино;58972;00
2822;037;▒. П║░ван;59029;00
2822;040;▒. Р║▓лина;63639;00
2822;041;▒. С░еди╣е;68360;00
2822;042;▒. С▓ане╢;68761;00
2822;043;▒. Т║п╖иле╣ово;73609;00
2822;044;▒. Угледно;75013;00
2822;045;▒. Ца░ев╢и;78166;00
2822;046;▒. Це░ови╣е;78450;00
2822;047;▒. Че░нокап╢и;81147;00
2823;001;▒. Гол┐мо Г░ади╣е;15833;00
2823;002;▒. Го░▒ко Абланово;17172;00
2823;003;▒. Г║░╖иново;18407;00
2823;004;▒. К░еп╖а;39671;00
2823;005;▒. Л╛блен;44608;00
2823;006;г░. Опака;53552;00
2824;001;▒. Ап░илово;00566;00
2824;002;▒. Баба Тонка;02021;00
2824;003;▒. Бе░ков▒ки;03931;00
2824;004;▒. Б░акни╢а;06046;00
2824;005;▒. Води╢а;11716;00
2824;006;▒. Гагово;14307;00
2824;007;▒. Глогинка;15103;00
2824;008;▒. Го░и╢а;16081;00
2824;009;▒. Доле╢;21937;00
2824;010;▒. Долна Кабда;22109;00
2824;011;▒. Д░иново;23738;00
2824;012;▒. Еленово;27259;00
2824;013;▒. Заве▓но;30079;00
2824;014;▒. За░аево;30332;00
2824;015;▒. За╡а░и С▓о┐ново;30404;00
2824;016;▒. Звезда;30449;00
2824;017;▒. Иван╖а;32189;00
2824;018;▒. Ка░дам;36470;00
2824;019;▒. Кова╖еве╢;37469;00
2824;020;▒. Кози╢а;37748;00
2824;021;▒. Конак;38193;00
2824;022;▒. Лом╢и;44286;00
2824;023;▒. Мана▒▓и░╢а;47007;00
2824;024;▒. Ма░╖ино;47411;00
2824;025;▒. Медовина;47634;00
2824;026;▒. О▒иково;54208;00
2824;027;▒. Палама░╢а;55213;00
2824;028;▒. Помо╣и╢а;57501;00
2824;029;г░. Попово;57649;00
2824;030;▒. По▒абина;57875;00
2824;031;▒. Садина;65067;00
2824;032;▒. Све▓лен;65557;00
2824;033;▒. Слав┐ново;67091;00
2824;034;▒. Т░║▒▓ика;73376;00
2824;035;▒. Ца░ А▒ен;78077;00
2835;001;▒. Алваново;00215;00
2835;002;▒. Алек▒анд░ово;00312;00
2835;003;▒. Ба┐╖ево;03037;00
2835;004;▒. Би▒▓░а;04159;00
2835;005;▒. Бож│░ка;05030;00
2835;006;▒. Б░а▓ово;06166;00
2835;007;▒. Б│йново;06882;00
2835;008;▒. Б│╡ов╢и;07154;00
2835;009;▒. Ва░д│н;10121;00
2835;010;▒. Ва▒ил Лев▒ки;10238;00
2835;011;▒. Гол┐мо Ново;15895;00
2835;012;▒. Гол┐мо Соколово;15919;00
2835;013;▒. Го░на Кабда;16225;00
2835;014;▒. Давидово;20050;00
2835;015;▒. Д░аганове╢;23087;00
2835;016;▒. Д░ал┤а;23546;00
2835;017;▒. Д║лга╖;24520;00
2835;018;▒. Зд░аве╢;30644;00
2835;019;▒. Коп░е╢;38501;00
2835;020;▒. Ко╕ни╖а░и;39195;00
2835;021;▒. К░алево;39390;00
2835;022;▒. К░║╕но;40395;00
2835;023;▒. Лил┐к;43685;00
2835;024;▒. Лове╢;43935;00
2835;025;▒. Мака░иопол▒ко;46190;00
2835;026;▒. Маково;46228;00
2835;027;▒. Миладинов╢и;48091;00
2835;028;▒. Ми░ове╢;48338;00
2835;029;▒. Момино;48920;00
2835;030;▒. Нада░ево;51024;00
2835;031;▒. Ов╖а░ово;53223;00
2835;032;▒. О▒ен;54081;00
2835;033;▒. О▒▓░е╢;54345;00
2835;034;▒. Пайд│╕ко;55201;00
2835;035;▒. Певе╢;55662;00
2835;036;▒. Подго░и╢а;57008;00
2835;037;▒. П░е▒еле╢;58195;00
2835;038;▒. П░е▒и┐н;58219;00
2835;039;▒. П░е▒┐к;58298;00
2835;040;▒. П░об│да;58493;00
2835;041;▒. П░олаз;58579;00
2835;042;▒. Разбойна;61676;00
2835;043;▒. Рали╢а;62164;00
2835;044;▒. Ро▒ина;63077;00
2835;045;▒. Р│е╢;63241;00
2835;046;▒. С▓░ажа;69599;00
2835;047;▒. С║единение;70545;00
2835;048;▒. Тв║░дин╢и;72148;00
2835;049;г░. Т║░гови╣е;73626;00
2835;050;▒. Т║░нов╢а;73701;00
2835;051;▒. Цве▓ни╢а;78297;00
2835;052;▒. Че░ковна;80741;00
[END]

[SEC]
28;0200;001;6;001
28;0200;002;6;001
28;0200;003;6;001
28;0200;004;6;002
28;0200;005;6;003
28;0200;006;6;006
28;0200;007;6;005
28;0200;008;6;007
28;0200;009;6;009
28;0200;010;6;012
28;0200;011;6;013
28;0200;012;6;014
28;0200;013;6;015
28;0200;014;6;017
28;0200;015;6;019
28;0200;016;6;020
28;0200;017;6;021
28;0200;018;6;023
28;0200;019;6;025
28;0200;020;6;026
28;0200;021;6;028
28;0200;022;6;031
28;0200;023;6;032
28;0200;024;6;033
28;0200;025;6;034
28;0200;026;6;035
28;0200;027;6;039
28;0200;028;6;040
28;0200;029;6;041
28;0200;030;6;042
28;0200;031;6;044
28;0200;032;6;045
28;0200;033;6;046
28;0200;034;6;047
28;0200;035;6;049
28;0200;036;6;051
28;0200;037;6;053
28;0200;038;6;054
28;0200;039;6;055
28;0200;040;6;056
28;0200;041;6;057
28;0200;042;6;061
28;2200;001;6;029
28;2200;002;6;029
28;2200;003;6;029
28;2200;004;6;029
28;2200;005;6;029
28;2200;006;6;029
28;2200;007;6;029
28;2200;008;6;029
28;2200;009;6;029
28;2200;010;6;029
28;2200;011;6;029
28;2200;012;6;001
28;2200;013;6;002
28;2200;014;6;003
28;2200;015;6;004
28;2200;016;6;005
28;2200;017;6;006
28;2200;018;6;007
28;2200;019;6;008
28;2200;020;6;009
28;2200;021;6;010
28;2200;022;6;011
28;2200;023;6;012
28;2200;024;6;013
28;2200;025;6;014
28;2200;026;6;015
28;2200;027;6;016
28;2200;028;6;017
28;2200;029;6;019
28;2200;030;6;020
28;2200;031;6;021
28;2200;032;6;022
28;2200;033;6;023
28;2200;034;6;023
28;2200;035;6;024
28;2200;036;6;034
28;2200;037;6;025
28;2200;038;6;027
28;2200;039;6;028
28;2200;040;6;026
28;2200;041;6;030
28;2200;042;6;031
28;2200;043;6;032
28;2200;044;6;033
28;2200;045;6;035
28;2200;046;6;036
28;2200;047;6;037
28;2200;048;6;040
28;2200;049;6;041
28;2200;050;6;042
28;2200;051;6;043
28;2200;052;6;044
28;2200;053;6;045
28;2200;054;6;046
28;2200;055;6;047
28;2200;056;6;029
28;2300;001;6;006
28;2300;002;6;006
28;2300;003;6;006
28;2300;004;6;006
28;2300;005;6;004
28;2300;006;6;004
28;2300;007;6;001
28;2300;008;6;001
28;2300;009;6;002
28;2300;010;6;003
28;2300;011;6;005
28;2400;001;6;029
28;2400;002;6;029
28;2400;003;6;029
28;2400;004;6;029
28;2400;005;6;029
28;2400;006;6;029
28;2400;007;6;029
28;2400;008;6;029
28;2400;009;6;029
28;2400;010;6;029
28;2400;011;6;029
28;2400;012;6;029
28;2400;013;6;029
28;2400;014;6;029
28;2400;015;6;029
28;2400;016;6;029
28;2400;017;6;029
28;2400;018;6;029
28;2400;019;6;029
28;2400;020;6;029
28;2400;021;6;029
28;2400;022;6;029
28;2400;023;6;029
28;2400;024;6;029
28;2400;025;6;029
28;2400;026;6;029
28;2400;027;6;001
28;2400;028;6;002
28;2400;029;6;003
28;2400;030;6;004
28;2400;031;6;005
28;2400;032;6;006
28;2400;033;6;007
28;2400;034;6;008
28;2400;035;6;009
28;2400;036;6;010
28;2400;037;6;011
28;2400;038;6;012
28;2400;039;6;015
28;2400;040;6;013
28;2400;041;6;014
28;2400;042;6;014
28;2400;043;6;016
28;2400;044;6;017
28;2400;045;6;018
28;2400;046;6;018
28;2400;047;6;019
28;2400;048;6;020
28;2400;049;6;021
28;2400;050;6;022
28;2400;051;6;022
28;2400;052;6;023
28;2400;053;6;024
28;2400;054;6;025
28;2400;055;6;026
28;2400;056;6;027
28;2400;057;6;028
28;2400;058;6;030
28;2400;059;6;031
28;2400;060;6;031
28;2400;061;6;032
28;2400;062;6;032
28;2400;063;6;033
28;2400;064;6;033
28;2400;065;6;034
28;2400;066;6;035
28;3500;001;6;049
28;3500;002;6;049
28;3500;003;6;049
28;3500;004;6;049
28;3500;005;6;049
28;3500;006;6;049
28;3500;007;6;049
28;3500;008;6;049
28;3500;009;6;049
28;3500;010;6;049
28;3500;011;6;049
28;3500;012;6;049
28;3500;013;6;049
28;3500;014;6;049
28;3500;015;6;049
28;3500;016;6;049
28;3500;017;6;049
28;3500;018;6;049
28;3500;019;6;049
28;3500;020;6;049
28;3500;021;6;049
28;3500;022;6;049
28;3500;023;6;049
28;3500;024;6;049
28;3500;025;6;049
28;3500;026;6;049
28;3500;027;6;049
28;3500;028;6;049
28;3500;029;6;049
28;3500;030;6;049
28;3500;031;6;049
28;3500;032;6;049
28;3500;033;6;049
28;3500;034;6;049
28;3500;035;6;049
28;3500;036;6;049
28;3500;037;6;049
28;3500;038;6;049
28;3500;039;6;049
28;3500;040;6;049
28;3500;041;6;049
28;3500;042;6;049
28;3500;043;6;049
28;3500;044;6;049
28;3500;045;6;049
28;3500;046;6;049
28;3500;047;6;049
28;3500;048;6;049
28;3500;049;6;049
28;3500;050;6;049
28;3500;051;6;049
28;3500;052;6;049
28;3500;053;6;049
28;3500;054;6;049
28;3500;055;6;049
28;3500;056;6;049
28;3500;057;6;049
28;3500;058;6;049
28;3500;059;6;049
28;3500;060;6;049
28;3500;061;6;049
28;3500;062;6;049
28;3500;063;6;049
28;3500;064;6;049
28;3500;065;6;049
28;3500;066;6;002
28;3500;067;6;001
28;3500;068;6;003
28;3500;069;6;004
28;3500;070;6;006
28;3500;071;6;005
28;3500;072;6;008
28;3500;073;6;007
28;3500;074;6;010
28;3500;075;6;009
28;3500;076;6;012
28;3500;077;6;011
28;3500;078;6;013
28;3500;079;6;014
28;3500;080;6;017
28;3500;081;6;015
28;3500;082;6;016
28;3500;083;6;018
28;3500;084;6;021
28;3500;085;6;021
28;3500;086;6;019
28;3500;087;6;020
28;3500;088;6;022
28;3500;089;6;023
28;3500;090;6;023
28;3500;091;6;024
28;3500;092;6;029
28;3500;093;6;025
28;3500;094;6;026
28;3500;095;6;027
28;3500;096;6;028
28;3500;097;6;030
28;3500;098;6;031
28;3500;099;6;032
28;3500;100;6;033
28;3500;101;6;036
28;3500;102;6;039
28;3500;103;6;040
28;3500;104;6;034
28;3500;105;6;038
28;3500;106;6;037
28;3500;107;6;041
28;3500;108;6;035
28;3500;109;6;042
28;3500;110;6;043
28;3500;111;6;045
28;3500;112;6;044
28;3500;113;6;046
28;3500;114;6;047
28;3500;115;6;050
28;3500;116;6;048
28;3500;117;6;051
28;3500;118;6;052
28;3500;119;6;052
[END]

[MAJ]
28;6;   ;01;;;Пе▓║░ Ки░илов Бе░он и С▓о┐н В║л╖ев Анд░еев;, ;ПКБ+СВА;954;0;1
28;6;   ;02;;;Пе▓║░ С▓е┤анов С▓о┐нов и Нели Пе▓░ова К│╢кова;, ;ПСС+НПК;12604;2;2
28;6;   ;03;;;Богомил Ангелов Бонев и А▓ана▒ Иванов Желез╖ев;, ;БАБ+АИЖ;8096;0;3
28;6;   ;04;;;Жо░ж Ган╖ев Ган╖ев и Ве▒елин С▓о┐нов Бон╖ев;, ;ЖГГ+ВСБ;1609;0;4
28;6;   ;05;;;Гео░ги Седе┤╖ов П║░ванов и Ангел Иванов Ма░ин;, ;ГСП+АИМ;20347;2;5
28;6;   ;06;;;Рене▓а Иванова Инджова и К░║▒▓╛ Николов Илов;, ;РИИ+КНИ;7337;0;6
[END]

[PROP]
[END]

[LISTI]
[END]

[PROT]
6;28;0200;001;648+1+298+298+1+1+2+13+296;2+75+72+7+136+4
6;28;0200;002;582+0+268+268+0+4+4+0+264;3+99+36+9+106+11
6;28;0200;003;45+2+28+28+0+0+0+0+28;0+12+1+1+11+3
6;28;0200;004;56+3+23+23+0+0+0+0+23;0+7+6+3+6+1
6;28;0200;005;39+1+25+25+0+0+0+0+25;0+5+2+4+2+12
6;28;0200;006;77+4+50+50+0+1+1+1+49;1+19+8+4+11+6
6;28;0200;007;74+2+55+55+0+1+1+0+54;1+23+5+1+15+9
6;28;0200;008;24+1+24+24+0+0+0+0+24;1+20+1+0+2+0
6;28;0200;009;45+3+31+31+0+0+0+0+31;1+5+3+2+19+1
6;28;0200;010;47+4+40+40+0+0+0+0+40;0+5+2+1+31+1
6;28;0200;011;68+1+44+44+0+0+0+0+44;1+8+2+1+26+6
6;28;0200;012;283+1+154+154+0+4+4+7+150;6+43+17+4+57+23
6;28;0200;013;35+2+24+24+0+0+0+0+24;0+12+4+0+8+0
6;28;0200;014;324+3+224+224+1+1+2+12+222;3+71+19+11+115+3
6;28;0200;015;94+1+71+71+0+0+0+0+71;1+33+7+1+23+6
6;28;0200;016;70+1+53+53+0+0+0+0+53;0+10+8+1+34+0
6;28;0200;017;171+3+98+98+0+0+0+0+98;2+49+8+1+13+25
6;28;0200;018;64+2+33+33+0+0+0+0+33;1+18+1+2+5+6
6;28;0200;019;84+1+62+62+0+0+0+0+62;0+15+11+5+30+1
6;28;0200;020;350+2+211+211+3+0+3+0+208;7+109+21+9+45+17
6;28;0200;021;73+3+63+63+0+0+0+4+63;0+16+3+2+42+0
6;28;0200;022;23+2+25+25+0+0+0+0+25;0+8+0+1+9+7
6;28;0200;023;91+3+67+67+0+0+0+3+67;0+31+6+0+30+0
6;28;0200;024;209+1+114+114+0+0+0+3+114;4+36+9+2+34+29
6;28;0200;025;68+2+54+54+0+0+0+0+54;0+9+10+0+34+1
6;28;0200;026;28+3+22+22+0+0+0+1+22;0+1+7+1+12+1
6;28;0200;027;54+3+30+30+0+0+0+0+30;3+7+2+3+7+8
6;28;0200;028;305+6+130+130+1+0+1+3+129;0+49+3+3+34+40
6;28;0200;029;51+2+35+35+0+0+0+0+35;1+13+1+0+1+19
6;28;0200;030;41+6+28+28+0+0+0+0+28;0+9+2+3+12+2
6;28;0200;031;184+1+92+92+1+3+4+1+88;5+20+19+2+25+17
6;28;0200;032;52+2+36+36+0+0+0+0+36;2+15+5+1+10+3
6;28;0200;033;95+2+47+47+0+0+0+0+47;4+18+6+1+6+12
6;28;0200;034;249+1+250+250+0+1+1+6+249;1+102+17+7+101+21
6;28;0200;035;35+3+19+19+0+0+0+0+19;0+13+0+5+1+0
6;28;0200;036;195+1+114+114+0+2+2+0+112;4+33+8+5+53+9
6;28;0200;037;716+1+340+340+3+5+8+16+332;7+111+24+8+84+98
6;28;0200;038;47+2+26+26+0+0+0+0+26;0+16+2+1+6+1
6;28;0200;039;92+3+56+56+0+0+0+0+56;0+17+2+2+18+17
6;28;0200;040;90+1+91+91+0+0+0+0+91;0+19+12+3+55+2
6;28;0200;041;30+5+27+27+0+0+0+0+27;0+15+1+0+11+0
6;28;0200;042;97+2+53+53+1+0+1+0+52;2+3+6+1+40+0
6;28;2200;001;721+1+285+285+0+1+1+9+284;1+43+82+2+133+23
6;28;2200;002;738+0+285+285+1+2+3+0+282;2+66+70+5+117+22
6;28;2200;003;1018+1+303+303+0+0+0+11+303;2+48+62+9+131+51
6;28;2200;004;724+1+224+224+2+0+2+0+222;2+39+56+3+105+17
6;28;2200;005;677+1+245+245+1+0+1+12+244;1+46+41+9+134+13
6;28;2200;006;630+1+261+261+2+0+2+0+259;2+31+64+4+137+21
6;28;2200;007;778+0+213+213+1+1+2+0+211;7+50+59+3+65+27
6;28;2200;008;712+0+178+178+0+0+0+0+178;7+59+37+10+48+17
6;28;2200;009;764+0+367+367+4+1+5+0+362;37+116+82+26+84+17
6;28;2200;010;738+0+236+236+0+0+0+10+236;4+39+62+6+108+17
6;28;2200;011;273+1+274+274+0+5+5+17+269;1+58+61+7+128+14
6;28;2200;012;676+5+352+352+0+5+5+12+347;8+82+103+21+116+17
6;28;2200;013;36+6+26+26+0+0+0+0+26;1+4+3+1+15+2
6;28;2200;014;272+5+139+139+0+1+1+0+138;1+33+11+3+6+84
6;28;2200;015;292+4+149+149+2+0+2+0+147;1+57+4+11+7+67
6;28;2200;016;580+2+183+183+1+1+2+8+181;11+30+23+1+3+113
6;28;2200;017;516+1+162+162+2+0+2+5+160;9+19+15+2+7+108
6;28;2200;018;165+2+74+74+0+0+0+8+74;4+33+1+0+4+32
6;28;2200;019;293+3+176+176+0+0+0+0+176;2+23+5+1+5+140
6;28;2200;020;846+4+311+311+0+2+2+6+309;6+71+35+7+17+173
6;28;2200;021;358+3+192+192+0+0+0+0+192;7+14+9+7+26+129
6;28;2200;022;174+3+174+174+0+0+0+0+174;3+41+3+2+19+106
6;28;2200;023;274+3+140+140+0+0+0+3+140;4+80+11+2+11+32
6;28;2200;024;175+2+96+96+0+1+1+0+95;1+58+5+1+15+15
6;28;2200;025;253+2+101+101+0+0+0+3+101;4+6+8+1+2+80
6;28;2200;026;281+7+100+100+0+2+2+3+98;1+14+25+1+9+48
6;28;2200;027;387+3+236+236+0+4+4+22+232;10+37+30+6+9+140
6;28;2200;028;206+3+81+81+0+0+0+0+81;2+12+2+1+7+57
6;28;2200;029;749+1+282+282+6+2+8+7+274;14+115+16+2+87+40
6;28;2200;030;659+5+206+206+1+2+3+5+203;9+47+12+1+14+120
6;28;2200;031;70+2+72+72+0+0+0+0+72;4+37+2+1+3+25
6;28;2200;032;395+4+241+241+0+2+2+11+239;11+95+30+12+64+27
6;28;2200;033;517+4+120+120+0+2+2+12+118;5+20+29+7+45+12
6;28;2200;034;536+2+145+145+0+1+1+9+144;15+38+19+7+41+24
6;28;2200;035;246+4+176+176+0+11+11+0+165;2+23+25+2+27+86
6;28;2200;036;559+2+234+234+1+3+4+16+230;11+84+29+12+48+46
6;28;2200;037;252+1+119+119+1+0+1+2+118;8+41+8+4+14+43
6;28;2200;038;407+5+195+195+0+0+0+0+195;3+74+22+2+11+83
6;28;2200;039;666+3+207+207+6+2+8+13+199;12+82+30+6+28+41
6;28;2200;040;50+4+18+18+0+0+0+0+18;1+9+1+2+2+3
6;28;2200;041;462+3+146+146+0+0+0+0+146;3+49+13+3+16+62
6;28;2200;042;127+2+80+80+0+0+0+8+80;6+6+4+3+37+24
6;28;2200;043;151+2+70+70+0+0+0+0+70;1+5+5+0+1+58
6;28;2200;044;617+1+230+230+4+1+5+9+225;10+107+24+11+14+59
6;28;2200;045;315+3+114+114+0+0+0+0+114;0+33+7+4+18+52
6;28;2200;046;691+1+252+252+0+3+3+0+249;7+31+4+3+3+201
6;28;2200;047;293+0+183+183+0+0+0+0+183;4+10+3+7+8+151
6;28;2200;048;257+2+108+108+0+0+0+0+108;4+68+4+0+3+29
6;28;2200;049;24+4+20+20+0+0+0+2+20;0+2+3+7+2+6
6;28;2200;050;273+5+122+122+1+0+1+13+121;1+33+15+3+18+51
6;28;2200;051;66+5+49+49+0+0+0+3+49;2+8+15+2+19+3
6;28;2200;052;121+2+37+37+0+0+0+0+37;1+16+12+0+2+6
6;28;2200;053;75+1+45+45+0+1+1+0+44;2+21+4+1+13+3
6;28;2200;054;745+1+284+284+1+1+2+0+282;7+143+14+7+9+102
6;28;2200;055;311+4+108+108+0+1+1+0+107;2+42+10+2+4+47
6;28;2200;056;33+1+18+18+0+0+0+0+18;3+7+2+1+2+3
6;28;2300;001;734+0+305+305+0+1+1+10+304;2+54+36+5+176+31
6;28;2300;002;707+6+289+289+0+0+0+11+289;3+51+26+5+178+26
6;28;2300;003;743+1+222+222+1+1+2+2+220;2+128+18+5+41+26
6;28;2300;004;581+1+253+253+0+0+0+14+253;3+50+30+2+151+17
6;28;2300;005;728+2+245+245+1+2+3+10+242;10+68+31+14+17+102
6;28;2300;006;391+1+182+182+3+4+7+12+175;13+49+7+13+10+83
6;28;2300;007;579+4+258+258+4+3+7+10+251;9+166+23+9+22+22
6;28;2300;008;512+3+191+191+2+8+10+0+181;12+123+13+6+10+17
6;28;2300;009;553+3+300+300+0+0+0+23+300;5+56+50+10+165+14
6;28;2300;010;603+0+235+235+3+2+5+5+230;12+70+27+8+81+32
6;28;2300;011;549+2+255+255+0+3+3+3+252;11+94+15+11+87+34
6;28;2400;001;750+0+283+283+1+0+1+11+282;1+30+78+12+148+13
6;28;2400;002;845+2+298+298+0+1+1+14+297;0+34+68+7+177+11
6;28;2400;003;817+0+305+305+1+0+1+26+304;1+54+82+14+148+5
6;28;2400;004;806+18+334+334+2+0+2+0+332;1+68+87+8+158+10
6;28;2400;005;647+3+183+183+1+0+1+6+182;5+39+42+12+70+14
6;28;2400;006;681+1+240+240+0+1+1+20+239;0+33+59+7+126+14
6;28;2400;007;737+0+345+345+0+0+0+30+345;0+34+68+9+224+10
6;28;2400;008;644+0+225+225+2+0+2+12+223;1+40+42+13+118+9
6;28;2400;009;632+2+212+212+0+0+0+15+212;2+70+33+4+93+10
6;28;2400;010;691+2+284+284+0+0+0+0+284;5+36+59+6+164+14
6;28;2400;011;662+2+208+208+0+0+0+8+208;1+31+66+6+96+8
6;28;2400;012;720+1+277+277+0+0+0+0+277;2+52+60+17+137+9
6;28;2400;013;755+0+260+260+3+0+3+0+257;0+38+91+3+116+9
6;28;2400;014;689+2+261+261+1+0+1+9+260;0+66+63+9+116+6
6;28;2400;015;643+5+233+233+0+0+0+18+233;0+53+59+2+115+4
6;28;2400;016;677+0+274+274+1+0+1+0+273;1+50+73+7+135+7
6;28;2400;017;679+1+264+264+3+0+3+0+261;2+43+52+8+148+8
6;28;2400;018;728+1+305+305+0+0+0+0+305;0+57+81+11+145+11
6;28;2400;019;663+0+273+273+2+0+2+0+271;2+35+77+8+136+13
6;28;2400;020;676+1+222+222+0+0+0+7+222;0+47+60+3+103+9
6;28;2400;021;590+0+175+175+1+1+2+4+173;1+56+38+9+57+12
6;28;2400;022;480+0+148+148+0+0+0+0+148;0+14+55+11+64+4
6;28;2400;023;405+2+146+146+1+0+1+0+145;0+31+41+0+68+5
6;28;2400;024;46+1+25+25+0+1+1+2+24;1+8+7+3+4+1
6;28;2400;025;291+6+181+181+0+2+2+0+179;1+25+29+8+106+10
6;28;2400;026;274+3+128+128+0+0+0+8+128;4+17+42+4+61+0
6;28;2400;027;493+11+215+215+1+0+1+0+214;6+81+19+9+96+3
6;28;2400;028;100+5+71+71+0+0+0+0+71;2+14+8+1+41+5
6;28;2400;029;101+1+73+73+0+0+0+3+73;0+10+4+2+57+0
6;28;2400;030;83+3+66+66+0+0+0+0+66;2+8+3+2+50+1
6;28;2400;031;710+6+321+321+2+2+4+9+317;8+65+45+28+159+12
6;28;2400;032;753+0+352+352+3+0+3+12+349;7+92+31+13+192+14
6;28;2400;033;460+6+249+249+0+2+2+0+247;9+82+32+6+111+7
6;28;2400;034;172+5+131+131+0+0+0+2+131;5+27+12+2+84+1
6;28;2400;035;78+1+58+58+0+2+2+2+56;0+11+5+1+36+3
6;28;2400;036;328+3+131+131+4+6+10+0+121;5+50+4+5+49+8
6;28;2400;037;480+1+184+184+0+1+1+0+183;4+40+35+15+86+3
6;28;2400;038;377+0+230+230+0+0+0+0+230;3+68+13+7+131+8
6;28;2400;039;335+2+144+144+0+2+2+6+142;5+18+20+9+65+25
6;28;2400;040;77+5+40+40+0+0+0+2+40;0+11+7+2+15+5
6;28;2400;041;376+2+131+131+0+0+0+0+131;1+44+19+8+49+10
6;28;2400;042;482+3+144+144+0+0+0+0+144;4+73+18+6+38+5
6;28;2400;043;169+14+114+114+2+0+2+0+112;0+26+6+8+68+4
6;28;2400;044;32+3+27+27+0+0+0+0+27;1+3+6+4+11+2
6;28;2400;045;468+3+182+182+0+0+0+12+182;1+39+38+3+97+4
6;28;2400;046;694+4+219+219+0+1+1+13+218;5+43+35+6+125+4
6;28;2400;047;674+5+371+371+0+4+4+28+367;7+54+55+18+216+17
6;28;2400;048;345+0+119+119+0+2+2+0+117;4+40+9+2+10+52
6;28;2400;049;133+0+71+71+0+1+1+0+70;3+8+6+3+49+1
6;28;2400;050;416+5+209+209+0+2+2+0+207;1+70+22+6+96+12
6;28;2400;051;406+5+154+154+2+5+7+0+147;9+61+8+5+32+32
6;28;2400;052;57+1+37+37+1+0+1+0+36;0+4+3+1+28+0
6;28;2400;053;115+3+87+87+0+0+0+0+87;0+15+19+1+48+4
6;28;2400;054;605+7+330+330+0+2+2+10+328;8+80+53+19+128+40
6;28;2400;055;241+2+145+145+0+0+0+0+145;3+28+18+2+93+1
6;28;2400;056;651+7+353+353+0+1+1+13+352;5+82+43+16+193+13
6;28;2400;057;94+4+61+61+0+0+0+0+61;2+8+4+1+38+8
6;28;2400;058;258+3+132+132+1+1+2+4+130;5+19+23+7+73+3
6;28;2400;059;722+6+320+320+1+0+1+26+319;3+34+53+12+206+11
6;28;2400;060;608+3+304+304+0+0+0+20+304;8+43+40+24+186+3
6;28;2400;061;494+4+234+234+2+5+7+0+227;4+53+36+11+112+11
6;28;2400;062;509+4+244+244+1+0+1+0+243;7+88+26+10+106+6
6;28;2400;063;453+2+239+239+0+1+1+6+238;5+67+44+14+102+6
6;28;2400;064;453+1+201+201+0+2+2+4+199;4+31+46+10+99+9
6;28;2400;065;295+2+97+97+0+0+0+6+97;0+39+7+2+35+14
6;28;2400;066;261+9+159+159+0+0+0+10+159;0+29+20+9+100+1
6;28;3500;001;589+0+253+253+0+0+0+0+253;1+47+50+2+146+7
6;28;3500;002;650+0+264+264+0+0+0+11+264;1+63+48+8+139+5
6;28;3500;003;513+1+169+169+0+1+1+8+168;0+44+47+3+67+7
6;28;3500;004;516+0+172+172+0+0+0+0+172;0+33+46+0+85+8
6;28;3500;005;465+0+135+135+0+0+0+6+135;0+30+37+1+65+2
6;28;3500;006;643+0+199+199+0+0+0+16+199;2+42+43+6+96+10
6;28;3500;007;724+0+215+215+0+0+0+11+215;1+43+57+7+93+14
6;28;3500;008;749+0+216+216+0+0+0+6+216;0+33+60+10+109+4
6;28;3500;009;586+0+188+188+0+0+0+9+188;1+28+47+4+92+16
6;28;3500;010;745+0+183+183+1+0+1+7+182;0+43+52+7+70+10
6;28;3500;011;760+0+223+223+0+0+0+7+223;0+70+66+5+69+13
6;28;3500;012;772+0+221+221+0+0+0+8+221;0+57+61+12+81+10
6;28;3500;013;648+0+178+178+0+0+0+6+178;1+53+59+9+51+5
6;28;3500;014;700+0+157+157+1+0+1+6+156;1+43+39+4+58+11
6;28;3500;015;462+0+112+112+0+1+1+0+111;0+30+33+3+22+23
6;28;3500;016;555+0+188+188+0+0+0+0+188;0+49+39+6+89+5
6;28;3500;017;733+1+242+242+0+0+0+5+242;0+62+52+7+113+8
6;28;3500;018;605+0+197+197+1+0+1+16+196;2+43+38+10+98+5
6;28;3500;019;625+0+256+256+0+0+0+10+256;1+48+46+7+149+5
6;28;3500;020;812+0+291+291+2+0+2+14+289;5+81+60+3+133+7
6;28;3500;021;582+0+211+211+0+1+1+13+210;2+54+37+7+104+6
6;28;3500;022;515+0+214+214+0+0+0+0+214;2+50+50+4+102+6
6;28;3500;023;916+1+343+343+0+0+0+11+343;0+89+91+11+138+14
6;28;3500;024;759+0+218+218+0+0+0+4+218;1+49+47+2+110+9
6;28;3500;025;52+0+23+23+0+0+0+0+23;3+5+3+2+10+0
6;28;3500;026;759+2+302+302+2+2+4+2+298;3+73+67+10+128+17
6;28;3500;027;617+0+248+248+0+0+0+15+248;1+54+53+2+135+3
6;28;3500;028;559+1+247+247+3+0+3+12+244;0+57+40+5+136+6
6;28;3500;029;468+2+184+184+0+0+0+7+184;1+41+39+8+92+3
6;28;3500;030;588+0+231+231+0+0+0+17+231;0+47+58+1+118+7
6;28;3500;031;623+0+213+213+0+0+0+7+213;1+45+47+7+105+8
6;28;3500;032;643+0+121+121+0+1+1+3+120;3+34+37+3+24+19
6;28;3500;033;687+0+177+177+0+0+0+0+177;0+48+43+8+66+12
6;28;3500;034;466+0+139+139+0+1+1+7+138;0+40+43+0+46+9
6;28;3500;035;648+0+231+231+0+0+0+7+231;1+58+36+4+119+13
6;28;3500;036;616+0+207+207+0+0+0+7+207;0+45+51+2+97+12
6;28;3500;037;530+0+243+243+0+0+0+0+243;0+61+44+6+122+10
6;28;3500;038;531+0+248+248+0+0+0+11+248;2+51+39+5+138+13
6;28;3500;039;376+0+155+155+0+0+0+9+155;1+44+35+6+64+5
6;28;3500;040;573+0+228+228+0+0+0+13+228;1+59+44+1+112+11
6;28;3500;041;444+0+177+177+2+0+2+12+175;1+34+42+4+88+6
6;28;3500;042;513+2+234+234+0+0+0+6+234;3+46+51+5+119+10
6;28;3500;043;530+0+232+232+0+0+0+2+232;3+63+42+3+112+9
6;28;3500;044;610+0+237+237+0+0+0+20+237;2+75+44+5+96+15
6;28;3500;045;550+0+227+227+1+0+1+14+226;3+51+35+2+127+8
6;28;3500;046;500+1+169+169+1+0+1+8+168;0+32+27+2+92+15
6;28;3500;047;487+0+157+157+0+2+2+0+155;0+40+25+1+71+18
6;28;3500;048;559+1+203+203+0+0+0+14+203;1+42+44+2+110+4
6;28;3500;049;422+0+187+187+1+0+1+14+186;1+39+40+1+102+3
6;28;3500;050;607+0+230+230+1+1+2+13+228;0+56+48+5+108+11
6;28;3500;051;496+1+202+202+0+0+0+10+202;2+55+36+6+97+6
6;28;3500;052;709+0+256+256+2+0+2+24+254;4+46+68+9+107+20
6;28;3500;053;684+0+223+223+0+0+0+13+223;0+57+51+2+99+14
6;28;3500;054;701+0+210+210+0+0+0+0+210;1+49+48+5+95+12
6;28;3500;055;544+0+212+212+0+0+0+5+212;6+60+38+7+96+5
6;28;3500;056;662+4+195+195+0+1+1+17+194;4+41+48+0+76+25
6;28;3500;057;679+0+182+182+1+0+1+0+181;5+29+51+7+85+4
6;28;3500;058;500+0+132+132+0+2+2+0+130;5+29+20+8+62+6
6;28;3500;059;439+0+157+157+0+1+1+8+156;6+48+10+23+65+4
6;28;3500;060;508+0+164+164+2+1+3+0+161;3+56+11+3+79+9
6;28;3500;061;495+0+158+158+0+1+1+0+157;7+39+32+5+67+7
6;28;3500;062;589+0+233+233+1+0+1+0+232;2+37+51+2+114+26
6;28;3500;063;595+0+213+213+0+0+0+0+213;2+32+50+5+117+7
6;28;3500;064;552+1+225+225+0+0+0+13+225;2+33+44+7+134+5
6;28;3500;065;395+12+209+209+0+0+0+0+209;5+58+27+8+100+11
6;28;3500;066;311+4+146+146+0+0+0+0+146;3+21+6+1+21+94
6;28;3500;067;199+5+135+135+0+1+1+8+134;2+33+12+9+73+5
6;28;3500;068;784+5+258+258+0+1+1+20+257;8+100+31+13+69+36
6;28;3500;069;231+4+152+152+3+1+4+13+148;2+20+21+2+99+4
6;28;3500;070;317+3+143+143+0+1+1+9+142;8+38+2+1+9+84
6;28;3500;071;373+3+213+213+0+3+3+13+210;17+50+10+4+12+117
6;28;3500;072;543+7+259+259+1+1+2+15+257;6+52+28+15+149+7
6;28;3500;073;433+3+191+191+0+1+1+2+190;10+26+8+4+50+92
6;28;3500;074;161+3+164+164+1+0+1+0+163;3+36+34+4+85+1
6;28;3500;075;612+2+287+287+0+2+2+11+285;8+46+19+10+191+11
6;28;3500;076;441+6+203+203+2+1+3+13+200;3+51+11+9+63+63
6;28;3500;077;746+9+291+291+0+2+2+8+289;11+142+10+9+73+44
6;28;3500;078;169+9+44+44+0+0+0+0+44;0+10+3+1+27+3
6;28;3500;079;285+3+151+151+0+0+0+0+151;6+56+17+10+58+4
6;28;3500;080;428+8+182+182+0+0+0+14+182;8+67+10+3+49+45
6;28;3500;081;458+5+234+234+1+2+3+5+231;5+45+4+4+97+76
6;28;3500;082;412+5+207+207+2+0+2+0+205;7+48+28+11+92+19
6;28;3500;083;362+3+183+183+1+0+1+13+182;1+64+19+10+82+6
6;28;3500;084;494+2+185+185+0+1+1+0+184;7+35+24+3+53+62
6;28;3500;085;541+3+161+161+0+0+0+0+161;2+44+7+2+30+76
6;28;3500;086;312+4+136+136+0+0+0+0+136;1+23+2+2+10+98
6;28;3500;087;52+4+37+37+0+0+0+0+37;1+10+2+0+24+0
6;28;3500;088;188+2+101+101+0+0+0+0+101;6+30+7+8+35+15
6;28;3500;089;491+5+242+242+0+0+0+20+242;2+41+48+9+136+6
6;28;3500;090;484+3+199+199+0+0+0+14+199;5+45+31+5+100+13
6;28;3500;091;403+1+177+177+1+1+2+0+175;2+22+18+5+93+35
6;28;3500;092;220+1+102+102+0+1+1+3+101;2+27+7+1+28+36
6;28;3500;093;762+9+397+397+3+1+4+0+393;7+47+74+14+227+24
6;28;3500;094;212+5+117+117+2+1+3+1+114;5+75+11+5+14+4
6;28;3500;095;221+3+124+124+0+0+0+4+124;1+35+25+7+46+10
6;28;3500;096;82+6+59+59+0+0+0+5+59;1+9+15+2+29+3
6;28;3500;097;498+3+198+198+1+0+1+10+197;7+49+29+9+85+18
6;28;3500;098;711+7+295+295+1+1+2+0+293;6+51+10+4+17+205
6;28;3500;099;75+8+65+65+0+0+0+0+65;2+10+7+1+42+3
6;28;3500;100;392+4+203+203+0+0+0+0+203;3+48+18+17+98+19
6;28;3500;101;746+2+322+322+1+3+4+26+318;8+140+22+13+89+46
6;28;3500;102;222+3+90+90+0+0+0+3+90;0+9+1+1+3+76
6;28;3500;103;436+6+166+166+0+2+2+6+164;7+58+17+1+72+9
6;28;3500;104;304+5+174+174+4+0+4+4+170;6+42+6+2+8+106
6;28;3500;105;227+6+137+137+1+0+1+2+136;4+51+11+5+62+3
6;28;3500;106;465+5+158+158+4+2+6+0+152;2+19+7+2+54+68
6;28;3500;107;130+2+73+73+1+0+1+1+72;1+25+12+4+5+25
6;28;3500;108;150+5+96+96+1+0+1+0+95;1+22+18+3+49+2
6;28;3500;109;572+1+156+156+0+2+2+0+154;1+37+24+2+54+36
6;28;3500;110;208+3+111+111+2+2+4+0+107;0+13+10+3+65+16
6;28;3500;111;862+4+241+241+0+0+0+4+241;5+89+18+7+92+30
6;28;3500;112;134+3+137+137+0+0+0+11+137;0+23+7+5+95+7
6;28;3500;113;798+4+313+313+0+1+1+31+312;7+54+46+21+146+38
6;28;3500;114;427+2+213+213+4+0+4+0+209;2+25+9+1+92+80
6;28;3500;115;621+3+203+203+3+2+5+11+198;17+41+8+7+15+110
6;28;3500;116;153+3+102+102+0+0+0+0+102;1+10+0+0+7+84
6;28;3500;117;137+2+72+72+1+0+1+0+71;2+27+8+1+20+13
6;28;3500;118;452+1+160+160+0+2+2+0+158;3+22+1+1+11+120
6;28;3500;119;409+3+137+137+2+0+2+0+135;2+16+3+0+11+103
[END]

[AGGR]
28;6;   ;6+294+294+125681+708+51320+51320+166+207+373+1571+50947;954+12604+8096+1609+20347+7337
[END]

