[INFO]
29;Ха▒ково;201
[END]

[IZB]
29;6;   ;;11.11.2001;1;6;461
[END]

[NM]
2909;001;▒. Бод░ово;04844;00
2909;002;▒. Б░од;06547;00
2909;003;▒. Б░┐▒▓;06762;00
2909;004;▒. Великан;10375;00
2909;005;▒. Воден;11644;00
2909;006;▒. В║░би╢а;76087;00
2909;007;▒. Гол┐мо А▒еново;15792;00
2909;008;▒. Го░▒ки изво░;17141;00
2909;009;г░. Дими▓░овг░ад;21052;00
2909;010;▒. Дл║гнево;21258;00
2909;011;▒. Доб░и╖;21539;00
2909;012;▒. Долно Белево;22561;00
2909;013;▒. Зд░аве╢;30658;00
2909;014;▒. Зла▓о поле;31156;00
2909;015;▒. Ка▒наково;36573;00
2909;016;▒. К░епо▒▓;39668;00
2909;017;▒. К░│м;39966;00
2909;018;▒. Малко А▒еново;46543;00
2909;019;г░. Ме░и╖ле░и;47843;00
2909;020;▒. Радиево;61368;00
2909;021;▒. Райново;61889;00
2909;022;▒. Све▓лина;65574;00
2909;023;▒. Скобелево;66831;00
2909;024;▒. С▓алево;68669;00
2909;025;▒. С▓░ан▒ко;69691;00
2909;026;▒. Че░ного░ово;81092;00
2909;027;▒. Яб║лково;87076;00
2911;002;▒. Белопол╢и;03681;00
2911;003;▒. Белопол┐не;03695;00
2911;020;▒. Гл│мово;15179;00
2911;023;▒. Го░но▒ел╢и;19641;00
2911;026;▒. Г│г│▓ка;18054;00
2911;029;▒. Долно Л│ково;22705;00
2911;031;▒. Д░аби╕на;23056;00
2911;032;▒. Железа░и;29074;00
2911;034;▒. Железино;29101;00
2911;035;г░. Ивайловг░ад;32024;00
2911;038;▒. Камил▒ки дол;35997;00
2911;040;▒. Кобилино;37410;00
2911;042;▒. Кондово;38248;00
2911;044;▒. Конни╢и;38317;00
2911;046;▒. Ко▒▓илково;38964;00
2911;048;▒. Ламб│╡;43128;00
2911;050;▒. Манд░и╢а;47069;00
2911;051;▒. Меден б│к;47545;00
2911;057;▒. О░е╕ино;53789;00
2911;060;▒. Плев│н;55748;00
2911;062;▒. Планине╢;56633;00
2911;063;▒. Пок░ован;57145;00
2911;064;▒. Поп▒ко;57769;00
2911;072;▒. Сви░а╖и;65704;00
2911;075;▒. Славеево;66932;00
2911;078;▒. Х│╡ла;77520;00
2911;079;▒. Че░ни ░ид;80995;00
2911;080;▒. Че░ни╖ино;81044;00
2917;001;▒. Бели╢а;03544;00
2917;002;▒. Ва▒ково;10286;00
2917;003;▒. В║л╖е поле;12560;00
2917;004;▒. Гео░ги Доб░ево;14787;00
2917;005;▒. Д║бове╢;24311;00
2917;006;▒. Йе░│▒алимово;34014;00
2917;007;▒. Лозен;44077;00
2917;008;г░. Л╛биме╢;44570;00
2917;009;▒. Малко Г░ади╣е;46574;00
2917;010;▒. О░┐╡ово;54033;00
2918;001;▒. Бо░и▒лав╢и;05503;00
2918;005;▒. Б░│▒ев╢и;06584;00
2918;006;▒. Габе░ово;14060;00
2918;007;▒. Гол┐ма долина;15698;00
2918;008;▒. Го░ни Главанак;16496;00
2918;009;▒. Го░но поле;16907;00
2918;010;▒. Долни Главанак;22375;00
2918;011;▒. Долно С║диево;22856;00
2918;013;▒. Е┤░ем;27663;00
2918;016;▒. Зла▓о│▒▓ово;31173;00
2918;017;г░. Маджа░ово;46084;00
2918;018;▒. Малки Воден;46499;00
2918;019;▒. Малко Б░┐гово;46557;00
2918;020;▒. Малко Попово;46632;00
2918;024;▒. Р║женово;63584;00
2918;025;▒. Р│мели┐;63313;00
2918;027;▒. Сел▒ка пол┐на;66086;00
2918;028;▒. Сенокла▒;66233;00
2918;029;▒. Тополово;72792;00
2919;001;▒. Ангел войвода;00446;00
2919;002;▒. Бо┐н Бо▓ево;05983;00
2919;003;▒. Б░┐▒▓ово;06803;00
2919;004;▒. Винево;11106;00
2919;005;▒. Ка░аман╢и;36325;00
2919;006;▒. Коле╢;38042;00
2919;007;▒. Мине░ални бани;48297;00
2919;008;▒. Си░аково;66634;00
2919;009;▒. Спа╡иево;68237;00
2919;010;▒. С│▒ам;70250;00
2919;011;▒. С║░ни╢а;70651;00
2919;012;▒. Та▓а░ево;72103;00
2928;002;▒. Гене░алово;14708;00
2928;004;▒. Дими▓░ов╖е;21078;00
2928;005;▒. Капи▓ан Анд░еево;36110;00
2928;007;▒. Левка;43205;00
2928;009;▒. Ма▓о╖ина;47468;00
2928;010;▒. Мезек;47737;00
2928;011;▒. Ми╡али╖;48533;00
2928;012;▒. Младиново;48698;00
2928;013;▒. Момково;48979;00
2928;014;▒. М│▒▓░ак;49446;00
2928;016;▒. П║▒▓░ого░;59183;00
2928;018;▒. Райкова могила;61844;00
2928;019;г░. Свиленг░ад;65677;00
2928;020;▒. Сива ░ека;66370;00
2928;021;▒. Слад│н;67146;00
2928;022;▒. С▓│дена;70055;00
2928;023;▒. Че░нод║б;81116;00
2928;024;▒. Щи▓;84036;00
2929;001;▒. Д░┐ново;23964;00
2929;002;▒. Кал│ге░ово;35599;00
2929;003;▒. Кон▒▓ан▓иново;38368;00
2929;004;▒. Нав║▒ен;51010;00
2929;005;▒. П┐▒║╖ево;59210;00
2929;006;▒. Сви░ково;65721;00
2929;007;г░. Симеоновг░ад;47278;00
2929;008;▒. Т░о┐н;73208;00
2929;009;▒. Т┐нево;73821;00
2930;001;▒. Балкан;02436;00
2930;002;▒. Б┐л кладене╢;07781;00
2930;003;▒. Воден╢и;11692;00
2930;004;▒. Войводене╢;11822;00
2930;005;▒. Гледка;15093;00
2930;006;▒. Голоб░адово;15610;00
2930;007;▒. Гол┐м изво░;15775;00
2930;008;▒. Долно Бо▓ево;22575;00
2930;009;▒. Долно поле;22770;00
2930;010;▒. Долно Че░кови╣е;22887;00
2930;011;▒. Ж║л▓и б░┐г;29550;00
2930;012;▒. Зимовина;30908;00
2930;013;▒. Кладене╢;37126;00
2930;014;▒. К░алево;39400;00
2930;015;▒. Л┐▒кове╢;44803;00
2930;016;▒. Маджа░и;46070;00
2930;017;▒. Мал║к изво░;46899;00
2930;018;▒. Попове╢;57618;00
2930;019;▒. П╖ела░и;58815;00
2930;020;▒. П║▓никово;59207;00
2930;021;▒. Рабово;61025;00
2930;022;▒. Све▓о▒лав;65629;00
2930;023;▒. Силен;66411;00
2930;024;▒. С▓амболово;68727;00
2930;025;▒. Т║нково;73585;00
2930;026;▒. Ца░ева пол┐на;78094;00
2932;001;▒. Б║лга░▒ка пол┐на;07346;00
2932;004;▒. Доб░о▒еле╢;21659;00
2932;005;▒. Каменна ░ека;35866;00
2932;006;▒. Капи▓ан Пе▓ко войвода;24013;00
2932;007;▒. Кн┐жево;37407;00
2932;008;▒. М░амо░;49219;00
2932;009;▒. О░е╕ник;53802;00
2932;010;▒. О░лов дол;53895;00
2932;011;▒. Планиново;56664;00
2932;012;▒. П░и▒аде╢;58428;00
2932;014;▒. Радове╢;61491;00
2932;016;▒. Све▓лина;65588;00
2932;017;▒. Синапово;66487;00
2932;018;▒. С░ем;68583;00
2932;020;г░. Тополовг░ад;72761;00
2932;021;▒. У▒▓░ем;75191;00
2932;024;▒. Филипово;76100;00
2932;025;▒. Хл┐бово;77325;00
2932;026;▒. Ч│ка░ово;81654;00
2933;001;▒. Би▒е░;04128;00
2933;002;▒. Богомил;04724;00
2933;003;▒. Бол┐░▒ки изво░;05298;00
2933;004;▒. Б░ани╢а;06080;00
2933;005;▒. Б║лга░ин;07315;00
2933;006;▒. В║░бово;12810;00
2933;007;▒. До▒и▓еево;23011;00
2933;008;▒. Д░ип╖ево;23741;00
2933;009;▒. Иваново;32100;00
2933;010;▒. Изво░ово;32487;00
2933;011;▒. Кола░ово;38011;00
2933;012;▒. Ле╕никово;43548;00
2933;013;▒. Надежден;51041;00
2933;014;▒. Ов╖а░ово;53237;00
2933;015;▒. О░е╕е╢;53775;00
2933;016;▒. О▒▓║░ кам║к;54448;00
2933;017;▒. Пол┐ново;57434;00
2933;018;▒. П░е▒лаве╢;58244;00
2933;019;▒. Рогозиново;62832;00
2933;020;▒. Слав┐ново;67101;00
2933;021;▒. Сми░нен╢и;67581;00
2933;022;г░. Ха░манли;77181;00
2933;023;▒. Че░епово;80552;00
2933;024;▒. Че░на могила;80827;00
2933;025;▒. Ши╕маново;83377;00
2934;001;▒. Алек▒анд░ово;00326;00
2934;002;▒. Б░┐гово;06759;00
2934;003;▒. Войводово;11867;00
2934;004;▒. В║гла░ово;12382;00
2934;005;▒. Га░ваново;14550;00
2934;006;▒. Големан╢и;15429;00
2934;007;▒. Го░но Войводино;16729;00
2934;008;▒. Г║л║бе╢;18232;00
2934;009;▒. Динево;21155;00
2934;011;▒. Долно Войводино;22589;00
2934;012;▒. Долно Големан╢и;24949;00
2934;013;▒. Елена;27200;00
2934;014;▒. Зо░ни╢а;31365;00
2934;015;▒. Клоко▓ни╢а;37321;00
2934;016;▒. Книжовник;37383;00
2934;017;▒. Козле╢;37770;00
2934;018;▒. Кон│╕;38399;00
2934;019;▒. Ко░ен;38580;00
2934;020;▒. К░иво поле;39863;00
2934;021;▒. Л╛беново;44553;00
2934;022;▒. Малево;46293;00
2934;023;▒. Мана▒▓и░;46992;00
2934;024;▒. Манд░а;47055;00
2934;025;▒. Ма▒линово;47442;00
2934;027;▒. Николово;51682;00
2934;028;▒. Нова Надежда;51891;00
2934;029;▒. О░лово;53936;00
2934;030;▒. Подк░епа;57042;00
2934;031;▒. Родопи;62880;00
2934;032;▒. С▓амболий▒ки;68692;00
2934;033;▒. С▓ойково;69359;00
2934;034;▒. Теке▓о;72182;00
2934;035;▒. Т░акие╢;72953;00
2934;036;▒. Уз│нджово;75085;00
2934;037;г░. Ха▒ково;77195;00
2934;038;▒. Ши░ока пол┐на;83288;00
[END]

[SEC]
29;0900;001;6;009
29;0900;002;6;009
29;0900;003;6;009
29;0900;004;6;009
29;0900;005;6;009
29;0900;006;6;009
29;0900;007;6;009
29;0900;008;6;009
29;0900;009;6;009
29;0900;010;6;009
29;0900;011;6;009
29;0900;012;6;009
29;0900;013;6;009
29;0900;014;6;009
29;0900;015;6;009
29;0900;016;6;009
29;0900;017;6;009
29;0900;018;6;009
29;0900;019;6;009
29;0900;020;6;009
29;0900;021;6;009
29;0900;022;6;009
29;0900;023;6;009
29;0900;024;6;009
29;0900;025;6;009
29;0900;026;6;009
29;0900;027;6;009
29;0900;028;6;009
29;0900;029;6;009
29;0900;030;6;009
29;0900;031;6;009
29;0900;032;6;009
29;0900;033;6;009
29;0900;034;6;009
29;0900;035;6;009
29;0900;036;6;009
29;0900;037;6;009
29;0900;038;6;009
29;0900;039;6;009
29;0900;040;6;009
29;0900;041;6;009
29;0900;042;6;009
29;0900;043;6;009
29;0900;044;6;009
29;0900;045;6;009
29;0900;046;6;009
29;0900;047;6;009
29;0900;048;6;009
29;0900;049;6;009
29;0900;050;6;009
29;0900;051;6;009
29;0900;052;6;009
29;0900;053;6;009
29;0900;054;6;009
29;0900;055;6;009
29;0900;056;6;009
29;0900;057;6;009
29;0900;058;6;009
29;0900;059;6;009
29;0900;060;6;014
29;0900;061;6;021
29;0900;062;6;011
29;0900;063;6;011
29;0900;064;6;015
29;0900;065;6;022
29;0900;066;6;008
29;0900;067;6;008
29;0900;068;6;017
29;0900;069;6;027
29;0900;070;6;027
29;0900;071;6;024
29;0900;072;6;023
29;0900;073;6;006
29;0900;074;6;001
29;0900;075;6;004
29;0900;076;6;019
29;0900;077;6;019
29;0900;078;6;019
29;0900;079;6;010
29;0900;080;6;016
29;0900;081;6;016
29;0900;082;6;026
29;0900;083;6;005
29;0900;084;6;003
29;0900;085;6;013
29;0900;086;6;025
29;0900;087;6;020
29;0900;088;6;007
29;0900;089;6;018
29;0900;090;6;002
29;0900;091;6;012
29;1100;001;6;035
29;1100;002;6;035
29;1100;003;6;035
29;1100;004;6;035
29;1100;005;6;035
29;1100;006;6;072
29;1100;007;6;057
29;1100;008;6;031
29;1100;009;6;075
29;1100;010;6;063
29;1100;011;6;078
29;1100;012;6;048
29;1100;013;6;038
29;1100;014;6;079
29;1100;015;6;023
29;1100;016;6;064
29;1100;017;6;002
29;1100;018;6;080
29;1100;019;6;044
29;1100;020;6;020
29;1100;021;6;050
29;1100;022;6;029
29;1100;023;6;051
29;1100;024;6;003
29;1100;025;6;060+046
29;1100;026;6;042+032
29;1100;027;6;040
29;1100;028;6;034
29;1100;029;6;062
29;1100;030;6;026
29;1700;001;6;008
29;1700;002;6;008
29;1700;003;6;008
29;1700;004;6;008
29;1700;005;6;008
29;1700;006;6;008
29;1700;007;6;008
29;1700;008;6;008
29;1700;009;6;008
29;1700;010;6;007
29;1700;011;6;001
29;1700;012;6;004
29;1700;013;6;006
29;1700;014;6;009
29;1700;015;6;003
29;1700;016;6;005
29;1700;017;6;010
29;1700;018;6;002
29;1800;001;6;017
29;1800;002;6;001+018
29;1800;003;6;009
29;1800;004;6;010+008
29;1800;005;6;011
29;1800;006;6;013
29;1800;007;6;016
29;1800;008;6;025+029
29;1800;009;6;019+007
29;1800;010;6;024
29;1800;011;6;027
29;1800;012;6;028+005+006+020
29;1900;001;6;007
29;1900;002;6;007
29;1900;003;6;010
29;1900;004;6;012
29;1900;005;6;003
29;1900;006;6;009
29;1900;007;6;008
29;1900;008;6;008
29;1900;009;6;006
29;1900;010;6;011
29;1900;011;6;005
29;1900;012;6;005
29;1900;013;6;004
29;1900;014;6;001
29;1900;015;6;002
29;1900;016;6;007
29;2800;001;6;019
29;2800;002;6;019
29;2800;003;6;019
29;2800;004;6;019
29;2800;005;6;019
29;2800;006;6;019
29;2800;007;6;019
29;2800;008;6;019
29;2800;009;6;019
29;2800;010;6;019
29;2800;011;6;019
29;2800;012;6;019
29;2800;013;6;019
29;2800;014;6;019
29;2800;015;6;019
29;2800;016;6;002
29;2800;017;6;004
29;2800;018;6;016
29;2800;019;6;010
29;2800;020;6;020
29;2800;021;6;013
29;2800;022;6;012
29;2800;023;6;007
29;2800;024;6;022
29;2800;025;6;021
29;2800;026;6;011
29;2800;027;6;009
29;2800;028;6;024
29;2800;029;6;018
29;2800;030;6;014
29;2800;031;6;005
29;2800;032;6;023
29;2900;001;6;007
29;2900;002;6;007
29;2900;003;6;007
29;2900;004;6;007
29;2900;005;6;007
29;2900;006;6;007
29;2900;007;6;007
29;2900;008;6;007
29;2900;009;6;006
29;2900;010;6;008
29;2900;011;6;001
29;2900;012;6;009
29;2900;013;6;002
29;2900;014;6;004
29;2900;015;6;005
29;2900;016;6;003
29;3000;001;6;024
29;3000;002;6;001
29;3000;003;6;002
29;3000;004;6;003
29;3000;005;6;004
29;3000;006;6;005
29;3000;007;6;007
29;3000;008;6;006
29;3000;009;6;008
29;3000;010;6;009
29;3000;011;6;010
29;3000;012;6;011
29;3000;013;6;012
29;3000;014;6;013
29;3000;015;6;014
29;3000;016;6;015
29;3000;017;6;016
29;3000;018;6;017
29;3000;019;6;018
29;3000;020;6;019
29;3000;021;6;020
29;3000;022;6;021
29;3000;023;6;022
29;3000;024;6;023
29;3000;025;6;025
29;3000;026;6;026
29;3200;001;6;020
29;3200;002;6;020
29;3200;003;6;020
29;3200;004;6;020
29;3200;005;6;020
29;3200;006;6;020
29;3200;007;6;020
29;3200;009;6;001
29;3200;010;6;004
29;3200;011;6;006
29;3200;012;6;005
29;3200;013;6;007
29;3200;014;6;008
29;3200;015;6;009
29;3200;016;6;010
29;3200;017;6;011
29;3200;018;6;012+024
29;3200;019;6;014
29;3200;020;6;016
29;3200;021;6;017
29;3200;022;6;018
29;3200;023;6;021
29;3200;024;6;021
29;3200;025;6;025
29;3200;026;6;026
29;3300;001;6;022
29;3300;002;6;022
29;3300;003;6;022
29;3300;004;6;022
29;3300;005;6;022
29;3300;006;6;022
29;3300;007;6;022
29;3300;008;6;022
29;3300;009;6;022
29;3300;010;6;022
29;3300;011;6;022
29;3300;012;6;022
29;3300;013;6;022
29;3300;014;6;022
29;3300;015;6;022
29;3300;016;6;022
29;3300;017;6;022
29;3300;018;6;022
29;3300;019;6;022
29;3300;020;6;022
29;3300;021;6;001
29;3300;022;6;002
29;3300;023;6;003
29;3300;024;6;004
29;3300;025;6;005
29;3300;026;6;006
29;3300;027;6;007
29;3300;028;6;008
29;3300;029;6;009
29;3300;030;6;010
29;3300;031;6;011
29;3300;032;6;012
29;3300;033;6;013
29;3300;034;6;014
29;3300;035;6;015
29;3300;036;6;016
29;3300;037;6;017
29;3300;038;6;018
29;3300;039;6;019
29;3300;040;6;020
29;3300;041;6;021
29;3300;042;6;023
29;3300;043;6;024
29;3300;044;6;025
29;3400;001;6;037
29;3400;002;6;037
29;3400;003;6;037
29;3400;004;6;037
29;3400;005;6;037
29;3400;006;6;037
29;3400;007;6;037
29;3400;008;6;037
29;3400;009;6;037
29;3400;010;6;037
29;3400;011;6;037
29;3400;012;6;037
29;3400;013;6;037
29;3400;014;6;037
29;3400;015;6;037
29;3400;016;6;037
29;3400;017;6;037
29;3400;018;6;037
29;3400;019;6;037
29;3400;020;6;037
29;3400;021;6;037
29;3400;022;6;037
29;3400;023;6;037
29;3400;024;6;037
29;3400;025;6;037
29;3400;026;6;037
29;3400;027;6;037
29;3400;028;6;037
29;3400;029;6;037
29;3400;030;6;037
29;3400;031;6;037
29;3400;032;6;037
29;3400;033;6;037
29;3400;034;6;037
29;3400;035;6;037
29;3400;036;6;037
29;3400;037;6;037
29;3400;038;6;037
29;3400;039;6;037
29;3400;040;6;037
29;3400;041;6;037
29;3400;042;6;037
29;3400;043;6;037
29;3400;044;6;037
29;3400;045;6;037
29;3400;046;6;037
29;3400;047;6;037
29;3400;048;6;037
29;3400;049;6;037
29;3400;050;6;037
29;3400;051;6;037
29;3400;052;6;037
29;3400;053;6;037
29;3400;054;6;037
29;3400;055;6;037
29;3400;056;6;037
29;3400;057;6;037
29;3400;058;6;037
29;3400;059;6;037
29;3400;060;6;037
29;3400;061;6;037
29;3400;062;6;037
29;3400;063;6;037
29;3400;064;6;037
29;3400;065;6;037
29;3400;066;6;037
29;3400;067;6;037
29;3400;068;6;037
29;3400;069;6;037
29;3400;070;6;037
29;3400;071;6;037
29;3400;072;6;037
29;3400;073;6;037
29;3400;074;6;037
29;3400;075;6;037
29;3400;076;6;037
29;3400;077;6;037
29;3400;078;6;037
29;3400;079;6;037
29;3400;080;6;037
29;3400;081;6;037
29;3400;082;6;037
29;3400;083;6;037
29;3400;084;6;037
29;3400;085;6;037
29;3400;086;6;037
29;3400;087;6;037
29;3400;088;6;037
29;3400;089;6;037
29;3400;090;6;037
29;3400;091;6;037
29;3400;092;6;037
29;3400;093;6;037
29;3400;094;6;037
29;3400;095;6;037
29;3400;096;6;037
29;3400;097;6;037
29;3400;098;6;037
29;3400;099;6;037
29;3400;100;6;037
29;3400;101;6;037
29;3400;102;6;037
29;3400;103;6;037
29;3400;104;6;037
29;3400;105;6;037
29;3400;106;6;037
29;3400;107;6;037
29;3400;108;6;037
29;3400;109;6;037
29;3400;110;6;037
29;3400;111;6;037
29;3400;112;6;037
29;3400;113;6;037
29;3400;114;6;005
29;3400;115;6;004
29;3400;116;6;015
29;3400;117;6;032
29;3400;118;6;030
29;3400;119;6;036
29;3400;120;6;036
29;3400;121;6;001
29;3400;122;6;028
29;3400;123;6;008
29;3400;124;6;002
29;3400;125;6;031
29;3400;126;6;009
29;3400;127;6;033
29;3400;128;6;021
29;3400;129;6;020
29;3400;130;6;013
29;3400;131;6;022
29;3400;132;6;022
29;3400;133;6;016
29;3400;134;6;023
29;3400;135;6;019
29;3400;136;6;007
29;3400;137;6;011
29;3400;138;6;025
29;3400;139;6;003
29;3400;140;6;003
29;3400;141;6;029
29;3400;142;6;024
29;3400;143;6;006
29;3400;144;6;012
29;3400;145;6;014
29;3400;146;6;018
29;3400;147;6;035
29;3400;148;6;017
29;3400;149;6;034
29;3400;150;6;027
29;3400;151;6;038
[END]

[MAJ]
29;6;   ;01;;;Пе▓║░ Ки░илов Бе░он и С▓о┐н В║л╖ев Анд░еев;, ;ПКБ+СВА;1234;0;1
29;6;   ;02;;;Пе▓║░ С▓е┤анов С▓о┐нов и Нели Пе▓░ова К│╢кова;, ;ПСС+НПК;26683;2;2
29;6;   ;03;;;Богомил Ангелов Бонев и А▓ана▒ Иванов Желез╖ев;, ;БАБ+АИЖ;19873;0;3
29;6;   ;04;;;Жо░ж Ган╖ев Ган╖ев и Ве▒елин С▓о┐нов Бон╖ев;, ;ЖГГ+ВСБ;3986;0;4
29;6;   ;05;;;Гео░ги Седе┤╖ов П║░ванов и Ангел Иванов Ма░ин;, ;ГСП+АИМ;41974;2;5
29;6;   ;06;;;Рене▓а Иванова Инджова и К░║▒▓╛ Николов Илов;, ;РИИ+КНИ;5235;0;6
[END]

[PROP]
[END]

[LISTI]
[END]

[PROT]
6;29;0900;001;580+0+259+259+3+0+3+5+256;2+85+89+6+72+2
6;29;0900;002;812+3+327+327+0+1+1+14+326;2+110+82+11+114+7
6;29;0900;003;689+5+311+311+0+0+0+15+311;1+89+94+7+102+18
6;29;0900;004;420+3+136+136+0+0+0+7+136;1+36+42+1+51+5
6;29;0900;005;565+0+212+212+0+0+0+3+212;2+60+52+16+79+3
6;29;0900;006;764+0+284+284+1+3+4+0+280;2+62+57+11+145+3
6;29;0900;007;531+2+210+210+0+0+0+4+210;1+56+57+8+81+7
6;29;0900;008;693+0+250+250+0+1+1+0+249;1+68+63+15+98+4
6;29;0900;009;820+0+326+326+1+0+1+0+325;0+83+79+7+147+9
6;29;0900;010;686+1+267+267+1+0+1+27+266;1+48+61+9+132+15
6;29;0900;011;712+3+239+239+0+0+0+4+239;1+50+64+11+107+6
6;29;0900;012;746+0+218+218+0+0+0+0+218;0+63+76+7+71+1
6;29;0900;013;755+1+256+256+1+0+1+6+255;1+59+110+9+68+8
6;29;0900;014;806+4+301+301+1+0+1+1+300;3+64+111+12+97+13
6;29;0900;015;581+0+207+207+0+0+0+11+207;0+51+52+5+94+5
6;29;0900;016;759+0+257+257+0+0+0+0+257;3+49+88+4+102+11
6;29;0900;017;723+0+230+230+0+0+0+0+230;0+50+99+5+63+13
6;29;0900;018;782+0+324+324+0+0+0+0+324;2+77+72+2+157+14
6;29;0900;019;793+0+255+255+1+0+1+0+254;2+72+79+5+86+10
6;29;0900;020;782+0+232+232+1+0+1+0+231;2+74+80+9+56+10
6;29;0900;021;764+0+277+277+1+0+1+0+276;3+65+96+10+91+11
6;29;0900;022;745+2+220+220+0+0+0+0+220;1+49+72+9+80+9
6;29;0900;023;604+0+200+200+0+0+0+0+200;2+50+60+10+70+8
6;29;0900;024;695+0+225+225+0+0+0+0+225;2+65+68+12+71+7
6;29;0900;025;888+4+279+279+2+0+2+11+277;1+68+92+14+96+6
6;29;0900;026;1023+0+345+345+0+1+1+8+344;0+106+110+8+100+20
6;29;0900;027;661+0+258+258+0+1+1+9+257;1+66+75+2+103+10
6;29;0900;028;819+0+366+366+0+0+0+0+366;5+99+101+10+137+14
6;29;0900;029;680+0+283+283+0+0+0+0+283;1+63+90+4+113+12
6;29;0900;030;770+3+255+255+0+1+1+0+254;0+68+83+3+94+6
6;29;0900;031;894+2+386+386+1+0+1+0+385;3+94+107+14+158+9
6;29;0900;032;793+0+340+340+0+0+0+27+340;2+90+112+6+120+10
6;29;0900;033;756+0+321+321+0+1+1+0+320;1+91+81+6+136+5
6;29;0900;034;523+1+169+169+0+0+0+0+169;1+36+42+8+71+11
6;29;0900;035;443+0+185+185+0+0+0+0+185;1+67+36+2+69+10
6;29;0900;036;953+0+319+319+0+0+0+3+319;0+109+117+6+68+19
6;29;0900;037;895+0+278+278+0+0+0+0+278;1+100+114+4+38+21
6;29;0900;038;856+1+355+355+0+1+1+0+354;3+106+101+13+113+18
6;29;0900;039;760+5+263+263+0+0+0+0+263;0+100+72+9+69+13
6;29;0900;040;630+0+237+237+0+0+0+7+237;5+67+70+14+74+7
6;29;0900;041;569+1+231+231+0+0+0+0+231;0+64+59+12+87+9
6;29;0900;042;806+0+349+349+3+0+3+0+346;3+113+75+10+136+9
6;29;0900;043;774+0+305+305+1+0+1+4+304;0+84+78+6+128+8
6;29;0900;044;601+0+232+232+0+0+0+13+232;2+71+76+6+73+4
6;29;0900;045;865+0+360+360+0+0+0+8+360;5+123+84+11+127+10
6;29;0900;046;766+0+301+301+2+0+2+0+299;2+88+82+7+116+4
6;29;0900;047;746+0+249+249+0+1+1+9+248;1+64+86+10+80+7
6;29;0900;048;587+0+190+190+0+0+0+12+190;1+66+45+2+68+8
6;29;0900;049;976+0+320+320+0+0+0+0+320;6+82+68+17+144+3
6;29;0900;050;812+2+288+288+0+1+1+0+287;2+58+67+7+145+8
6;29;0900;051;813+1+284+284+0+1+1+0+283;6+79+73+15+105+5
6;29;0900;052;503+1+198+198+1+1+2+0+196;1+49+39+34+60+13
6;29;0900;053;605+0+192+192+0+1+1+4+191;3+21+57+24+65+21
6;29;0900;054;683+4+300+300+0+4+4+10+296;4+92+71+15+96+18
6;29;0900;055;593+1+172+172+0+1+1+4+171;4+43+44+10+55+15
6;29;0900;056;473+1+194+194+0+0+0+4+194;5+39+21+66+51+12
6;29;0900;057;650+0+312+312+0+0+0+0+312;5+79+21+58+138+11
6;29;0900;058;536+0+225+225+0+0+0+0+225;1+51+26+31+109+7
6;29;0900;059;58+12+31+31+0+0+0+0+31;1+5+8+0+14+3
6;29;0900;060;414+7+187+187+0+0+0+0+187;0+42+37+12+92+4
6;29;0900;061;89+2+51+51+0+0+0+0+51;1+14+12+2+20+2
6;29;0900;062;593+1+211+211+1+0+1+0+210;2+85+50+11+55+7
6;29;0900;063;546+2+196+196+0+0+0+0+196;3+52+48+16+70+7
6;29;0900;064;485+2+263+263+0+0+0+0+263;6+59+42+12+130+14
6;29;0900;065;94+3+71+71+1+0+1+0+70;0+14+10+0+46+0
6;29;0900;066;695+3+330+330+1+2+3+19+327;8+93+66+17+137+6
6;29;0900;067;788+3+308+308+1+0+1+0+307;6+85+61+31+116+8
6;29;0900;068;443+2+299+299+2+0+2+0+297;2+46+120+9+119+1
6;29;0900;069;673+1+279+279+0+0+0+9+279;5+91+42+24+107+10
6;29;0900;070;892+4+319+319+0+1+1+17+318;4+117+62+14+116+5
6;29;0900;071;523+3+274+274+0+2+2+8+272;4+69+45+9+143+2
6;29;0900;072;563+2+299+299+1+2+3+0+296;1+60+27+19+188+1
6;29;0900;073;451+3+233+233+0+0+0+3+233;4+76+47+13+90+3
6;29;0900;074;373+11+215+215+0+0+0+0+215;3+47+33+3+123+6
6;29;0900;075;100+0+69+69+0+1+1+0+68;0+22+16+0+30+0
6;29;0900;076;511+3+226+226+0+0+0+0+226;3+56+43+14+104+6
6;29;0900;077;619+0+317+317+0+0+0+0+317;4+89+56+12+144+12
6;29;0900;078;683+2+365+365+0+3+3+0+362;3+95+40+16+192+16
6;29;0900;079;163+1+125+125+0+0+0+0+125;0+27+18+3+77+0
6;29;0900;080;681+0+285+285+2+0+2+0+283;4+54+59+14+142+10
6;29;0900;081;618+0+229+229+0+1+1+0+228;5+96+53+15+55+4
6;29;0900;082;842+0+328+328+1+2+3+10+325;10+39+64+27+180+5
6;29;0900;083;280+4+122+122+0+0+0+8+122;1+39+22+2+56+2
6;29;0900;084;190+3+137+137+1+1+2+3+135;3+48+13+2+65+4
6;29;0900;085;200+5+132+132+0+0+0+0+132;0+31+30+1+65+5
6;29;0900;086;600+5+322+322+0+0+0+19+322;4+79+65+12+154+8
6;29;0900;087;922+1+343+343+0+0+0+8+343;4+76+70+21+164+8
6;29;0900;088;369+7+232+232+0+0+0+7+232;4+67+27+5+126+3
6;29;0900;089;123+5+90+90+0+0+0+0+90;2+24+16+9+38+1
6;29;0900;090;811+1+360+360+0+0+0+18+360;10+107+50+13+174+6
6;29;0900;091;360+2+235+235+1+1+2+0+233;5+76+34+15+101+2
6;29;1100;001;813+1+419+419+0+3+3+16+416;1+129+82+10+186+8
6;29;1100;002;814+2+405+405+5+0+5+35+400;11+152+75+4+153+5
6;29;1100;003;948+3+375+375+0+0+0+9+375;2+122+95+14+125+17
6;29;1100;004;687+5+265+265+0+2+2+0+263;1+86+69+11+87+9
6;29;1100;005;492+0+319+319+1+0+1+17+318;4+75+66+14+148+11
6;29;1100;006;397+5+271+271+1+0+1+18+270;1+91+38+6+132+2
6;29;1100;007;77+4+73+73+0+0+0+7+73;0+8+2+0+63+0
6;29;1100;008;93+6+71+71+0+0+0+0+71;0+17+10+3+40+1
6;29;1100;009;242+3+129+129+0+0+0+0+129;2+30+44+9+37+7
6;29;1100;010;184+5+133+133+0+0+0+4+133;0+35+15+2+81+0
6;29;1100;011;73+6+62+68+0+0+0+3+68;0+34+3+0+30+1
6;29;1100;012;46+7+39+39+0+0+0+1+39;0+15+4+0+17+3
6;29;1100;013;112+7+84+84+0+0+0+4+84;0+27+10+3+44+0
6;29;1100;014;27+5+32+32+1+0+1+1+31;0+6+8+0+11+6
6;29;1100;015;45+6+34+34+0+0+0+0+34;2+6+2+0+24+0
6;29;1100;016;92+4+54+54+0+0+0+0+54;1+7+1+0+39+6
6;29;1100;017;208+2+47+47+0+1+1+1+46;1+21+0+1+13+10
6;29;1100;018;34+6+29+29+0+0+0+1+29;0+7+3+1+17+1
6;29;1100;019;77+3+28+28+0+0+0+0+28;1+1+2+1+5+18
6;29;1100;020;53+4+32+32+0+0+0+2+32;2+15+1+0+5+9
6;29;1100;021;128+3+93+93+0+0+0+0+93;0+25+7+1+59+1
6;29;1100;022;142+5+119+119+1+0+1+0+118;0+23+11+2+79+3
6;29;1100;023;57+3+42+42+0+0+0+0+42;0+10+0+5+27+0
6;29;1100;024;186+6+107+107+0+0+0+0+107;2+20+12+6+65+2
6;29;1100;025;193+6+135+135+0+1+1+7+134;2+35+10+3+82+2
6;29;1100;026;181+2+93+93+0+2+2+0+91;1+15+7+0+66+2
6;29;1100;027;67+3+53+53+0+0+0+0+53;3+27+3+2+11+7
6;29;1100;028;278+6+143+143+0+3+3+9+140;0+28+16+2+40+54
6;29;1100;029;61+3+32+32+0+0+0+0+32;1+14+3+0+3+11
6;29;1100;030;167+6+87+87+0+0+0+0+87;1+8+13+1+39+25
6;29;1700;001;928+4+462+462+4+0+4+32+458;6+117+69+29+230+7
6;29;1700;002;302+2+304+304+0+4+4+0+300;1+72+50+28+142+7
6;29;1700;003;810+2+379+379+4+0+4+31+375;3+122+75+11+160+4
6;29;1700;004;765+2+385+385+1+0+1+24+384;4+132+92+12+138+6
6;29;1700;005;666+3+376+376+4+4+8+4+368;2+101+66+14+178+7
6;29;1700;006;810+1+362+362+0+1+1+0+361;2+158+75+17+104+5
6;29;1700;007;784+1+372+372+1+1+2+29+370;2+98+57+17+192+4
6;29;1700;008;465+1+222+222+1+1+2+21+220;2+102+41+16+57+2
6;29;1700;009;748+0+475+475+1+4+5+29+470;8+48+17+19+371+7
6;29;1700;010;549+3+310+310+1+1+2+17+308;5+97+54+14+130+8
6;29;1700;011;439+4+292+292+1+2+3+0+289;0+18+28+6+237+0
6;29;1700;012;256+1+162+162+0+1+1+14+161;0+29+17+14+100+1
6;29;1700;013;165+0+114+114+0+0+0+0+114;2+24+14+4+68+2
6;29;1700;014;370+3+373+373+0+1+1+44+372;5+77+48+13+224+5
6;29;1700;015;300+4+186+186+0+2+2+18+184;3+22+25+12+116+6
6;29;1700;016;55+3+43+43+0+0+0+0+43;2+7+6+1+26+1
6;29;1700;017;382+1+279+279+0+0+0+29+279;5+42+16+9+202+5
6;29;1700;018;74+2+40+40+0+0+0+0+40;1+9+3+3+23+1
6;29;1800;001;631+4+306+306+0+1+1+13+305;2+80+79+6+120+18
6;29;1800;002;299+6+154+154+0+1+1+5+153;1+39+16+8+89+0
6;29;1800;003;55+2+39+39+0+2+2+0+37;1+6+5+4+21+0
6;29;1800;004;171+3+67+67+1+2+3+0+64;1+9+22+0+21+11
6;29;1800;005;104+2+67+67+0+0+0+1+67;8+30+10+1+4+14
6;29;1800;006;134+5+105+105+0+0+0+0+105;2+14+16+3+70+0
6;29;1800;007;54+3+32+32+0+0+0+0+32;1+7+3+0+18+3
6;29;1800;008;125+3+60+60+0+1+1+2+59;0+27+12+3+7+10
6;29;1800;009;64+2+44+44+0+0+0+1+44;0+4+4+1+33+2
6;29;1800;010;79+2+38+38+0+0+0+1+38;0+15+4+1+3+15
6;29;1800;011;72+4+50+50+0+0+0+0+50;4+24+5+2+13+2
6;29;1800;012;136+0+82+82+0+0+0+0+82;2+6+4+8+59+3
6;29;1900;001;527+3+285+285+1+0+1+9+284;5+47+44+8+170+10
6;29;1900;002;497+2+260+260+0+0+0+0+260;0+67+43+16+126+8
6;29;1900;003;589+1+357+357+0+0+0+0+357;5+95+56+17+176+8
6;29;1900;004;273+3+154+154+0+0+0+0+154;2+20+21+7+79+25
6;29;1900;005;163+1+96+96+0+0+0+0+96;0+20+14+3+55+4
6;29;1900;006;158+3+119+119+0+0+0+0+119;2+14+33+1+66+3
6;29;1900;007;206+2+96+96+0+0+0+0+96;2+31+7+3+51+2
6;29;1900;008;124+2+98+98+1+1+2+12+96;1+21+8+2+63+1
6;29;1900;009;168+2+70+70+0+0+0+0+70;2+12+3+0+7+46
6;29;1900;010;548+2+250+250+0+1+1+0+249;6+15+13+3+38+174
6;29;1900;011;488+0+225+225+0+1+1+7+224;7+41+19+4+15+138
6;29;1900;012;447+3+172+172+0+1+1+0+171;11+35+14+2+13+96
6;29;1900;013;232+1+119+119+0+0+0+2+119;2+3+7+1+5+101
6;29;1900;014;373+4+205+205+6+2+8+0+197;7+8+5+3+6+168
6;29;1900;015;631+0+331+331+0+5+5+8+326;6+26+13+7+33+241
6;29;1900;016;119+1+81+81+0+0+0+2+81;0+25+27+5+18+6
6;29;2800;001;874+0+363+363+0+0+0+0+363;2+98+62+10+180+11
6;29;2800;002;983+0+396+396+1+0+1+0+395;2+101+103+12+159+18
6;29;2800;003;1179+0+575+575+0+1+1+0+574;2+162+137+14+247+12
6;29;2800;004;907+0+322+322+0+4+4+0+318;4+54+99+16+140+5
6;29;2800;005;944+0+327+327+0+0+0+0+327;1+63+129+17+108+9
6;29;2800;006;926+1+416+416+0+1+1+15+415;2+96+102+14+187+14
6;29;2800;007;1028+0+384+384+1+1+2+5+382;1+95+96+12+173+5
6;29;2800;008;346+0+346+346+0+0+0+0+346;3+71+88+4+174+6
6;29;2800;009;1051+0+392+392+0+0+0+0+392;3+98+149+11+116+15
6;29;2800;010;1039+1+376+376+0+0+0+0+376;3+111+100+12+144+6
6;29;2800;011;1037+1+430+430+0+0+0+0+430;3+81+126+15+193+12
6;29;2800;012;1093+0+343+343+0+3+3+9+340;1+84+111+17+116+11
6;29;2800;013;1212+1+345+345+0+0+0+0+345;11+63+85+38+140+8
6;29;2800;014;1009+1+388+388+2+0+2+5+386;5+122+82+19+153+5
6;29;2800;015;1281+1+545+545+0+0+0+0+545;8+192+85+34+215+11
6;29;2800;016;173+0+110+110+0+0+0+0+110;1+26+15+4+63+1
6;29;2800;017;259+1+148+148+0+0+0+0+148;3+27+48+1+67+2
6;29;2800;018;195+2+120+120+0+0+0+0+120;3+27+25+10+52+3
6;29;2800;019;274+0+150+150+0+0+0+6+150;3+40+37+4+64+2
6;29;2800;020;233+3+161+161+0+0+0+15+161;2+40+30+10+77+2
6;29;2800;021;715+1+408+408+0+2+2+17+406;10+160+52+15+166+3
6;29;2800;022;405+2+217+217+0+1+1+5+216;9+73+26+8+97+3
6;29;2800;023;583+0+330+330+0+0+0+12+330;7+53+42+12+201+15
6;29;2800;024;793+0+404+404+1+2+3+0+401;5+65+71+24+232+4
6;29;2800;025;198+1+124+124+0+0+0+7+124;3+11+8+5+91+6
6;29;2800;026;117+1+92+92+0+0+0+0+92;4+23+9+6+50+0
6;29;2800;027;97+8+70+70+0+0+0+0+70;1+7+9+2+50+1
6;29;2800;028;177+5+107+107+0+0+0+0+107;0+27+18+7+54+1
6;29;2800;029;322+0+207+207+0+0+0+0+207;3+25+25+5+141+8
6;29;2800;030;276+1+158+158+0+0+0+2+158;2+20+17+2+117+0
6;29;2800;031;887+2+416+416+1+3+4+18+412;5+105+82+17+200+3
6;29;2800;032;134+3+62+62+0+0+0+1+62;1+28+5+2+24+2
6;29;2900;001;870+1+380+380+0+1+1+0+379;15+75+95+30+159+5
6;29;2900;002;994+1+533+533+0+2+2+11+531;7+146+97+20+252+9
6;29;2900;003;444+0+218+218+0+2+2+0+216;8+57+28+26+93+4
6;29;2900;004;742+1+308+308+0+0+0+19+308;1+98+72+8+125+4
6;29;2900;005;771+5+294+294+2+3+5+0+289;4+75+53+17+134+6
6;29;2900;006;1003+0+428+428+0+2+2+29+426;8+97+91+49+162+19
6;29;2900;007;759+0+335+335+1+0+1+17+334;4+106+75+15+124+10
6;29;2900;008;552+1+150+150+0+0+0+11+150;6+52+33+4+53+2
6;29;2900;009;473+8+246+246+0+0+0+0+246;1+34+8+5+198+0
6;29;2900;010;298+3+138+138+0+0+0+5+138;1+27+24+12+72+2
6;29;2900;011;221+4+132+132+0+0+0+0+132;4+40+15+8+65+0
6;29;2900;012;294+7+155+155+0+1+1+0+154;2+22+15+22+91+2
6;29;2900;013;328+3+175+175+0+1+1+7+174;2+49+26+3+88+6
6;29;2900;014;325+8+149+149+0+0+0+4+149;2+56+16+2+71+2
6;29;2900;015;93+7+47+47+1+0+1+0+46;3+13+5+0+23+2
6;29;2900;016;230+4+122+122+1+1+2+10+120;5+39+11+5+60+0
6;29;3000;001;420+5+175+175+1+2+3+0+172;1+38+40+2+72+19
6;29;3000;002;129+0+64+64+0+1+1+0+63;2+19+3+0+2+37
6;29;3000;003;82+2+52+52+0+0+0+0+52;4+25+3+1+1+18
6;29;3000;004;75+2+54+54+0+0+0+0+54;0+3+0+0+2+49
6;29;3000;005;41+0+16+16+0+0+0+0+16;1+2+0+1+1+11
6;29;3000;006;194+0+99+99+0+1+1+3+98;3+32+4+1+4+54
6;29;3000;007;291+2+154+154+0+1+1+1+153;2+30+14+4+97+6
6;29;3000;008;40+1+39+39+0+0+0+0+39;0+15+1+0+1+22
6;29;3000;009;232+1+128+128+0+0+0+9+128;8+26+16+7+57+14
6;29;3000;010;61+1+50+50+0+0+0+0+50;0+6+2+0+3+39
6;29;3000;011;168+0+78+78+0+0+0+0+78;2+17+9+2+6+42
6;29;3000;012;479+3+272+272+0+1+1+5+271;5+40+30+13+155+28
6;29;3000;013;212+5+135+135+2+2+4+0+131;4+28+1+1+5+92
6;29;3000;014;77+1+56+56+0+1+1+0+55;0+7+2+2+15+29
6;29;3000;015;145+0+81+81+0+0+0+3+81;1+14+8+3+15+40
6;29;3000;016;214+2+76+76+0+0+0+0+76;0+18+13+4+10+31
6;29;3000;017;145+1+77+77+0+2+2+8+75;2+19+3+7+5+39
6;29;3000;018;254+2+134+134+0+5+5+7+129;3+27+25+8+16+50
6;29;3000;019;278+2+139+139+0+3+3+7+136;6+27+15+5+13+70
6;29;3000;020;179+1+99+99+1+0+1+0+98;5+24+5+2+3+59
6;29;3000;021;45+2+22+22+0+0+0+0+22;0+5+5+1+1+10
6;29;3000;022;150+1+113+113+0+0+0+0+113;11+10+3+1+4+84
6;29;3000;023;127+1+76+76+0+0+0+0+76;1+7+2+0+4+62
6;29;3000;024;120+1+68+68+1+2+3+0+65;4+11+2+1+24+23
6;29;3000;025;385+2+227+227+0+0+0+0+227;3+26+30+4+161+3
6;29;3000;026;269+4+148+148+0+0+0+4+148;0+37+36+7+64+4
6;29;3200;001;722+0+338+338+0+1+1+0+337;1+83+82+14+145+12
6;29;3200;002;760+1+356+356+1+0+1+0+355;3+122+70+11+139+10
6;29;3200;003;868+0+289+289+0+0+0+7+289;1+86+66+22+107+7
6;29;3200;004;773+1+350+350+2+0+2+0+348;2+78+97+23+138+10
6;29;3200;005;826+0+392+392+0+0+0+0+392;1+119+105+9+152+6
6;29;3200;006;769+0+315+315+0+3+3+18+312;2+79+70+12+140+9
6;29;3200;007;957+0+430+430+3+0+3+0+427;6+139+90+18+164+10
6;29;3200;009;240+3+134+134+0+2+2+0+132;0+37+23+13+55+4
6;29;3200;010;127+4+85+85+0+0+0+0+85;2+13+31+10+25+4
6;29;3200;011;218+4+125+125+0+0+0+0+125;3+35+11+9+64+3
6;29;3200;012;182+4+142+142+0+1+1+0+141;3+45+10+3+79+1
6;29;3200;013;373+3+207+207+0+2+2+0+205;6+56+17+8+116+2
6;29;3200;014;506+0+270+270+0+0+0+0+270;3+94+29+15+128+1
6;29;3200;015;653+0+263+263+2+0+2+0+261;3+71+51+25+104+7
6;29;3200;016;555+2+260+260+0+1+1+20+259;1+72+18+17+146+5
6;29;3200;017;95+1+74+74+0+0+0+0+74;2+16+13+0+43+0
6;29;3200;018;106+10+83+83+0+0+0+0+83;1+30+7+3+41+1
6;29;3200;019;711+1+326+326+1+0+1+0+325;5+59+32+31+196+2
6;29;3200;020;240+2+146+146+0+1+1+9+145;4+24+21+8+87+1
6;29;3200;021;679+3+371+371+0+0+0+0+371;8+47+30+19+254+13
6;29;3200;022;651+7+399+399+0+2+2+26+397;4+102+32+15+238+6
6;29;3200;023;685+0+314+314+2+1+3+18+311;8+91+54+16+138+4
6;29;3200;024;555+1+256+256+0+1+1+9+255;5+70+50+13+107+10
6;29;3200;025;313+4+317+317+0+1+1+7+316;4+102+39+8+156+7
6;29;3200;026;117+4+81+81+1+0+1+5+80;2+25+14+5+33+1
6;29;3300;001;737+0+321+321+0+0+0+15+321;4+72+63+14+161+7
6;29;3300;002;971+0+369+369+0+2+2+0+367;3+69+90+12+188+5
6;29;3300;003;919+0+340+340+0+0+0+0+340;2+121+85+8+117+7
6;29;3300;004;921+0+323+323+0+0+0+0+323;0+99+69+6+138+11
6;29;3300;005;736+0+302+302+0+3+3+0+299;3+75+62+8+143+8
6;29;3300;006;796+1+255+255+0+2+2+26+253;6+42+28+15+148+14
6;29;3300;007;956+1+238+238+0+0+0+12+238;3+38+18+13+163+3
6;29;3300;008;860+0+325+325+0+1+1+18+324;1+94+63+18+141+7
6;29;3300;009;962+0+357+357+1+0+1+19+356;4+99+77+13+161+2
6;29;3300;010;977+0+291+291+0+0+0+0+291;0+84+76+7+113+11
6;29;3300;011;871+1+343+343+1+0+1+4+342;1+117+84+4+121+15
6;29;3300;012;781+0+323+323+0+0+0+7+323;8+77+78+14+141+5
6;29;3300;013;747+0+283+283+0+0+0+10+283;3+61+58+6+150+5
6;29;3300;014;937+0+333+333+1+0+1+16+332;1+98+92+10+124+7
6;29;3300;015;1152+0+336+336+1+0+1+12+335;5+93+84+8+129+16
6;29;3300;016;922+0+359+359+3+2+5+11+354;0+119+81+4+142+8
6;29;3300;017;234+0+234+234+0+0+0+12+234;6+53+49+7+111+8
6;29;3300;018;902+0+380+380+0+2+2+0+378;4+85+84+5+185+15
6;29;3300;019;772+0+330+330+0+0+0+20+330;3+101+75+6+134+11
6;29;3300;020;951+0+490+490+0+0+0+34+490;3+52+39+16+376+4
6;29;3300;021;825+2+429+429+0+0+0+26+429;1+189+50+21+165+3
6;29;3300;022;34+1+31+31+0+0+0+0+31;0+6+3+0+20+2
6;29;3300;023;244+1+148+148+0+3+3+0+145;7+23+18+15+71+11
6;29;3300;024;231+1+122+122+0+1+1+10+121;2+20+3+5+89+2
6;29;3300;025;403+1+211+211+0+1+1+0+210;1+37+37+11+118+6
6;29;3300;026;321+3+178+178+0+0+0+0+178;2+58+11+4+94+9
6;29;3300;027;345+1+230+230+0+0+0+0+230;1+44+18+14+149+4
6;29;3300;028;83+0+69+69+0+0+0+0+69;2+10+20+0+37+0
6;29;3300;029;340+4+203+203+0+0+0+7+203;1+49+28+2+120+3
6;29;3300;030;339+1+224+224+1+0+1+0+223;2+28+26+6+156+5
6;29;3300;031;35+3+33+33+0+0+0+0+33;1+5+1+0+26+0
6;29;3300;032;131+1+77+77+0+0+0+4+77;0+13+3+8+52+1
6;29;3300;033;193+3+117+117+0+0+0+0+117;3+12+7+2+83+10
6;29;3300;034;259+1+141+141+0+0+0+0+141;5+40+10+10+75+1
6;29;3300;035;341+2+207+207+1+0+1+3+206;2+46+29+5+116+8
6;29;3300;036;110+5+82+82+0+0+0+0+82;1+25+18+6+31+1
6;29;3300;037;341+1+153+153+1+0+1+5+152;2+69+22+4+52+3
6;29;3300;038;128+7+73+73+0+1+1+0+72;1+34+10+0+26+1
6;29;3300;039;177+3+114+114+0+0+0+8+114;2+18+14+4+74+2
6;29;3300;040;619+4+361+361+0+0+0+0+361;3+44+85+21+201+7
6;29;3300;041;122+6+122+122+1+0+1+0+121;0+37+10+4+70+0
6;29;3300;042;248+3+176+176+0+1+1+6+175;0+38+19+5+112+1
6;29;3300;043;167+3+120+120+1+1+2+6+118;4+12+27+3+70+2
6;29;3300;044;310+0+145+145+0+0+0+0+145;1+9+9+0+25+101
6;29;3400;001;755+1+222+222+0+0+0+6+222;2+99+54+2+62+3
6;29;3400;002;656+1+120+120+1+0+1+4+119;1+43+41+5+27+2
6;29;3400;003;495+1+173+173+0+1+1+11+172;2+48+34+9+77+2
6;29;3400;004;1005+1+246+246+0+0+0+8+246;1+77+82+10+68+8
6;29;3400;005;920+0+207+207+0+0+0+0+207;0+57+57+12+68+13
6;29;3400;006;957+0+290+290+0+0+0+0+290;2+107+64+5+99+13
6;29;3400;007;1001+0+328+328+1+0+1+0+327;1+92+114+11+94+15
6;29;3400;008;762+1+285+285+0+0+0+5+285;0+78+81+13+98+15
6;29;3400;009;600+0+259+259+0+0+0+11+259;0+78+61+4+111+5
6;29;3400;010;820+1+243+243+0+0+0+10+243;2+77+59+8+89+8
6;29;3400;011;641+0+263+263+0+1+1+0+262;4+75+62+1+117+3
6;29;3400;012;852+1+307+307+0+0+0+0+307;3+70+97+5+120+12
6;29;3400;013;540+0+209+209+0+0+0+0+209;0+58+45+5+91+10
6;29;3400;014;585+1+280+280+0+0+0+0+280;3+98+73+9+94+3
6;29;3400;015;200+0+200+200+0+0+0+0+200;5+57+47+10+77+4
6;29;3400;016;621+0+262+262+0+0+0+0+262;1+78+69+7+102+5
6;29;3400;017;560+0+213+213+0+0+0+7+213;2+64+43+2+100+2
6;29;3400;018;506+0+203+203+0+0+0+7+203;2+59+55+8+76+3
6;29;3400;019;626+0+258+258+0+0+0+0+258;2+95+65+7+84+5
6;29;3400;020;905+1+397+397+0+0+0+17+397;0+145+93+8+145+6
6;29;3400;021;454+0+200+200+0+0+0+0+200;2+71+40+2+76+9
6;29;3400;022;571+0+259+259+0+0+0+10+259;1+75+69+11+97+6
6;29;3400;023;482+0+163+163+0+1+1+0+162;2+48+35+3+70+4
6;29;3400;024;518+1+220+220+1+0+1+5+219;3+85+36+3+90+2
6;29;3400;025;705+0+289+289+0+1+1+15+288;2+85+64+6+125+6
6;29;3400;026;848+0+269+269+2+0+2+9+267;1+80+68+8+104+6
6;29;3400;027;739+0+293+293+0+0+0+9+293;2+78+78+5+122+8
6;29;3400;028;731+2+302+302+2+0+2+14+300;2+66+100+7+117+8
6;29;3400;029;567+1+242+242+0+1+1+10+241;1+60+57+1+118+4
6;29;3400;030;408+0+185+185+0+0+0+0+185;1+41+37+4+98+4
6;29;3400;031;633+0+277+277+1+0+1+0+276;1+75+54+17+124+5
6;29;3400;032;861+0+225+225+0+0+0+10+225;0+40+77+9+92+7
6;29;3400;033;464+0+188+188+1+0+1+9+187;0+56+35+2+86+8
6;29;3400;034;614+1+282+282+1+0+1+0+281;1+72+68+8+126+6
6;29;3400;035;487+0+230+230+0+0+0+0+230;2+66+49+0+108+5
6;29;3400;036;522+1+174+174+0+0+0+14+174;3+48+43+7+65+8
6;29;3400;037;508+0+197+197+0+0+0+0+197;1+71+41+5+75+4
6;29;3400;038;711+0+237+237+0+0+0+7+237;1+91+52+10+76+7
6;29;3400;039;466+0+180+180+0+0+0+8+180;0+55+52+2+65+6
6;29;3400;040;476+0+172+172+1+0+1+0+171;9+60+33+7+38+24
6;29;3400;041;547+0+135+135+1+1+2+5+133;3+49+21+7+45+8
6;29;3400;042;636+0+200+200+0+0+0+0+200;1+62+49+4+73+11
6;29;3400;043;663+0+207+207+1+1+2+11+205;3+82+35+11+57+17
6;29;3400;044;378+1+116+116+0+0+0+6+116;1+33+36+4+36+6
6;29;3400;045;751+0+222+222+0+5+5+0+217;7+79+39+7+74+11
6;29;3400;046;552+1+173+173+0+0+0+7+173;3+40+43+13+56+18
6;29;3400;047;622+0+167+167+0+2+2+8+165;3+50+39+5+46+22
6;29;3400;048;596+0+184+184+0+0+0+0+184;2+46+40+9+82+5
6;29;3400;049;613+1+200+200+0+0+0+0+200;2+70+37+8+79+4
6;29;3400;050;497+0+187+187+1+1+2+0+185;1+37+64+7+68+8
6;29;3400;051;876+0+294+294+0+0+0+0+294;1+69+77+16+125+6
6;29;3400;052;916+0+296+296+1+0+1+0+295;2+54+96+11+127+5
6;29;3400;053;751+1+251+251+0+0+0+5+251;2+70+79+10+75+15
6;29;3400;054;168+1+168+168+0+0+0+0+168;0+37+54+7+68+2
6;29;3400;055;874+2+192+192+0+0+0+3+192;5+67+46+5+51+18
6;29;3400;056;660+0+226+226+0+0+0+7+226;2+89+55+13+61+6
6;29;3400;057;714+1+200+200+1+0+1+10+199;1+79+37+13+57+12
6;29;3400;058;665+0+196+196+0+0+0+0+196;2+45+51+13+84+1
6;29;3400;059;699+0+188+188+0+0+0+6+188;1+76+49+14+41+7
6;29;3400;060;673+0+250+250+1+9+10+18+240;12+120+18+14+45+31
6;29;3400;061;722+0+269+269+1+6+7+0+262;7+79+60+14+91+11
6;29;3400;062;764+0+217+217+1+8+9+19+208;7+74+41+5+75+6
6;29;3400;063;504+0+183+183+0+0+0+0+183;5+44+40+3+86+5
6;29;3400;064;921+0+200+200+1+2+3+6+197;7+122+16+13+30+9
6;29;3400;065;776+4+217+217+3+3+6+0+211;19+104+15+19+42+12
6;29;3400;066;497+0+167+167+0+0+0+3+167;0+37+39+10+78+3
6;29;3400;067;377+0+97+97+2+0+2+0+95;0+24+16+2+50+3
6;29;3400;068;794+0+120+120+0+1+1+11+119;1+41+31+4+29+13
6;29;3400;069;748+2+299+299+2+0+2+0+297;1+110+80+7+88+11
6;29;3400;070;731+0+271+271+1+0+1+0+270;2+92+62+14+92+8
6;29;3400;071;712+0+288+288+0+0+0+28+288;0+84+55+5+135+9
6;29;3400;072;745+1+317+317+0+0+0+0+317;2+94+87+5+120+9
6;29;3400;073;541+1+197+197+1+0+1+0+196;2+65+43+1+81+4
6;29;3400;074;700+0+287+287+0+0+0+18+287;2+67+69+7+131+11
6;29;3400;075;705+0+257+257+1+0+1+12+256;1+68+66+7+108+6
6;29;3400;076;716+3+273+273+0+0+0+17+273;1+64+61+6+133+8
6;29;3400;077;577+1+171+171+1+0+1+7+170;6+61+35+13+52+3
6;29;3400;078;585+1+261+261+0+0+0+0+261;1+66+58+5+125+6
6;29;3400;079;691+0+303+303+0+1+1+22+302;1+141+64+5+90+1
6;29;3400;080;775+4+305+305+0+1+1+0+304;4+85+71+7+127+10
6;29;3400;081;770+0+281+281+0+0+0+4+281;17+72+73+14+108+7
6;29;3400;082;630+2+183+183+0+0+0+3+183;1+38+55+5+67+17
6;29;3400;083;665+0+215+215+1+1+2+9+213;1+65+51+9+82+5
6;29;3400;084;540+0+171+171+0+0+0+0+171;0+52+43+4+61+11
6;29;3400;085;491+0+153+153+0+0+0+0+153;1+45+33+11+49+14
6;29;3400;086;533+0+105+105+1+1+2+0+103;3+50+15+4+13+18
6;29;3400;087;843+0+96+96+0+0+0+4+96;7+50+5+5+11+18
6;29;3400;088;758+0+151+151+0+2+2+5+149;6+82+14+4+27+16
6;29;3400;089;493+1+125+125+0+0+0+0+125;1+70+12+6+28+8
6;29;3400;090;527+2+137+137+0+0+0+2+137;4+74+27+1+19+12
6;29;3400;091;554+0+151+151+0+0+0+0+151;7+54+26+2+42+20
6;29;3400;092;403+0+189+189+1+0+1+9+188;0+71+37+0+75+5
6;29;3400;093;481+1+237+237+0+1+1+0+236;0+59+58+6+111+2
6;29;3400;094;484+0+242+242+1+0+1+20+241;2+91+56+6+84+2
6;29;3400;095;453+0+218+218+0+1+1+13+217;2+85+51+9+67+3
6;29;3400;096;513+0+261+261+0+0+0+0+261;1+96+56+3+98+7
6;29;3400;097;463+0+200+200+0+1+1+0+199;1+74+33+3+83+5
6;29;3400;098;651+1+227+227+0+0+0+0+227;3+71+56+2+85+10
6;29;3400;099;632+1+301+301+0+0+0+0+301;4+122+58+5+108+4
6;29;3400;100;466+0+201+201+0+0+0+0+201;0+71+46+9+73+2
6;29;3400;101;812+0+247+247+0+0+0+7+247;1+80+40+1+113+12
6;29;3400;102;757+0+243+243+0+0+0+0+243;1+79+53+7+98+5
6;29;3400;103;650+5+210+210+0+0+0+5+210;1+100+41+4+61+3
6;29;3400;104;443+0+129+129+0+0+0+0+129;0+37+34+3+48+7
6;29;3400;105;835+1+257+257+0+0+0+0+257;11+106+42+14+62+22
6;29;3400;106;970+0+212+212+0+0+0+3+212;0+92+37+4+68+11
6;29;3400;107;827+0+229+229+1+1+2+10+227;8+123+38+6+32+20
6;29;3400;108;545+0+246+246+0+0+0+10+246;4+55+50+11+124+2
6;29;3400;109;437+0+182+182+0+0+0+6+182;2+55+42+11+67+5
6;29;3400;110;417+1+150+150+0+0+0+2+150;4+21+30+11+83+1
6;29;3400;111;41+1+32+32+1+4+5+0+27;1+6+6+2+11+1
6;29;3400;112;178+3+98+98+2+0+2+0+96;1+15+6+4+63+7
6;29;3400;113;98+0+16+16+0+0+0+0+16;0+4+6+0+5+1
6;29;3400;114;570+2+300+300+0+0+0+0+300;10+48+41+15+181+5
6;29;3400;115;547+1+283+283+0+1+1+19+282;4+92+31+20+121+14
6;29;3400;116;508+1+243+243+2+0+2+10+241;6+50+50+16+115+4
6;29;3400;117;668+2+258+258+1+2+3+8+255;6+73+63+18+80+15
6;29;3400;118;172+5+104+104+0+0+0+0+104;1+33+20+1+47+2
6;29;3400;119;562+3+280+280+1+0+1+0+279;0+41+37+8+182+11
6;29;3400;120;623+3+323+323+0+1+1+0+322;2+43+29+13+233+2
6;29;3400;121;202+5+127+127+0+0+0+0+127;0+43+14+3+67+0
6;29;3400;122;673+6+253+253+0+0+0+0+253;4+52+33+22+133+9
6;29;3400;123;284+0+135+135+1+0+1+0+134;6+77+4+3+31+13
6;29;3400;124;442+7+282+282+0+0+0+0+282;3+52+21+13+183+10
6;29;3400;125;139+2+89+89+1+0+1+6+88;1+19+4+2+61+1
6;29;3400;126;649+0+181+181+2+0+2+9+179;4+59+25+16+71+4
6;29;3400;127;172+3+117+117+0+0+0+0+117;3+17+24+9+63+1
6;29;3400;128;104+5+74+74+0+0+0+0+74;4+11+11+2+44+2
6;29;3400;129;767+3+361+361+0+0+0+5+361;2+57+25+61+214+2
6;29;3400;130;507+3+194+194+0+1+1+3+193;4+45+37+14+88+5
6;29;3400;131;436+2+160+160+0+0+0+0+160;2+37+28+10+82+1
6;29;3400;132;553+0+218+218+0+0+0+6+218;4+53+36+8+116+1
6;29;3400;133;524+6+319+319+0+1+1+0+318;3+50+35+4+220+6
6;29;3400;134;160+2+103+103+0+0+0+0+103;0+20+7+7+49+20
6;29;3400;135;308+3+150+150+1+0+1+0+149;0+62+12+9+65+1
6;29;3400;136;105+2+65+65+0+1+1+4+64;1+9+11+2+38+3
6;29;3400;137;187+2+81+81+0+0+0+3+81;3+23+8+0+37+10
6;29;3400;138;269+2+109+109+0+1+1+6+108;6+13+23+6+48+12
6;29;3400;139;419+2+113+113+0+2+2+3+111;0+28+14+4+36+29
6;29;3400;140;520+11+185+185+0+0+0+0+185;5+32+33+10+91+14
6;29;3400;141;464+3+233+233+0+1+1+15+232;2+50+21+0+156+3
6;29;3400;142;392+0+191+191+0+0+0+0+191;0+58+22+13+93+5
6;29;3400;143;426+3+133+133+1+1+2+0+131;7+24+7+2+30+61
6;29;3400;144;421+3+149+149+1+1+2+0+147;4+31+15+7+49+41
6;29;3400;145;258+2+83+83+1+2+3+9+80;8+20+4+7+8+33
6;29;3400;146;575+4+246+246+0+0+0+7+246;2+35+28+6+164+11
6;29;3400;147;458+4+179+179+0+1+1+5+178;2+73+16+6+54+27
6;29;3400;148;126+2+128+128+0+4+4+6+124;4+53+25+1+24+17
6;29;3400;149;352+4+188+188+2+0+2+0+186;1+155+6+1+8+15
6;29;3400;150;264+8+187+187+0+1+1+0+186;1+16+19+2+146+2
6;29;3400;151;243+3+122+122+0+0+0+0+122;0+37+6+8+7+64
[END]

[AGGR]
29;6;   ;6+461+461+236270+805+99386+99392+162+255+417+2207+98975;1234+26683+19873+3986+41974+5235
[END]

