[INFO]
30;Ш│мен;201
[END]

[IZB]
30;6;   ;;11.11.2001;1;6;312
[END]

[NM]
3007;001;▒. Бо░╢и;05685;00
3007;002;▒. Бо┐н;05966;00
3007;003;▒. Б│йнови╢а;06865;00
3007;004;▒. Вене╢;10642;00
3007;005;▒. Габ░и╢а;14132;00
3007;006;▒. Дени╢а;20643;00
3007;007;▒. Д░ен╢и;23724;00
3007;008;▒. Изг░ев;32562;00
3007;009;▒. Капи▓ан Пе▓ко;36155;00
3007;010;▒. О▒енове╢;54119;00
3007;011;▒. С▓░а╡или╢а;69729;00
3007;012;▒. Че░на;80772;00
3007;013;▒. Че░ноглав╢и;81061;00
3007;014;▒. Я▒енково;87610;00
3010;001;▒. Бож│░ово;05075;00
3010;002;▒. Б┐ла ░ека;07692;00
3010;003;г░. В║░би╢а;12766;00
3010;004;▒. Иваново;32113;00
3010;005;▒. Конево;38306;00
3010;006;▒. К░айго░╢и;39298;00
3010;007;▒. К╝олмен;41054;00
3010;008;▒. Лове╢;43949;00
3010;009;▒. Маломи░;46773;00
3010;010;▒. Менги╕ево;47785;00
3010;011;▒. Ме▓одиево;47915;00
3010;012;▒. Нова б┐ла ░ека;51785;00
3010;013;▒. С▓ан┐н╢и;68847;00
3010;014;▒. С│╕ина;70398;00
3010;015;▒. Т│╕ови╢а;73537;00
3010;016;▒. Че░нооково;81222;00
3011;001;▒. Байково;02244;00
3011;002;▒. Близна╢и;04430;00
3011;004;▒. Ви▒ока пол┐на;11257;00
3011;005;▒. В║░бак;12663;00
3011;006;▒. Дл║жко;21289;00
3011;007;▒. Доб░и Войников;21405;00
3011;008;▒. Единаков╢и;27067;00
3011;009;▒. Живково;29341;00
3011;010;▒. Звего░;30421;00
3011;011;▒. Иглика;32250;00
3011;012;▒. Калино;35417;00
3011;013;▒. Камен┐к;35969;00
3011;014;▒. Развиго░ово;61697;00
3011;015;▒. Сливак;67283;00
3011;017;▒. С▓│дени╢а;70099;00
3011;018;▒. Те░вел;72285;00
3011;020;▒. Т░ем;73050;00
3011;021;▒. Тима░ево;;00
3011;022;▒. Хи▓░ино;14516;00
3018;002;▒. Б░ани╖ево;06094;00
3018;003;▒. Г│▒ла;18188;00
3018;004;▒. Дой░ан╢и;21811;00
3018;005;▒. Долина;21960;00
3018;006;▒. Заго░и╖е;30137;00
3018;007;г░. Каолиново;36079;00
3018;008;▒. Климен▓;37232;00
3018;010;▒. Ли▒и в░║╡;43846;00
3018;011;▒. Л┐▓но;44865;00
3018;012;▒. На│м;51158;00
3018;013;▒. Ома░╖ево;53521;00
3018;014;▒. П░и▒▓ое;58485;00
3018;015;▒. Сини ви░;66531;00
3018;016;▒. С░едкове╢;68388;00
3018;017;▒. Тодо░ Икономово;72549;00
3018;018;▒. Т║ка╖;73554;00
3019;001;▒. В║░б┐не;12838;00
3019;002;▒. Зла▓на нива;31084;00
3019;003;г░. Ка▒пи╖ан;36587;00
3019;004;▒. Ко▒ово;38804;00
3019;005;▒. К╛лев╖а;41109;00
3019;007;▒. Ма░ково;47319;00
3019;008;▒. Могила;48773;00
3019;009;г░. Пли▒ка;56770;00
3019;010;▒. Ка▒пи╖ан;36590;00
3021;001;▒. Векил▒ки;10330;00
3021;002;▒. В║лна░и;12509;00
3021;003;▒. Ка░авелово;36194;00
3021;004;▒. К░а▒ен дол;39548;00
3021;005;▒. К░ива ░ека;39760;00
3021;006;▒. Никола Козлево;51651;00
3021;007;▒. Пе▓ могили;56071;00
3021;008;▒. Р│жи╢а;63269;00
3021;009;▒. Х║░▒ово;77582;00
3021;010;▒. Цани Гин╖ево;78032;00
3021;011;▒. Ц║░кви╢а;78656;00
3022;001;▒. Беджене;03126;00
3022;002;▒. Войвода;11819;00
3022;003;▒. Енево;27471;00
3022;004;▒. Жилино;29391;00
3022;005;▒. Зай╖ино о░е╕е;30274;00
3022;006;▒. Изб│л;32353;00
3022;007;▒. Ми░ов╢и;48386;00
3022;008;г░. Нови паза░;52009;00
3022;009;▒. Пам│к╖и;55292;00
3022;010;▒. Пи▒а░ево;56486;00
3022;011;▒. П░авен╢и;58027;00
3022;012;▒. П░е▒елка;58205;00
3022;013;▒. Се╖и╣е;66353;00
3022;014;▒. С▓ан;68744;00
3022;015;▒. С▓о┐н Ми╡айлов▒ки;69506;00
3022;016;▒. Т░║ни╢а;73300;00
3023;001;г░. Велики П░е▒лав;58222;00
3023;002;▒. Д░агоево;23340;00
3023;003;▒. Зла▓а░;30942;00
3023;004;▒. Им░ен╖ево;32723;00
3023;005;▒. Ко╖ово;39133;00
3023;006;▒. Миланово;48132;00
3023;007;▒. Мок░е╕;48862;00
3023;008;▒. Мо▒▓и╖;49148;00
3023;009;▒. О▒ма░;54273;00
3023;010;▒. С│╡а ░ека;70278;00
3023;011;▒. Т░ои╢а;73170;00
3023;012;▒. Хан К░│м;78210;00
3025;001;▒. Алек▒анд░ово;00330;00
3025;002;▒. Б┐л б░┐г;07729;00
3025;003;▒. Ве▒елиново;10762;00
3025;004;▒. Жел║д;29177;00
3025;005;▒. К║лново;40840;00
3025;006;▒. Ново Янково;52310;00
3025;008;▒. Ри╕;62732;00
3025;009;г░. См┐дово;67708;00
3025;010;▒. Че░ни в░║╡;80950;00
3025;011;▒. Янково;87429;00
3030;001;▒. Белокопи▓ово;03633;00
3030;002;▒. Благово;04265;00
3030;003;▒. Ва▒ил Д░│мев;10176;00
3030;004;▒. Велино;10464;00
3030;005;▒. Ве▓░и╣е;10882;00
3030;006;▒. Ве╡▓ово;10923;00
3030;007;▒. Г░ади╣е;17573;00
3030;008;▒. Диби╖;20938;00
3030;009;▒. Д░│мево;23813;00
3030;010;▒. Иван▒ки;32158;00
3030;011;▒. Или┐ Бл║▒ков;32706;00
3030;012;▒. Кладене╢;37135;00
3030;013;▒. Ко▒▓ена ░ека;38892;00
3030;014;▒. Кон╝ове╢;41188;00
3030;015;▒. Лозево;44032;00
3030;016;▒. Мада░а;46053;00
3030;018;▒. Ма░а╕;47161;00
3030;019;▒. М║▓ни╢а;;00
3030;020;▒. Ново▒ел;52132;00
3030;021;▒. Ов╖а░ово;53240;00
3030;022;▒. Панайо▓ Волово;55316;00
3030;023;▒. Радко Дими▓░иево;61443;00
3030;024;▒. Салманово;65187;00
3030;025;▒. С░едн┐;68504;00
3030;026;▒. С▓░│йно;69924;00
3030;027;▒. Ца░ев б░од;78104;00
3030;028;▒. Че░ен╖а;80546;00
3030;029;г░. Ш│мен;83510;00
[END]

[SEC]
30;0700;001;6;001
30;0700;002;6;002
30;0700;003;6;003
30;0700;004;6;004
30;0700;005;6;005
30;0700;006;6;006
30;0700;007;6;007
30;0700;008;6;008
30;0700;009;6;009
30;0700;010;6;010
30;0700;011;6;011
30;0700;012;6;012
30;0700;013;6;013
30;0700;014;6;014
30;0700;015;6;014
30;0700;016;6;014
30;1000;001;6;001
30;1000;002;6;002
30;1000;003;6;002
30;1000;004;6;003
30;1000;005;6;003
30;1000;006;6;003
30;1000;007;6;004
30;1000;008;6;006
30;1000;009;6;005
30;1000;010;6;007
30;1000;011;6;008
30;1000;012;6;009
30;1000;013;6;010
30;1000;014;6;011
30;1000;015;6;012
30;1000;016;6;013
30;1000;017;6;014
30;1000;018;6;015
30;1000;019;6;016
30;1100;001;6;001
30;1100;002;6;002
30;1100;004;6;004
30;1100;005;6;005
30;1100;006;6;022
30;1100;007;6;006
30;1100;008;6;007
30;1100;009;6;008
30;1100;010;6;009
30;1100;011;6;010
30;1100;012;6;011
30;1100;013;6;012
30;1100;014;6;013
30;1100;015;6;021
30;1100;016;6;014
30;1100;017;6;015
30;1100;019;6;017
30;1100;020;6;018
30;1100;021;6;020
30;1800;001;6;002
30;1800;002;6;002
30;1800;003;6;003
30;1800;004;6;004
30;1800;005;6;005
30;1800;006;6;006
30;1800;007;6;007
30;1800;008;6;007
30;1800;009;6;007
30;1800;010;6;008
30;1800;011;6;008
30;1800;012;6;010
30;1800;013;6;011
30;1800;014;6;012
30;1800;015;6;013
30;1800;016;6;014
30;1800;017;6;014
30;1800;018;6;015
30;1800;019;6;016
30;1800;020;6;017
30;1800;021;6;017
30;1800;022;6;017
30;1800;023;6;018
30;1900;001;6;003
30;1900;002;6;003
30;1900;003;6;003
30;1900;004;6;003
30;1900;005;6;010
30;1900;006;6;010
30;1900;007;6;003
30;1900;008;6;008
30;1900;009;6;009
30;1900;010;6;009
30;1900;011;6;002
30;1900;012;6;001
30;1900;015;6;005
30;1900;016;6;007
30;1900;017;6;007
30;1900;018;6;004
30;2100;001;6;001
30;2100;002;6;002
30;2100;003;6;002
30;2100;004;6;003
30;2100;005;6;004
30;2100;006;6;005
30;2100;007;6;006
30;2100;008;6;007
30;2100;009;6;007
30;2100;010;6;008
30;2100;011;6;009
30;2100;012;6;010
30;2100;013;6;011
30;2200;001;6;008
30;2200;002;6;008
30;2200;003;6;008
30;2200;004;6;008
30;2200;005;6;008
30;2200;006;6;008
30;2200;007;6;008
30;2200;008;6;008
30;2200;009;6;008
30;2200;010;6;008
30;2200;011;6;008
30;2200;012;6;008
30;2200;013;6;008
30;2200;014;6;008
30;2200;015;6;008
30;2200;016;6;008
30;2200;017;6;008
30;2200;018;6;008
30;2200;019;6;015
30;2200;020;6;015
30;2200;021;6;001
30;2200;022;6;002
30;2200;023;6;003
30;2200;024;6;004
30;2200;025;6;005
30;2200;026;6;006
30;2200;027;6;007
30;2200;028;6;009
30;2200;029;6;009
30;2200;030;6;010
30;2200;031;6;011
30;2200;032;6;012
30;2200;033;6;013
30;2200;034;6;014
30;2200;035;6;016
30;2300;001;6;001
30;2300;002;6;001
30;2300;003;6;001
30;2300;004;6;001
30;2300;005;6;001
30;2300;006;6;001
30;2300;007;6;001
30;2300;008;6;001
30;2300;009;6;001
30;2300;010;6;001
30;2300;011;6;002
30;2300;012;6;002
30;2300;013;6;003
30;2300;014;6;003
30;2300;015;6;004
30;2300;016;6;005
30;2300;017;6;006
30;2300;018;6;007
30;2300;019;6;008
30;2300;020;6;009
30;2300;021;6;010
30;2300;022;6;011
30;2300;023;6;012
30;2300;024;6;001
30;2500;001;6;009
30;2500;002;6;009
30;2500;003;6;009
30;2500;004;6;009
30;2500;005;6;009
30;2500;006;6;001
30;2500;007;6;002
30;2500;008;6;003
30;2500;009;6;004
30;2500;010;6;005
30;2500;011;6;006
30;2500;012;6;008
30;2500;013;6;010
30;2500;014;6;011
30;3000;001;6;029
30;3000;002;6;029
30;3000;003;6;029
30;3000;004;6;029
30;3000;005;6;029
30;3000;006;6;029
30;3000;007;6;029
30;3000;008;6;029
30;3000;009;6;029
30;3000;010;6;029
30;3000;011;6;029
30;3000;012;6;029
30;3000;013;6;029
30;3000;014;6;029
30;3000;015;6;029
30;3000;016;6;029
30;3000;017;6;029
30;3000;018;6;029
30;3000;019;6;029
30;3000;020;6;029
30;3000;021;6;029
30;3000;022;6;029
30;3000;023;6;029
30;3000;024;6;029
30;3000;025;6;029
30;3000;026;6;029
30;3000;027;6;029
30;3000;028;6;029
30;3000;029;6;029
30;3000;030;6;029
30;3000;031;6;029
30;3000;032;6;029
30;3000;033;6;029
30;3000;034;6;029
30;3000;035;6;029
30;3000;036;6;029
30;3000;037;6;029
30;3000;038;6;029
30;3000;039;6;029
30;3000;040;6;029
30;3000;041;6;029
30;3000;042;6;029
30;3000;043;6;029
30;3000;044;6;029
30;3000;045;6;029
30;3000;046;6;029
30;3000;047;6;029
30;3000;048;6;029
30;3000;049;6;029
30;3000;050;6;029
30;3000;051;6;029
30;3000;052;6;029
30;3000;053;6;029
30;3000;054;6;029
30;3000;055;6;029
30;3000;056;6;029
30;3000;057;6;029
30;3000;058;6;029
30;3000;059;6;029
30;3000;060;6;029
30;3000;061;6;029
30;3000;062;6;029
30;3000;063;6;029
30;3000;064;6;029
30;3000;065;6;029
30;3000;066;6;029
30;3000;067;6;029
30;3000;068;6;029
30;3000;069;6;029
30;3000;070;6;029
30;3000;071;6;029
30;3000;072;6;029
30;3000;073;6;029
30;3000;074;6;029
30;3000;075;6;029
30;3000;076;6;029
30;3000;077;6;029
30;3000;078;6;029
30;3000;079;6;029
30;3000;080;6;029
30;3000;081;6;029
30;3000;082;6;029
30;3000;083;6;029
30;3000;084;6;029
30;3000;085;6;029
30;3000;086;6;001
30;3000;087;6;003
30;3000;088;6;006
30;3000;089;6;005
30;3000;090;6;007
30;3000;091;6;009
30;3000;092;6;004
30;3000;093;6;012
30;3000;094;6;008
30;3000;095;6;010
30;3000;096;6;010
30;3000;097;6;011
30;3000;098;6;014
30;3000;099;6;015
30;3000;100;6;018
30;3000;101;6;020
30;3000;102;6;021
30;3000;103;6;013
30;3000;104;6;022
30;3000;105;6;023
30;3000;106;6;024
30;3000;107;6;025
30;3000;108;6;026
30;3000;109;6;027
30;3000;110;6;027
30;3000;111;6;016
30;3000;112;6;028
30;3000;113;6;029
30;3000;114;6;019
30;3000;115;6;029
30;3000;116;6;002
30;3000;117;6;029
30;3000;118;6;029
30;3000;119;6;029
30;3000;120;6;029
30;3000;121;6;029
30;3000;122;6;029
30;3000;123;6;029
30;3000;124;6;029
30;3000;125;6;029
30;3000;126;6;029
30;3000;127;6;029
30;3000;128;6;029
30;3000;129;6;029
30;3000;130;6;029
30;3000;131;6;016
30;3000;132;6;029
30;3000;133;6;027
[END]

[MAJ]
30;6;   ;01;;;Пе▓║░ Ки░илов Бе░он и С▓о┐н В║л╖ев Анд░еев;, ;ПКБ+СВА;996;0;1
30;6;   ;02;;;Пе▓║░ С▓е┤анов С▓о┐нов и Нели Пе▓░ова К│╢кова;, ;ПСС+НПК;18220;2;2
30;6;   ;03;;;Богомил Ангелов Бонев и А▓ана▒ Иванов Желез╖ев;, ;БАБ+АИЖ;14211;0;3
30;6;   ;04;;;Жо░ж Ган╖ев Ган╖ев и Ве▒елин С▓о┐нов Бон╖ев;, ;ЖГГ+ВСБ;2649;0;4
30;6;   ;05;;;Гео░ги Седе┤╖ов П║░ванов и Ангел Иванов Ма░ин;, ;ГСП+АИМ;25070;2;5
30;6;   ;06;;;Рене▓а Иванова Инджова и К░║▒▓╛ Николов Илов;, ;РИИ+КНИ;11475;0;6
[END]

[PROP]
[END]

[LISTI]
[END]

[PROT]
6;30;0700;001;860+1+264+264+1+1+2+0+262;5+25+2+4+9+217
6;30;0700;002;763+2+205+205+0+4+4+4+201;3+73+10+6+12+97
6;30;0700;003;459+0+136+136+0+0+0+0+136;2+43+3+1+1+86
6;30;0700;004;1237+2+342+342+5+2+7+19+335;9+183+10+4+22+107
6;30;0700;005;444+0+177+177+0+0+0+0+177;4+35+0+3+12+123
6;30;0700;006;161+1+96+96+0+0+0+0+96;2+27+4+1+8+54
6;30;0700;007;386+2+162+162+2+2+4+5+158;0+47+4+1+35+71
6;30;0700;008;1079+0+197+197+1+1+2+18+195;5+56+14+4+32+84
6;30;0700;009;927+3+248+248+1+3+4+32+244;9+56+25+1+13+140
6;30;0700;010;450+0+207+207+1+1+2+0+205;2+25+6+1+11+160
6;30;0700;011;109+1+70+70+0+0+0+0+70;4+37+1+0+5+23
6;30;0700;012;303+1+127+127+2+1+3+3+124;1+20+2+5+5+91
6;30;0700;013;586+2+228+228+4+2+6+9+222;2+47+10+6+30+127
6;30;0700;014;655+1+193+193+0+0+0+0+193;5+55+15+5+10+103
6;30;0700;015;800+0+234+234+0+1+1+3+233;5+64+1+4+5+154
6;30;0700;016;768+0+294+294+0+2+2+13+292;4+44+7+0+7+230
6;30;1000;001;425+5+137+137+1+1+2+11+135;1+48+12+3+5+66
6;30;1000;002;443+5+153+153+1+3+4+15+149;7+52+8+3+23+56
6;30;1000;003;537+3+189+189+0+2+2+15+187;4+65+7+4+31+76
6;30;1000;004;869+1+354+354+1+1+2+0+352;4+102+88+9+140+9
6;30;1000;005;816+0+242+242+0+0+0+0+242;3+84+39+4+59+53
6;30;1000;006;943+1+412+412+0+4+4+51+408;16+130+16+27+192+27
6;30;1000;007;456+2+191+191+0+2+2+0+189;8+53+24+4+75+25
6;30;1000;008;213+2+87+87+0+0+0+0+87;0+7+6+2+0+72
6;30;1000;009;266+0+119+119+0+0+0+0+119;2+28+6+2+29+52
6;30;1000;010;82+0+41+41+0+0+0+0+41;3+6+2+0+4+26
6;30;1000;011;397+1+156+156+0+2+2+10+154;8+59+4+4+57+22
6;30;1000;012;422+0+198+198+0+0+0+6+198;1+84+40+3+24+46
6;30;1000;013;394+3+134+134+0+0+0+0+134;4+46+9+8+53+14
6;30;1000;014;477+1+156+156+0+4+4+0+152;7+19+20+6+16+84
6;30;1000;015;436+2+253+253+0+0+0+10+253;5+193+22+0+13+20
6;30;1000;016;576+2+188+188+1+1+2+8+186;8+66+17+1+9+85
6;30;1000;017;280+5+168+168+3+0+3+0+165;6+25+17+8+15+94
6;30;1000;018;806+3+382+382+1+3+4+26+378;4+78+31+2+27+236
6;30;1000;019;554+3+205+205+2+1+3+0+202;4+33+10+1+5+149
6;30;1100;001;219+0+85+85+0+4+4+0+81;5+30+5+0+14+27
6;30;1100;002;232+0+143+143+4+3+7+0+136;5+19+16+4+25+67
6;30;1100;004;354+0+118+118+0+3+3+4+115;8+25+3+1+7+71
6;30;1100;005;330+0+182+182+3+0+3+13+179;2+66+26+4+68+13
6;30;1100;006;842+3+395+395+2+3+5+13+390;4+60+29+4+217+76
6;30;1100;007;203+0+98+98+2+1+3+0+95;6+16+8+4+16+45
6;30;1100;008;186+0+71+71+0+1+4+0+67;5+13+13+6+6+24
6;30;1100;009;190+0+76+76+0+0+0+0+76;4+20+5+1+2+44
6;30;1100;010;574+0+223+223+1+1+2+14+221;3+45+26+7+32+108
6;30;1100;011;339+1+191+191+0+0+0+0+191;3+17+13+3+7+148
6;30;1100;012;253+3+139+139+0+1+1+9+138;3+37+10+1+14+73
6;30;1100;013;170+0+108+108+0+2+2+0+106;1+15+3+2+20+65
6;30;1100;014;428+1+260+260+6+0+6+14+254;9+49+41+11+115+29
6;30;1100;015;1169+1+301+301+5+4+9+292+292;5+44+22+12+61+148
6;30;1100;016;256+2+143+143+4+1+5+0+138;6+19+14+1+7+91
6;30;1100;017;227+2+131+131+0+0+0+0+131;0+20+2+0+44+65
6;30;1100;019;571+0+196+196+0+2+2+5+194;2+12+12+4+12+152
6;30;1100;020;176+0+176+176+0+3+3+0+173;2+60+19+9+21+62
6;30;1100;021;359+0+160+160+0+2+2+0+158;2+17+5+1+2+131
6;30;1800;001;513+0+300+300+1+0+1+10+299;3+34+19+2+30+211
6;30;1800;002;722+0+355+355+0+2+2+0+353;8+44+13+6+46+236
6;30;1800;003;743+2+284+284+0+1+1+7+283;3+43+11+3+12+211
6;30;1800;004;515+0+226+226+0+2+2+10+224;5+67+12+10+71+59
6;30;1800;005;451+0+138+138+2+0+2+8+136;7+39+4+9+41+36
6;30;1800;006;660+0+575+575+0+2+2+10+573;2+10+139+6+6+410
6;30;1800;007;749+2+246+246+0+0+0+4+246;4+35+33+6+81+87
6;30;1800;008;648+0+189+189+0+0+0+3+189;4+26+3+0+11+145
6;30;1800;009;834+1+216+216+0+0+0+0+216;10+65+4+4+5+128
6;30;1800;010;687+0+275+275+0+0+0+0+275;5+61+4+15+6+184
6;30;1800;011;683+1+252+252+0+1+1+3+251;3+26+2+1+2+217
6;30;1800;012;48+2+24+24+0+0+0+0+24;0+9+3+1+7+4
6;30;1800;013;608+1+171+171+0+1+1+8+170;7+104+17+12+9+21
6;30;1800;014;449+0+250+250+1+2+3+0+247;7+31+17+3+10+179
6;30;1800;015;46+1+28+28+0+0+0+0+28;0+5+10+0+12+1
6;30;1800;016;518+2+277+277+1+1+2+0+275;11+75+15+4+17+153
6;30;1800;017;390+2+184+184+2+0+2+0+182;2+44+9+1+5+121
6;30;1800;018;493+5+213+213+4+0+4+0+209;13+109+12+9+32+34
6;30;1800;019;789+0+351+351+0+0+0+0+351;5+81+14+4+7+240
6;30;1800;020;595+1+241+241+1+1+2+8+239;5+24+20+7+102+81
6;30;1800;021;621+0+267+267+0+3+3+0+264;7+30+9+7+40+171
6;30;1800;022;595+0+212+212+1+2+3+11+209;4+58+7+13+56+71
6;30;1800;023;782+0+301+301+4+0+4+8+297;5+76+24+1+8+183
6;30;1900;001;521+0+213+213+0+0+0+15+213;2+60+42+17+89+3
6;30;1900;002;586+0+237+237+0+0+0+4+237;2+48+53+7+119+8
6;30;1900;003;906+0+362+362+0+3+3+18+359;2+81+84+12+165+15
6;30;1900;004;879+0+342+342+0+0+0+25+342;4+86+75+15+148+14
6;30;1900;005;539+0+220+220+3+2+5+10+215;8+49+36+18+96+8
6;30;1900;006;674+2+305+305+2+5+7+14+298;6+78+42+7+122+43
6;30;1900;007;250+8+131+131+0+0+0+9+131;3+40+19+9+58+2
6;30;1900;008;465+3+258+258+1+0+1+17+257;4+36+41+18+147+11
6;30;1900;009;456+0+283+284+0+1+1+26+283;6+97+62+5+105+8
6;30;1900;010;508+1+313+313+2+0+2+14+311;5+96+73+12+123+2
6;30;1900;011;485+9+195+195+0+3+3+0+192;2+31+22+14+104+19
6;30;1900;012;287+1+164+164+0+1+1+0+163;4+33+21+5+66+34
6;30;1900;015;439+0+276+276+0+1+1+29+275;4+48+34+9+176+4
6;30;1900;016;437+0+233+233+0+0+0+0+233;3+32+15+8+173+2
6;30;1900;017;185+2+121+121+0+0+0+7+121;3+20+8+5+84+1
6;30;1900;018;204+5+142+142+1+1+2+8+140;1+29+23+8+75+4
6;30;2100;001;112+3+82+82+0+0+0+1+82;2+14+14+7+42+3
6;30;2100;002;662+10+376+376+2+0+2+0+374;11+98+32+5+71+157
6;30;2100;003;642+0+331+331+2+1+3+0+328;3+29+32+4+32+228
6;30;2100;004;363+0+153+153+0+0+0+0+153;0+30+22+2+26+73
6;30;2100;005;115+0+75+75+0+0+0+0+75;1+13+6+6+48+1
6;30;2100;006;388+1+124+124+0+2+2+6+122;2+11+4+5+47+53
6;30;2100;007;649+0+343+343+0+0+0+19+343;8+45+35+41+208+6
6;30;2100;008;607+0+224+224+0+2+2+0+222;4+24+22+8+106+58
6;30;2100;009;479+0+157+157+2+1+3+0+154;4+16+33+10+50+41
6;30;2100;010;359+2+172+172+2+2+4+4+168;1+36+13+2+32+84
6;30;2100;011;319+0+173+173+0+1+1+0+172;4+38+27+6+44+53
6;30;2100;012;426+0+197+197+0+2+2+0+195;1+19+25+14+132+4
6;30;2100;013;540+0+154+154+0+0+0+0+154;15+26+55+2+35+21
6;30;2200;001;702+0+256+256+2+3+5+21+251;5+69+53+11+107+6
6;30;2200;002;983+0+195+195+0+0+0+11+195;7+91+17+17+51+12
6;30;2200;003;891+0+264+264+1+2+3+10+261;4+71+65+10+83+28
6;30;2200;004;649+0+254+254+1+0+1+17+253;0+31+49+8+151+14
6;30;2200;005;743+0+281+281+0+1+1+19+280;1+61+68+7+126+17
6;30;2200;006;709+0+267+267+2+0+2+13+265;2+74+77+5+87+20
6;30;2200;007;668+0+269+269+0+0+0+5+269;3+47+72+4+133+10
6;30;2200;008;713+0+282+282+0+1+1+7+281;0+42+84+7+144+4
6;30;2200;009;624+1+278+278+0+0+0+10+278;2+63+72+13+125+3
6;30;2200;010;731+0+237+237+0+0+0+12+237;1+50+52+7+116+11
6;30;2200;011;802+0+292+292+1+0+1+12+291;3+57+93+11+105+22
6;30;2200;012;580+0+245+245+0+1+1+3+244;3+53+41+8+129+10
6;30;2200;013;755+0+298+298+1+0+1+16+297;0+74+87+13+114+9
6;30;2200;014;759+0+258+258+0+0+0+8+258;1+50+70+12+119+6
6;30;2200;015;746+1+323+323+0+0+0+17+323;1+67+83+9+155+8
6;30;2200;016;536+0+228+228+1+0+1+7+227;0+34+69+19+97+8
6;30;2200;017;726+2+327+327+0+1+1+0+326;2+61+78+17+159+9
6;30;2200;018;710+0+309+309+0+0+0+7+309;0+63+63+8+162+13
6;30;2200;019;478+7+148+148+0+0+0+0+148;3+50+16+3+49+27
6;30;2200;020;493+3+169+169+0+0+0+14+169;2+39+11+2+54+61
6;30;2200;021;46+5+37+37+1+0+1+0+36;0+13+2+0+21+0
6;30;2200;022;608+1+233+233+1+0+1+0+232;3+59+25+8+72+65
6;30;2200;023;349+8+181+181+0+2+2+9+179;3+38+35+17+84+2
6;30;2200;024;159+2+103+103+0+0+0+2+103;2+24+6+1+54+16
6;30;2200;025;229+4+150+150+0+0+0+0+150;2+25+42+5+72+4
6;30;2200;026;465+3+147+147+2+0+2+0+145;2+37+7+2+58+39
6;30;2200;027;359+1+154+154+0+0+0+0+154;4+13+29+9+93+6
6;30;2200;028;715+3+221+221+0+1+1+6+220;3+50+31+4+58+74
6;30;2200;029;801+1+192+192+0+1+1+7+191;5+77+26+7+20+56
6;30;2200;030;79+5+56+56+0+0+0+0+56;0+13+16+2+24+1
6;30;2200;031;267+1+121+121+0+0+0+3+121;1+27+24+4+28+37
6;30;2200;032;219+5+148+148+0+1+1+7+147;3+45+16+3+53+27
6;30;2200;033;160+5+79+79+0+1+1+0+78;0+6+11+0+24+37
6;30;2200;034;337+5+192+192+0+0+0+12+192;3+24+34+11+119+1
6;30;2200;035;107+4+66+66+0+0+0+7+66;2+9+20+2+30+3
6;30;2300;001;823+0+324+324+0+2+2+24+322;6+85+69+11+136+15
6;30;2300;002;891+0+300+300+0+1+1+21+299;2+118+57+11+103+8
6;30;2300;003;821+1+362+362+2+0+2+0+360;0+149+76+3+119+13
6;30;2300;004;722+0+273+273+1+0+1+19+272;2+62+52+6+140+10
6;30;2300;005;895+0+280+280+2+1+3+15+277;3+74+57+7+103+33
6;30;2300;006;897+3+239+239+0+0+0+13+239;4+55+31+13+127+9
6;30;2300;007;593+2+221+221+1+0+1+0+220;1+62+49+4+97+7
6;30;2300;008;919+2+375+375+0+0+0+24+375;3+93+68+6+164+41
6;30;2300;009;500+3+198+198+1+0+1+0+197;9+88+30+10+54+6
6;30;2300;010;939+0+389+389+0+2+2+0+387;2+106+99+15+155+10
6;30;2300;011;470+0+256+256+0+1+1+8+255;1+42+63+15+129+5
6;30;2300;012;532+2+256+256+0+1+1+10+255;1+55+76+11+110+2
6;30;2300;013;633+4+212+212+0+2+2+0+210;10+49+34+19+84+14
6;30;2300;014;379+6+175+175+3+0+3+0+172;4+43+27+18+75+5
6;30;2300;015;350+3+181+181+0+1+1+19+180;3+54+37+9+76+1
6;30;2300;016;695+8+313+313+0+6+6+0+307;10+86+65+23+98+25
6;30;2300;017;559+3+254+254+1+3+4+18+250;19+100+50+4+41+36
6;30;2300;018;313+7+88+88+0+2+2+0+86;1+41+12+3+21+8
6;30;2300;019;344+3+149+149+0+0+0+0+149;5+67+17+9+35+16
6;30;2300;020;259+5+158+158+1+1+2+0+156;0+34+40+2+71+9
6;30;2300;021;144+4+82+82+0+0+0+0+82;2+28+7+3+37+5
6;30;2300;022;718+5+247+247+1+3+4+0+243;6+38+41+9+127+22
6;30;2300;023;329+3+187+187+0+1+1+14+186;1+39+44+6+94+2
6;30;2300;024;31+1+17+17+0+0+0+0+17;0+6+2+1+5+3
6;30;2500;001;771+4+275+275+1+0+1+12+274;2+78+59+14+102+19
6;30;2500;002;641+4+232+232+0+1+1+15+231;6+58+24+9+127+7
6;30;2500;003;506+1+176+176+1+0+1+0+175;1+41+31+9+82+11
6;30;2500;004;889+8+270+270+4+1+5+23+265;4+45+48+16+143+9
6;30;2500;005;909+2+312+312+0+0+0+29+312;4+68+82+21+127+10
6;30;2500;006;90+4+78+78+0+0+0+6+78;1+18+16+3+35+5
6;30;2500;007;313+1+210+210+0+2+2+8+208;2+43+18+9+129+7
6;30;2500;008;696+1+332+332+3+3+6+34+326;6+109+30+20+135+26
6;30;2500;009;101+2+65+65+0+1+1+5+64;1+9+8+1+36+9
6;30;2500;010;166+7+119+119+0+0+0+0+119;2+25+15+5+71+1
6;30;2500;011;140+2+89+89+1+1+2+0+87;2+30+7+9+25+14
6;30;2500;012;832+4+329+329+4+0+4+31+325;28+139+36+6+92+24
6;30;2500;013;91+4+34+34+0+0+0+0+34;0+3+3+7+20+1
6;30;2500;014;681+4+326+326+1+1+2+21+324;11+110+34+7+142+20
6;30;3000;001;954+0+239+239+2+0+2+11+237;2+67+63+17+67+21
6;30;3000;002;750+0+192+192+1+1+2+8+190;0+43+61+3+63+20
6;30;3000;003;884+1+337+337+0+0+0+8+337;1+100+98+7+120+11
6;30;3000;004;858+0+329+329+2+2+4+20+325;6+102+74+15+110+18
6;30;3000;005;983+0+415+415+1+0+1+15+414;1+126+124+12+140+11
6;30;3000;006;995+0+410+410+0+0+0+22+410;3+121+125+7+144+10
6;30;3000;007;1003+2+402+402+0+1+1+26+401;2+118+111+7+142+21
6;30;3000;008;897+1+402+402+0+0+0+44+402;1+92+106+16+180+7
6;30;3000;009;788+2+344+344+2+1+3+29+341;0+94+90+8+140+9
6;30;3000;010;985+1+463+463+2+0+2+33+461;1+126+103+12+206+13
6;30;3000;011;812+2+432+432+0+0+0+18+432;6+106+92+6+203+19
6;30;3000;012;804+1+326+326+0+1+1+31+325;1+103+94+9+113+5
6;30;3000;013;716+1+317+317+2+1+3+12+314;2+75+85+10+129+13
6;30;3000;014;672+0+262+262+0+0+0+12+262;4+77+73+4+97+7
6;30;3000;015;559+3+157+157+0+0+0+0+157;4+44+43+5+51+10
6;30;3000;016;577+0+286+286+1+0+1+16+285;4+76+53+11+132+9
6;30;3000;017;460+0+204+204+0+0+0+10+204;0+47+47+8+96+6
6;30;3000;018;775+0+309+309+1+0+1+12+308;2+66+75+9+145+11
6;30;3000;019;775+0+331+331+3+0+3+30+328;2+82+81+19+137+7
6;30;3000;020;807+4+338+338+0+0+0+13+338;3+103+89+21+112+10
6;30;3000;021;737+1+324+324+0+0+0+0+324;3+74+86+7+142+12
6;30;3000;022;866+1+326+326+0+0+0+20+326;2+65+70+19+163+7
6;30;3000;023;855+0+373+373+0+0+0+20+373;2+112+92+13+141+13
6;30;3000;024;864+0+337+337+3+0+3+2+334;1+80+120+8+114+11
6;30;3000;025;769+0+291+291+1+0+1+10+290;0+75+83+5+120+7
6;30;3000;026;940+4+269+269+1+0+1+13+268;0+85+63+15+96+9
6;30;3000;027;849+247+473+473+1+0+1+11+472;1+141+117+10+193+10
6;30;3000;028;1003+0+411+411+1+0+1+22+410;7+147+96+27+119+14
6;30;3000;029;511+2+303+303+0+0+0+5+303;2+36+58+8+186+13
6;30;3000;030;608+0+343+343+1+0+1+0+342;0+58+66+8+197+13
6;30;3000;031;552+1+281+281+0+0+0+0+281;1+73+71+6+119+11
6;30;3000;032;653+0+306+306+1+0+1+18+305;2+65+81+11+138+8
6;30;3000;033;837+2+403+402+2+0+2+19+400;2+147+109+3+129+10
6;30;3000;034;961+2+422+422+0+0+0+12+422;3+198+96+9+111+5
6;30;3000;035;942+0+385+385+0+0+0+13+385;2+145+77+13+139+9
6;30;3000;036;711+1+292+292+1+0+1+9+291;5+89+87+5+99+6
6;30;3000;037;1025+0+367+367+0+1+1+11+366;1+104+101+10+140+10
6;30;3000;038;626+1+248+248+1+1+2+12+246;3+66+50+10+113+4
6;30;3000;039;708+0+294+294+0+2+2+11+292;1+66+75+16+127+7
6;30;3000;040;550+1+202+202+0+1+1+4+201;1+56+40+6+90+8
6;30;3000;041;718+2+351+351+0+0+0+0+351;1+89+111+13+126+11
6;30;3000;042;999+1+356+356+0+1+1+8+355;1+98+76+18+152+10
6;30;3000;043;866+0+405+405+1+1+2+28+403;2+126+151+5+105+14
6;30;3000;044;639+0+260+260+0+0+0+9+260;1+91+58+10+90+10
6;30;3000;045;1048+0+360+360+0+0+0+18+360;2+83+124+15+124+12
6;30;3000;046;771+0+289+289+0+0+0+0+289;0+106+77+5+89+12
6;30;3000;047;711+0+257+257+2+1+3+12+254;1+86+57+5+98+7
6;30;3000;048;794+1+297+297+1+0+1+15+296;1+84+92+7+99+13
6;30;3000;049;961+0+332+332+0+1+1+0+331;0+66+120+5+120+20
6;30;3000;050;678+1+223+223+1+0+1+0+222;2+63+59+5+70+23
6;30;3000;051;925+1+278+278+0+0+0+0+278;2+68+67+15+93+33
6;30;3000;052;352+2+94+94+0+0+0+0+94;1+27+30+5+23+8
6;30;3000;053;859+0+213+213+2+0+2+0+211;1+52+75+3+65+15
6;30;3000;054;869+1+231+231+0+0+0+0+231;1+44+75+9+77+25
6;30;3000;055;1007+0+211+211+0+0+0+11+211;3+68+62+15+51+12
6;30;3000;056;1044+0+375+375+0+1+1+14+374;3+112+120+5+114+20
6;30;3000;057;895+0+267+267+3+0+3+0+264;4+80+80+13+74+13
6;30;3000;058;801+1+231+231+3+0+3+10+228;1+47+73+10+82+15
6;30;3000;059;798+6+247+247+0+0+0+13+247;4+65+70+12+80+16
6;30;3000;060;786+1+187+187+1+1+2+16+185;1+52+53+9+63+7
6;30;3000;061;868+1+272+272+0+0+0+0+272;3+91+73+8+77+20
6;30;3000;062;647+1+204+204+0+1+1+0+203;2+61+35+16+73+16
6;30;3000;063;1020+1+285+285+0+6+6+11+279;8+165+29+9+44+24
6;30;3000;064;979+1+214+214+0+0+0+10+214;3+83+50+9+56+13
6;30;3000;065;1056+1+409+409+0+0+0+13+409;2+91+122+18+161+15
6;30;3000;066;926+1+358+358+0+0+0+7+358;2+97+114+11+122+12
6;30;3000;067;642+1+270+270+1+0+1+6+269;3+71+45+11+128+11
6;30;3000;068;894+6+239+239+1+2+3+4+236;6+131+39+13+36+11
6;30;3000;069;816+0+186+186+1+0+1+7+185;0+69+51+8+49+8
6;30;3000;070;717+2+235+235+0+0+0+10+235;1+51+58+9+99+17
6;30;3000;071;930+9+368+368+1+0+1+4+367;1+76+95+14+171+10
6;30;3000;072;977+1+411+411+0+0+0+28+411;3+93+110+14+173+18
6;30;3000;073;1030+0+339+339+0+0+0+10+339;4+84+115+13+115+8
6;30;3000;074;794+6+283+283+4+1+5+0+278;1+63+94+19+89+12
6;30;3000;075;831+1+274+274+2+0+2+15+272;2+55+97+8+105+5
6;30;3000;076;752+1+218+218+0+0+0+0+218;2+39+82+9+78+8
6;30;3000;077;701+0+211+211+0+0+0+0+211;0+61+75+7+57+11
6;30;3000;078;969+1+351+351+1+0+1+12+350;1+76+109+15+138+11
6;30;3000;079;796+0+281+281+1+0+1+10+280;0+63+72+5+127+13
6;30;3000;080;723+0+243+242+0+1+1+0+241;3+55+39+14+125+5
6;30;3000;081;891+1+307+307+0+0+0+0+307;0+94+79+12+112+10
6;30;3000;082;977+4+361+361+0+0+0+37+361;5+91+71+13+165+16
6;30;3000;083;987+1+376+376+0+0+0+31+376;3+68+123+22+154+6
6;30;3000;084;953+0+383+383+1+2+3+33+380;1+63+111+10+180+15
6;30;3000;085;924+2+417+417+1+0+1+36+416;2+72+116+27+186+13
6;30;3000;086;167+3+103+103+0+0+0+7+103;2+20+20+10+50+1
6;30;3000;087;180+3+91+91+0+0+0+0+91;0+28+11+6+44+2
6;30;3000;088;540+2+240+240+0+2+2+16+238;8+74+44+10+77+25
6;30;3000;089;206+5+103+103+1+0+1+5+102;3+30+22+1+33+13
6;30;3000;090;713+2+276+276+0+3+3+0+273;4+101+20+11+61+76
6;30;3000;091;856+3+344+344+0+8+8+336+336;5+121+28+14+101+67
6;30;3000;092;324+3+223+223+1+2+3+7+220;2+35+36+14+129+4
6;30;3000;093;142+4+86+86+0+0+0+4+86;2+6+9+1+37+31
6;30;3000;094;845+2+421+421+0+2+2+50+419;2+79+94+34+201+9
6;30;3000;095;512+6+255+255+0+4+4+7+251;0+79+8+26+135+3
6;30;3000;096;675+10+303+303+0+1+1+20+302;4+44+57+22+169+6
6;30;3000;097;305+5+167+167+0+0+0+4+167;4+37+37+6+81+2
6;30;3000;098;367+5+63+63+0+0+0+0+63;4+10+9+6+11+23
6;30;3000;099;249+11+144+144+0+1+1+6+143;1+25+29+2+83+3
6;30;3000;100;431+0+246+246+0+1+1+13+245;1+48+37+24+122+13
6;30;3000;101;540+4+246+246+3+6+9+18+237;12+67+38+8+87+25
6;30;3000;102;147+2+90+90+0+0+0+4+90;5+12+16+6+51+0
6;30;3000;103;65+4+54+54+0+0+0+0+54;1+6+6+0+35+6
6;30;3000;104;253+2+125+125+1+0+1+10+124;0+29+19+11+62+3
6;30;3000;105;285+3+183+183+0+0+0+7+183;1+47+41+6+76+12
6;30;3000;106;689+7+332+332+0+1+1+0+331;5+128+66+10+113+9
6;30;3000;107;383+5+121+121+2+1+3+2+118;1+27+19+1+49+21
6;30;3000;108;312+5+190+190+0+0+0+0+190;3+31+31+9+105+11
6;30;3000;109;508+3+225+225+2+1+3+14+221;0+41+59+10+100+11
6;30;3000;110;671+5+282+282+0+0+0+4+282;12+55+74+21+88+32
6;30;3000;111;250+7+233+233+0+0+0+4+233;2+37+33+12+147+2
6;30;3000;112;377+9+99+99+1+1+2+0+97;0+18+16+8+35+20
6;30;3000;113;617+1+335+335+0+0+0+0+335;1+57+109+11+149+8
6;30;3000;114;542+0+243+243+0+0+0+0+243;3+54+62+14+105+5
6;30;3000;115;811+1+216+216+0+0+0+0+216;1+55+63+21+65+11
6;30;3000;116;54+7+61+61+0+0+0+3+61;4+21+6+3+25+2
6;30;3000;117;241+4+49+49+0+0+0+1+49;1+32+9+0+3+4
6;30;3000;118;983+1+220+220+0+1+1+6+219;3+70+57+11+61+17
6;30;3000;119;684+0+170+170+1+1+2+13+168;1+72+28+7+52+8
6;30;3000;120;836+2+312+312+0+1+1+8+311;0+59+108+21+105+18
6;30;3000;121;688+0+214+214+0+1+1+4+213;2+31+81+7+82+10
6;30;3000;122;993+0+263+263+1+1+2+7+261;1+80+80+8+65+27
6;30;3000;123;89+0+50+50+1+0+1+4+49;1+11+8+3+19+7
6;30;3000;124;322+0+93+93+1+0+1+0+92;2+24+19+0+21+26
6;30;3000;125;676+2+179+179+0+0+0+5+179;2+51+53+14+49+10
6;30;3000;126;635+0+256+256+1+0+1+19+255;1+49+101+15+80+9
6;30;3000;127;775+0+244+244+2+1+3+4+241;0+57+70+19+81+14
6;30;3000;128;669+1+258+258+0+0+0+0+258;2+66+101+15+67+7
6;30;3000;129;621+4+226+226+0+2+2+6+224;2+28+85+11+85+13
6;30;3000;130;646+2+251+251+2+0+2+12+249;0+64+66+9+101+9
6;30;3000;131;606+3+301+301+2+0+2+18+299;1+56+53+13+168+8
6;30;3000;132;82+0+24+24+0+0+0+0+24;4+5+3+1+6+5
6;30;3000;133;60+0+54+54+0+2+2+0+52;1+8+18+7+15+3
[END]

[AGGR]
30;6;   ;6+312+312+185122+803+73083+73082+209+248+460+3237+72621;996+18220+14211+2649+25070+11475
[END]

