[INFO]
31;Ямбол;201
[END]

[IZB]
31;6;   ;;11.11.2001;1;6;241
[END]

[NM]
3103;001;г░. Бол┐░ово;05284;00
3103;002;▒. Воден;11658;00
3103;003;▒. В║л╖и изво░;12588;00
3103;004;▒. Гол┐мо К░│╕ево;15881;00
3103;005;▒. Го░▒ка пол┐на;17097;00
3103;006;▒. Денни╢а;20657;00
3103;007;▒. Д║бово;24356;00
3103;008;▒. Зла▓ини╢а;31019;00
3103;009;▒. Иглика;32264;00
3103;010;▒. Камен в░║╡;35756;00
3103;011;▒. К░айново;39356;00
3103;012;▒. Малко Ша░ково;46704;00
3103;013;▒. Мама░╖ево;46958;00
3103;014;▒. Оман;53504;00
3103;015;▒. Попово;57652;00
3103;016;▒. Р│жи╢а;63272;00
3103;017;▒. Си▓ово;66679;00
3103;018;▒. С▓е┤ан Ка░аджово;69208;00
3103;019;▒. С▓░анджа;69674;00
3103;020;▒. Ша░ково;83051;00
3107;001;▒. Бо░и▒ово;05520;00
3107;002;▒. Бо┐ново;06001;00
3107;003;▒. В║л╖а пол┐на;12530;00
3107;004;▒. Гол┐м Де░вен▓;15730;00
3107;005;▒. Г░ани▓ово;17748;00
3107;006;▒. Доб░и╖;21542;00
3107;007;г░. Ел╡ово;27382;00
3107;008;▒. Ж░ебино;29516;00
3107;009;▒. Изг░ев;32576;00
3107;010;▒. Ки░илово;36909;00
3107;011;▒. Лалково;43116;00
3107;012;▒. Ле▒ово;43459;00
3107;013;▒. Малко Ки░илово;46615;00
3107;014;▒. Маломи░ово;46797;00
3107;015;▒. Мал║к мана▒▓и░;46904;00
3107;016;▒. Мелни╢а;47768;00
3107;017;▒. П╖ела;58801;00
3107;018;▒. Раздел;61738;00
3107;019;▒. Славейково;66980;00
3107;020;▒. С▓░ойно;69883;00
3107;021;▒. Т░║нково;73328;00
3107;022;▒. Че░нозем;81121;00
3122;001;▒. Алек▒анд░ово;00343;00
3122;002;▒. А▓олово;00816;00
3122;003;▒. Бого░ово;04786;00
3122;004;▒. Водени╖ане;11661;00
3122;005;▒. Войника;11908;00
3122;006;▒. Джино▓;20804;00
3122;007;▒. Зимни╢а;30898;00
3122;009;▒. И░е╖еково;32771;00
3122;010;▒. Камене╢;35794;00
3122;011;▒. Ле┐░ово;43615;00
3122;012;▒. Лозене╢;44118;00
3122;013;▒. Л╛лин;44666;00
3122;014;▒. Маленово;46303;00
3122;015;▒. Нед┐л▒ко;51384;00
3122;016;▒. Пала│зово;55244;00
3122;017;▒. Пол┐на;57409;00
3122;018;▒. П░авдино;58003;00
3122;019;▒. П║░вене╢;59046;00
3122;020;▒. Са░ан▒ко;65406;00
3122;021;г░. С▓░алджа;69660;00
3122;022;▒. Тама░ино;72076;00
3122;023;▒. Ча░да;80220;00
3125;001;▒. А▒еново;00758;00
3125;002;▒. Безме░;03229;00
3125;003;▒. Бол┐░▒ко;05308;00
3125;004;▒. Бо▓ево;05863;00
3125;005;▒. Бо┐джик;05952;00
3125;006;▒. Ве▒елиново;10776;00
3125;007;▒. Видин╢и;10985;00
3125;008;▒. Гене░ал То╕ево;14725;00
3125;009;▒. Гол┐м мана▒▓и░;15789;00
3125;010;▒. Г║л║бин╢и;18259;00
3125;011;▒. Д░ажево;23501;00
3125;012;▒. Д░ама;23557;00
3125;013;▒. Д░┐ново;23978;00
3125;014;▒. Завой;30096;00
3125;015;▒. Зла▓а░и;30956;00
3125;016;▒. Гене░ал Инзово;32740;00
3125;017;▒. Кабиле;35028;00
3125;018;▒. Кал╖ево;35609;00
3125;019;▒. Ка░авелово;36200;00
3125;020;▒. Коза░ево;37681;00
3125;021;▒. Коневе╢;38279;00
3125;022;▒. К░│мово;40018;00
3125;023;▒. К│ко░ево;40484;00
3125;024;▒. Маломи░;46783;00
3125;025;▒. Меден кладене╢;47562;00
3125;026;▒. Межда;47682;00
3125;027;▒. Миладинов╢и;48101;00
3125;028;▒. Могила;48787;00
3125;029;▒. Ов╖и кладене╢;53299;00
3125;030;▒. Окоп;53480;00
3125;031;▒. Победа;56873;00
3125;032;▒. Робово;62757;00
3125;033;▒. Роза;62921;00
3125;034;▒. Савино;65036;00
3125;035;▒. Симеоново;66456;00
3125;036;▒. Скали╢а;66737;00
3125;037;▒. Сламино;67177;00
3125;038;▒. С▓а░а ░ека;68878;00
3125;039;▒. Тенево;72240;00
3125;040;▒. Т║░нава;73657;00
3125;041;▒. Хаджидими▓░ово;77030;00
3125;042;▒. Ханово;77150;00
3125;043;▒. Ча░ган;80217;00
3125;044;▒. Челник;80306;00
3126;001;г░. Ямбол;87374;00
[END]

[SEC]
31;0300;001;6;001
31;0300;002;6;001
31;0300;003;6;016
31;0300;004;6;003
31;0300;005;6;005
31;0300;006;6;004
31;0300;007;6;018
31;0300;008;6;006
31;0300;009;6;014
31;0300;010;6;010
31;0300;011;6;007
31;0300;012;6;015
31;0300;013;6;008
31;0300;014;6;013
31;0300;015;6;012
31;0300;016;6;020
31;0300;017;6;017+009
31;0300;018;6;011
31;0300;019;6;002
31;0300;020;6;019
31;0700;001;6;007
31;0700;002;6;007
31;0700;003;6;007
31;0700;004;6;007
31;0700;005;6;007
31;0700;006;6;007
31;0700;007;6;007
31;0700;008;6;007
31;0700;009;6;007
31;0700;010;6;007
31;0700;011;6;007
31;0700;012;6;007
31;0700;013;6;007
31;0700;014;6;007
31;0700;015;6;007
31;0700;016;6;001
31;0700;017;6;002
31;0700;018;6;003
31;0700;019;6;004
31;0700;020;6;005
31;0700;021;6;006
31;0700;022;6;008
31;0700;023;6;009
31;0700;024;6;010
31;0700;025;6;011
31;0700;026;6;012
31;0700;027;6;014+019
31;0700;028;6;015
31;0700;029;6;016
31;0700;030;6;013
31;0700;031;6;017
31;0700;032;6;018
31;0700;033;6;020
31;0700;034;6;021
31;0700;035;6;022
31;2200;001;6;021
31;2200;002;6;021
31;2200;003;6;021
31;2200;004;6;021
31;2200;005;6;021
31;2200;006;6;021
31;2200;007;6;021
31;2200;008;6;001
31;2200;009;6;002
31;2200;010;6;003
31;2200;011;6;004
31;2200;012;6;005
31;2200;013;6;006
31;2200;014;6;007
31;2200;015;6;007
31;2200;016;6;009
31;2200;017;6;010
31;2200;018;6;011
31;2200;019;6;012
31;2200;020;6;013
31;2200;021;6;014
31;2200;022;6;015
31;2200;023;6;016
31;2200;024;6;017
31;2200;025;6;018
31;2200;026;6;019
31;2200;027;6;020
31;2200;028;6;022
31;2200;029;6;023
31;2500;001;6;001
31;2500;002;6;002
31;2500;003;6;002
31;2500;004;6;004
31;2500;005;6;004
31;2500;006;6;003
31;2500;007;6;005
31;2500;008;6;005
31;2500;009;6;006
31;2500;010;6;007
31;2500;011;6;016
31;2500;012;6;016
31;2500;013;6;008
31;2500;014;6;009
31;2500;015;6;010
31;2500;016;6;011
31;2500;017;6;012
31;2500;018;6;013
31;2500;019;6;014
31;2500;020;6;015
31;2500;021;6;017
31;2500;022;6;018
31;2500;023;6;019
31;2500;024;6;020
31;2500;025;6;021
31;2500;026;6;022
31;2500;027;6;023
31;2500;028;6;023
31;2500;029;6;024
31;2500;030;6;024
31;2500;031;6;025
31;2500;032;6;026
31;2500;033;6;027
31;2500;034;6;028
31;2500;035;6;029
31;2500;036;6;029
31;2500;037;6;030
31;2500;038;6;031
31;2500;039;6;032
31;2500;040;6;033
31;2500;041;6;033
31;2500;042;6;034
31;2500;043;6;035
31;2500;044;6;036
31;2500;045;6;037
31;2500;046;6;038
31;2500;047;6;039
31;2500;048;6;039
31;2500;049;6;039
31;2500;050;6;040
31;2500;051;6;041
31;2500;052;6;042
31;2500;053;6;043
31;2500;054;6;044
31;2600;001;6;001
31;2600;002;6;001
31;2600;003;6;001
31;2600;004;6;001
31;2600;005;6;001
31;2600;006;6;001
31;2600;007;6;001
31;2600;008;6;001
31;2600;009;6;001
31;2600;010;6;001
31;2600;011;6;001
31;2600;012;6;001
31;2600;013;6;001
31;2600;014;6;001
31;2600;015;6;001
31;2600;016;6;001
31;2600;017;6;001
31;2600;018;6;001
31;2600;019;6;001
31;2600;020;6;001
31;2600;021;6;001
31;2600;022;6;001
31;2600;023;6;001
31;2600;024;6;001
31;2600;025;6;001
31;2600;026;6;001
31;2600;027;6;001
31;2600;028;6;001
31;2600;029;6;001
31;2600;030;6;001
31;2600;031;6;001
31;2600;032;6;001
31;2600;033;6;001
31;2600;034;6;001
31;2600;035;6;001
31;2600;036;6;001
31;2600;037;6;001
31;2600;038;6;001
31;2600;039;6;001
31;2600;040;6;001
31;2600;041;6;001
31;2600;042;6;001
31;2600;043;6;001
31;2600;044;6;001
31;2600;045;6;001
31;2600;046;6;001
31;2600;047;6;001
31;2600;048;6;001
31;2600;049;6;001
31;2600;050;6;001
31;2600;051;6;001
31;2600;052;6;001
31;2600;053;6;001
31;2600;054;6;001
31;2600;055;6;001
31;2600;056;6;001
31;2600;057;6;001
31;2600;058;6;001
31;2600;059;6;001
31;2600;060;6;001
31;2600;061;6;001
31;2600;062;6;001
31;2600;063;6;001
31;2600;064;6;001
31;2600;065;6;001
31;2600;066;6;001
31;2600;067;6;001
31;2600;068;6;001
31;2600;069;6;001
31;2600;070;6;001
31;2600;071;6;001
31;2600;072;6;001
31;2600;073;6;001
31;2600;074;6;001
31;2600;075;6;001
31;2600;076;6;001
31;2600;077;6;001
31;2600;078;6;001
31;2600;079;6;001
31;2600;080;6;001
31;2600;081;6;001
31;2600;082;6;001
31;2600;083;6;001
31;2600;084;6;001
31;2600;085;6;001
31;2600;086;6;001
31;2600;087;6;001
31;2600;088;6;001
31;2600;089;6;001
31;2600;090;6;001
31;2600;091;6;001
31;2600;092;6;001
31;2600;093;6;001
31;2600;094;6;001
31;2600;095;6;001
31;2600;096;6;001
31;2600;097;6;001
31;2600;098;6;001
31;2600;099;6;001
31;2600;100;6;001
31;2600;101;6;001
31;2600;102;6;001
31;2600;103;6;001
[END]

[MAJ]
31;6;   ;01;;;Пе▓║░ Ки░илов Бе░он и С▓о┐н В║л╖ев Анд░еев;, ;ПКБ+СВА;695;0;1
31;6;   ;02;;;Пе▓║░ С▓е┤анов С▓о┐нов и Нели Пе▓░ова К│╢кова;, ;ПСС+НПК;16396;2;2
31;6;   ;03;;;Богомил Ангелов Бонев и А▓ана▒ Иванов Желез╖ев;, ;БАБ+АИЖ;12177;0;3
31;6;   ;04;;;Жо░ж Ган╖ев Ган╖ев и Ве▒елин С▓о┐нов Бон╖ев;, ;ЖГГ+ВСБ;3371;0;4
31;6;   ;05;;;Гео░ги Седе┤╖ов П║░ванов и Ангел Иванов Ма░ин;, ;ГСП+АИМ;28155;2;5
31;6;   ;06;;;Рене▓а Иванова Инджова и К░║▒▓╛ Николов Илов;, ;РИИ+КНИ;1692;0;6
[END]

[PROP]
[END]

[LISTI]
[END]

[PROT]
6;31;0300;001;408+0+257+257+0+3+3+11+254;2+49+47+10+140+6
6;31;0300;002;805+0+473+473+2+0+2+28+471;5+65+101+31+259+10
6;31;0300;003;146+2+105+105+0+0+0+4+105;1+21+12+2+69+0
6;31;0300;004;56+1+39+39+0+0+0+0+39;1+7+5+1+25+0
6;31;0300;005;120+3+79+79+0+0+0+5+79;2+24+10+2+41+0
6;31;0300;006;433+3+314+314+1+3+4+0+310;2+50+62+14+180+2
6;31;0300;007;565+1+381+381+1+2+3+22+378;3+68+80+15+200+12
6;31;0300;008;90+6+76+76+0+0+0+4+76;2+24+7+2+41+0
6;31;0300;009;105+0+82+82+1+1+2+0+80;0+23+4+4+45+4
6;31;0300;010;63+2+50+50+0+0+0+0+50;0+1+12+3+32+2
6;31;0300;011;96+2+76+76+1+0+1+7+75;2+17+8+5+39+4
6;31;0300;012;359+5+255+255+1+0+1+13+254;3+51+21+2+170+7
6;31;0300;013;63+0+46+46+2+0+2+1+44;0+16+6+3+18+1
6;31;0300;014;459+1+272+272+1+1+2+12+270;5+44+32+20+165+4
6;31;0300;015;204+3+89+89+0+0+0+7+89;2+14+8+2+63+0
6;31;0300;016;245+2+181+181+0+0+0+0+181;2+42+7+13+115+2
6;31;0300;017;77+0+58+58+2+0+2+0+56;1+16+5+2+31+1
6;31;0300;018;72+1+58+58+0+0+0+0+58;1+22+1+3+31+0
6;31;0300;019;341+1+241+241+2+0+2+20+239;1+36+15+6+178+3
6;31;0300;020;83+0+66+66+0+0+0+3+66;3+26+2+1+27+7
6;31;0700;001;764+1+331+331+0+0+0+3+331;5+85+80+5+155+1
6;31;0700;002;790+0+384+384+0+0+0+12+384;4+108+59+15+184+14
6;31;0700;003;815+0+330+330+0+1+1+17+329;4+98+70+8+142+7
6;31;0700;004;619+0+294+294+0+1+1+24+293;5+109+53+10+111+5
6;31;0700;005;578+2+246+246+0+1+1+16+245;1+79+56+7+96+6
6;31;0700;006;640+1+277+277+3+1+4+9+273;5+76+59+13+110+10
6;31;0700;007;851+0+325+325+1+1+2+13+323;1+85+85+5+143+4
6;31;0700;008;655+0+250+250+1+2+3+10+247;1+73+60+10+97+6
6;31;0700;009;732+0+298+298+1+1+2+18+296;2+88+65+11+124+6
6;31;0700;010;961+6+451+451+0+2+2+0+449;6+142+33+38+219+11
6;31;0700;011;774+0+240+240+2+0+2+4+238;2+74+51+22+81+8
6;31;0700;012;890+0+325+325+0+1+1+0+324;1+87+87+22+121+6
6;31;0700;013;888+1+328+328+0+0+0+0+328;6+95+77+22+116+12
6;31;0700;014;827+0+325+325+1+0+1+23+324;6+111+62+6+126+13
6;31;0700;015;31+4+17+17+0+0+0+1+17;1+7+1+1+7+0
6;31;0700;016;146+1+95+95+1+2+3+3+92;3+13+7+2+64+3
6;31;0700;017;994+3+470+470+3+1+4+0+466;12+123+35+37+251+8
6;31;0700;018;145+1+110+110+3+2+3+0+107;3+15+12+6+70+1
6;31;0700;019;130+1+95+95+0+0+0+5+95;2+43+4+2+42+2
6;31;0700;020;722+1+426+426+2+3+5+31+421;9+97+52+49+202+12
6;31;0700;021;139+4+106+106+0+0+0+0+106;4+24+10+7+59+2
6;31;0700;022;230+0+144+144+0+0+0+0+144;5+22+20+6+86+5
6;31;0700;023;524+4+327+327+9+5+14+7+313;9+58+34+38+157+17
6;31;0700;024;396+6+207+207+0+0+0+18+207;5+52+23+23+102+2
6;31;0700;025;148+2+111+111+0+0+0+14+111;2+32+13+3+61+0
6;31;0700;026;812+0+511+511+3+2+5+26+506;13+143+33+28+285+4
6;31;0700;027;373+3+190+190+0+0+0+5+190;3+55+11+30+83+8
6;31;0700;028;674+1+375+375+1+0+1+22+374;4+94+50+48+173+5
6;31;0700;029;396+1+285+285+0+2+2+13+283;5+80+24+17+154+3
6;31;0700;030;29+3+26+26+0+0+0+0+26;0+3+0+1+22+0
6;31;0700;031;417+3+257+257+2+6+8+25+249;10+45+30+22+131+11
6;31;0700;032;337+3+204+204+1+0+1+0+203;3+29+9+11+148+3
6;31;0700;033;66+4+58+58+0+0+0+1+58;0+27+5+2+24+0
6;31;0700;034;181+4+131+131+0+0+0+0+131;1+24+16+14+73+3
6;31;0700;035;91+0+59+59+0+1+1+0+58;4+21+5+9+15+4
6;31;2200;001;578+1+265+265+0+1+1+12+264;2+63+73+13+112+1
6;31;2200;002;951+0+409+409+2+1+3+0+406;3+89+108+30+166+10
6;31;2200;003;720+0+408+408+0+1+1+44+407;4+79+62+34+220+8
6;31;2200;004;872+6+432+432+3+0+3+0+429;3+96+84+27+215+4
6;31;2200;005;603+0+308+308+0+0+0+30+308;1+65+58+6+175+3
6;31;2200;006;577+0+238+238+3+0+3+25+235;0+44+70+23+94+4
6;31;2200;007;600+0+389+389+0+2+2+20+387;5+232+5+8+132+5
6;31;2200;008;216+1+125+125+0+2+2+123+123;2+22+8+2+86+3
6;31;2200;009;171+1+106+106+0+0+0+0+106;1+21+13+9+59+3
6;31;2200;010;152+1+100+100+0+0+0+0+100;3+36+18+0+43+0
6;31;2200;011;464+2+272+272+0+0+0+0+272;1+51+71+11+137+1
6;31;2200;012;521+10+311+311+0+1+1+16+310;6+56+48+16+182+2
6;31;2200;013;308+2+200+200+0+2+2+7+198;4+36+26+21+106+5
6;31;2200;014;701+4+298+298+0+0+0+21+298;3+45+87+18+142+3
6;31;2200;015;873+5+357+357+0+1+1+35+356;2+79+75+17+181+2
6;31;2200;016;545+0+323+323+0+0+0+26+323;6+45+32+27+207+6
6;31;2200;017;489+0+231+231+0+1+1+22+230;3+46+39+20+118+4
6;31;2200;018;70+0+52+52+1+0+1+4+51;2+5+11+8+25+0
6;31;2200;019;468+2+250+250+0+0+0+6+250;5+84+55+18+86+2
6;31;2200;020;239+1+158+158+0+0+0+0+158;1+42+22+9+80+4
6;31;2200;021;310+4+169+169+0+0+0+1+169;1+43+19+9+94+3
6;31;2200;022;358+2+194+194+1+1+2+11+192;1+56+18+7+108+2
6;31;2200;023;186+0+141+141+0+0+0+0+141;3+58+13+3+64+0
6;31;2200;024;346+3+221+221+0+0+0+10+221;4+32+17+19+147+2
6;31;2200;025;199+4+154+154+2+1+3+3+151;1+35+23+27+62+3
6;31;2200;026;388+0+287+287+1+0+1+21+286;1+64+23+16+177+5
6;31;2200;027;133+3+100+100+1+0+1+3+99;1+35+6+4+52+1
6;31;2200;028;331+0+171+171+0+1+1+7+170;3+62+13+16+76+0
6;31;2200;029;368+5+223+223+0+0+0+0+223;1+57+37+8+120+0
6;31;2500;001;151+0+110+110+0+0+0+0+110;1+27+5+9+62+6
6;31;2500;002;519+1+247+247+0+2+2+17+245;3+43+48+20+129+2
6;31;2500;003;875+4+466+466+0+4+4+20+462;3+138+75+47+190+9
6;31;2500;004;509+1+353+353+0+3+3+19+350;0+67+42+14+219+8
6;31;2500;005;496+0+345+345+1+1+2+25+343;12+46+45+26+209+5
6;31;2500;006;330+2+151+151+1+2+3+12+148;1+44+25+9+65+4
6;31;2500;007;668+3+364+364+0+3+3+15+361;5+118+50+12+163+13
6;31;2500;008;673+3+406+406+0+4+4+25+402;3+107+75+20+189+8
6;31;2500;009;832+3+470+470+0+0+0+13+470;2+95+84+18+262+9
6;31;2500;010;61+3+47+47+0+0+0+5+47;1+19+3+2+21+1
6;31;2500;011;567+3+303+303+0+0+0+20+303;3+84+51+22+140+3
6;31;2500;012;530+0+310+310+1+2+3+19+307;7+115+54+13+112+6
6;31;2500;013;454+2+305+305+0+1+1+22+304;5+68+37+8+183+3
6;31;2500;014;478+1+320+320+3+2+5+0+315;2+107+45+13+141+7
6;31;2500;015;466+3+292+292+1+0+1+0+291;5+96+25+15+150+0
6;31;2500;016;587+1+353+353+0+0+0+30+353;8+78+65+24+175+3
6;31;2500;017;157+1+124+124+1+1+2+6+122;8+26+4+5+78+1
6;31;2500;018;187+2+133+133+0+0+0+6+133;1+26+25+5+71+5
6;31;2500;019;664+2+407+407+1+1+2+0+405;5+80+39+29+251+1
6;31;2500;020;252+3+175+175+0+0+0+6+175;3+43+13+6+106+4
6;31;2500;021;1003+0+498+498+0+4+4+19+494;6+120+128+28+204+8
6;31;2500;022;565+0+297+297+0+1+1+22+296;4+35+60+23+165+9
6;31;2500;023;418+4+267+267+0+1+1+31+266;2+25+25+19+193+2
6;31;2500;024;346+6+213+213+0+0+0+13+213;2+27+30+31+113+10
6;31;2500;025;238+2+217+217+1+1+2+0+215;1+22+21+5+164+2
6;31;2500;026;535+4+290+290+0+2+2+23+288;6+58+41+30+146+7
6;31;2500;027;608+0+295+295+0+1+1+13+294;2+72+77+14+123+6
6;31;2500;028;727+0+330+330+1+0+1+8+329;3+103+81+23+117+2
6;31;2500;029;586+7+326+326+0+0+0+7+326;1+104+46+15+157+3
6;31;2500;030;622+0+354+354+0+0+0+3+354;2+82+44+18+200+8
6;31;2500;031;303+3+203+203+0+0+0+15+203;2+55+26+6+107+7
6;31;2500;032;240+1+161+161+0+0+0+0+161;3+49+14+5+83+7
6;31;2500;033;364+12+247+247+0+0+0+8+247;2+45+31+12+154+3
6;31;2500;034;385+2+212+212+1+1+2+0+210;3+58+15+9+123+2
6;31;2500;035;372+1+220+220+1+0+1+10+219;2+44+19+4+145+5
6;31;2500;036;471+3+301+301+0+0+0+64+301;6+47+33+5+206+4
6;31;2500;037;606+3+328+328+0+1+1+27+327;3+79+77+14+154+0
6;31;2500;038;698+5+354+354+1+0+1+0+353;5+58+49+23+206+12
6;31;2500;039;152+3+101+101+0+0+0+0+101;2+15+13+6+64+1
6;31;2500;040;601+0+268+268+0+0+0+0+268;4+83+22+16+137+6
6;31;2500;041;622+3+292+292+1+0+1+15+291;1+103+33+13+134+7
6;31;2500;042;226+1+140+140+0+0+0+9+140;6+21+34+3+74+2
6;31;2500;043;353+5+244+244+0+1+1+3+243;2+27+40+9+158+7
6;31;2500;044;726+1+406+406+0+1+1+24+405;6+76+33+17+268+5
6;31;2500;045;222+2+166+166+0+0+0+13+166;1+40+11+7+98+9
6;31;2500;046;220+1+109+109+0+1+1+0+108;1+17+22+6+60+2
6;31;2500;047;661+0+336+336+4+0+4+0+332;6+50+83+26+164+3
6;31;2500;048;564+2+279+279+0+1+1+19+278;0+54+81+13+128+2
6;31;2500;049;489+0+263+263+0+0+0+21+263;4+28+63+16+148+4
6;31;2500;050;241+1+163+163+0+0+0+3+163;2+37+30+8+84+2
6;31;2500;051;466+5+259+259+0+1+1+12+258;7+75+32+12+131+1
6;31;2500;052;722+0+375+375+1+1+2+8+373;3+81+96+15+173+5
6;31;2500;053;572+4+338+338+0+1+1+0+337;6+60+76+24+167+4
6;31;2500;054;393+3+207+207+1+3+4+9+203;1+43+44+18+94+3
6;31;2600;001;785+1+364+364+0+0+0+17+364;1+105+82+5+161+10
6;31;2600;002;708+0+323+323+0+1+1+0+322;1+103+64+5+137+12
6;31;2600;003;604+0+287+287+0+1+1+8+286;1+90+68+7+114+6
6;31;2600;004;787+0+278+278+1+2+3+8+275;1+76+82+8+99+9
6;31;2600;005;613+0+253+253+0+2+2+3+251;4+88+52+3+102+2
6;31;2600;006;883+0+307+307+0+1+1+0+306;1+69+100+8+120+8
6;31;2600;007;853+2+381+381+0+1+1+3+380;6+97+84+19+156+18
6;31;2600;008;768+0+373+373+0+0+0+16+373;4+121+74+3+156+15
6;31;2600;009;675+0+340+340+0+0+0+22+340;6+128+73+7+119+7
6;31;2600;010;587+0+284+284+0+2+2+2+282;3+102+43+4+119+11
6;31;2600;011;723+0+352+352+0+1+1+0+351;1+90+78+9+164+9
6;31;2600;012;792+0+317+317+0+1+1+11+316;2+70+63+13+164+4
6;31;2600;013;637+1+303+303+1+0+1+16+302;1+77+64+3+148+9
6;31;2600;014;713+2+290+290+1+2+3+15+287;2+121+63+5+90+6
6;31;2600;015;860+0+314+314+0+1+1+15+313;0+123+59+13+108+10
6;31;2600;016;612+0+305+305+1+0+1+6+304;0+113+65+4+111+11
6;31;2600;017;698+0+332+332+2+0+2+8+330;0+142+92+9+84+3
6;31;2600;018;733+2+365+365+1+0+1+19+364;1+99+65+6+183+10
6;31;2600;019;803+2+421+421+0+0+0+14+421;2+138+102+12+156+11
6;31;2600;020;878+0+378+378+1+4+5+0+373;2+133+89+9+131+9
6;31;2600;021;651+0+234+234+0+0+0+0+234;3+80+76+7+64+4
6;31;2600;022;735+0+288+288+0+2+2+0+286;1+89+80+15+85+16
6;31;2600;023;768+0+234+234+0+0+0+8+234;1+84+75+17+53+4
6;31;2600;024;841+0+308+308+1+0+1+0+307;1+90+114+19+77+6
6;31;2600;025;893+0+310+310+0+0+0+7+310;2+92+107+13+83+13
6;31;2600;026;922+0+275+275+0+0+0+7+275;0+85+79+30+63+18
6;31;2600;027;701+0+228+228+1+0+1+3+227;1+64+74+13+68+7
6;31;2600;028;678+0+269+269+1+1+2+0+267;2+77+79+25+70+14
6;31;2600;029;743+0+307+307+0+0+0+14+307;3+89+99+10+98+8
6;31;2600;030;288+0+118+118+1+1+2+0+116;3+19+39+9+46+0
6;31;2600;031;143+1+79+79+0+0+0+2+79;0+13+19+9+36+2
6;31;2600;032;711+1+345+345+0+0+0+6+345;1+88+71+11+160+14
6;31;2600;033;732+0+291+291+1+0+1+11+290;0+92+58+7+126+7
6;31;2600;034;764+1+350+350+0+0+0+2+350;3+126+84+3+124+10
6;31;2600;035;708+0+286+286+0+0+0+24+286;4+104+64+24+87+3
6;31;2600;036;733+2+277+277+0+0+0+0+277;7+85+62+19+94+10
6;31;2600;037;877+0+348+348+1+0+1+13+347;1+110+74+13+141+8
6;31;2600;038;795+0+331+331+0+0+0+12+331;3+116+85+14+104+9
6;31;2600;039;624+1+285+285+0+1+1+14+284;6+83+62+7+113+13
6;31;2600;040;640+0+265+265+0+0+0+15+265;3+91+46+11+103+11
6;31;2600;041;681+0+264+264+0+2+2+12+262;5+72+46+23+98+18
6;31;2600;042;768+0+256+256+1+3+4+13+252;8+66+37+19+96+26
6;31;2600;043;885+0+377+377+1+3+4+0+373;25+90+43+44+110+61
6;31;2600;044;810+1+356+356+10+0+10+0+346;3+80+29+37+162+35
6;31;2600;045;608+0+273+273+1+2+3+13+270;11+75+28+21+116+19
6;31;2600;046;651+1+242+242+0+1+1+11+241;3+65+17+18+121+17
6;31;2600;047;798+1+376+376+1+1+2+3+374;7+93+29+18+203+24
6;31;2600;048;392+0+392+392+1+6+7+0+385;11+89+54+31+171+29
6;31;2600;049;750+3+412+412+5+0+5+0+407;1+68+13+12+294+19
6;31;2600;050;976+0+361+361+1+0+1+0+360;1+94+92+27+137+9
6;31;2600;051;886+0+279+279+0+1+1+3+278;1+74+59+31+105+8
6;31;2600;052;863+2+304+304+0+0+0+2+304;4+74+90+47+75+14
6;31;2600;053;785+0+215+215+2+0+2+6+213;0+72+62+25+47+7
6;31;2600;054;786+0+227+227+1+0+1+7+226;3+86+49+18+57+13
6;31;2600;055;602+1+181+181+0+0+0+4+181;0+42+39+17+74+9
6;31;2600;056;597+0+146+146+0+0+0+0+146;0+33+40+12+52+9
6;31;2600;057;701+0+220+220+0+0+0+0+220;0+43+79+12+84+2
6;31;2600;058;681+0+198+198+2+1+3+0+195;2+36+59+11+82+5
6;31;2600;059;678+0+293+293+0+0+0+14+293;2+73+67+15+130+6
6;31;2600;060;674+0+276+276+0+0+0+0+276;1+79+41+6+142+7
6;31;2600;061;586+1+222+222+1+0+1+0+221;1+52+75+8+76+9
6;31;2600;062;488+0+187+187+1+1+2+2+185;1+46+44+8+82+4
6;31;2600;063;805+0+333+333+0+0+0+4+333;1+99+97+15+117+4
6;31;2600;064;661+0+267+267+0+0+0+8+267;3+57+66+6+130+5
6;31;2600;065;715+0+276+276+0+0+0+5+276;0+75+81+16+96+8
6;31;2600;066;679+1+289+289+0+0+0+7+289;2+104+70+18+90+5
6;31;2600;067;929+0+379+379+0+1+1+0+378;5+86+101+21+153+12
6;31;2600;068;728+0+250+250+0+0+0+3+250;0+59+60+15+113+3
6;31;2600;069;517+0+170+170+1+0+1+0+169;1+62+33+7+60+6
6;31;2600;070;796+3+272+272+0+0+0+0+272;1+66+63+24+113+5
6;31;2600;071;686+0+217+217+2+0+2+4+215;2+65+60+11+72+5
6;31;2600;072;831+0+337+337+0+0+0+31+337;2+84+78+6+159+8
6;31;2600;073;805+0+301+301+0+0+0+0+301;2+50+81+8+151+9
6;31;2600;074;794+0+279+279+0+0+0+8+279;3+93+55+6+109+13
6;31;2600;075;546+1+212+212+0+0+0+0+212;1+55+61+12+74+9
6;31;2600;076;800+0+239+239+0+0+0+0+239;2+73+59+12+80+13
6;31;2600;077;783+0+293+293+0+1+1+3+292;2+74+87+11+103+15
6;31;2600;078;666+0+271+271+1+0+1+14+270;1+79+78+3+106+3
6;31;2600;079;856+8+336+336+0+0+0+0+336;1+85+82+12+144+12
6;31;2600;080;856+1+329+329+2+0+2+4+327;0+96+82+6+132+11
6;31;2600;081;687+1+263+263+0+0+0+0+263;2+77+66+6+107+5
6;31;2600;082;900+0+275+275+1+0+1+3+274;1+59+75+19+110+10
6;31;2600;083;763+0+281+281+1+1+2+1+279;0+81+56+12+118+12
6;31;2600;084;690+1+234+234+0+0+0+0+234;2+59+73+6+86+8
6;31;2600;085;754+0+264+264+0+1+1+11+263;0+96+72+14+71+10
6;31;2600;086;659+0+249+249+0+0+0+8+249;1+73+78+16+73+8
6;31;2600;087;770+0+254+254+0+0+0+0+254;1+69+93+17+67+7
6;31;2600;088;814+0+253+253+1+0+1+10+252;2+83+67+12+75+13
6;31;2600;089;894+0+343+343+1+0+1+12+342;2+84+124+20+102+10
6;31;2600;090;655+0+278+278+0+0+0+14+278;1+94+80+9+86+8
6;31;2600;091;782+1+359+359+0+1+1+0+358;3+92+97+21+128+17
6;31;2600;092;733+0+335+335+0+0+0+0+335;2+107+91+16+101+18
6;31;2600;093;734+0+268+268+0+1+1+0+267;0+79+70+21+95+2
6;31;2600;094;773+0+283+283+0+0+0+7+283;3+81+67+21+102+9
6;31;2600;095;676+0+294+294+1+0+1+17+293;3+83+93+20+84+10
6;31;2600;096;707+0+295+295+3+0+3+12+292;3+80+64+12+120+13
6;31;2600;097;751+0+296+296+0+0+0+9+296;3+93+68+17+103+12
6;31;2600;098;848+0+329+329+0+0+0+9+329;5+92+79+24+116+13
6;31;2600;099;613+0+282+282+0+0+0+11+282;2+99+48+22+99+12
6;31;2600;100;523+0+239+239+0+0+0+13+239;2+67+70+11+77+12
6;31;2600;101;595+0+241+241+0+0+0+0+241;2+77+68+11+73+10
6;31;2600;102;954+14+310+310+0+0+0+0+310;8+112+69+18+95+8
6;31;2600;103;38+0+18+18+0+1+1+1+17;1+2+4+2+7+1
[END]

[AGGR]
31;6;   ;6+241+241+135136+329+62783+62783+139+160+297+2203+62486;695+16396+12177+3371+28155+1692
[END]

