[INFO]
32;Ч│жбина;201
[END]

[IZB]
32;6;   ;;11.11.2001;1;6;134
[END]

[NM]
3201;001;г░. П║░▓;;00
3201;002;г░. Аделаида;;00
3201;003;г░. Мелб║░н;;00
3201;004;г░. Канбе░а;;00
3201;005;г░. Сидней;;00
3202;001;г░. Виена;;00
3203;001;г░. Ти░ана;;00
3204;001;г░. Алжи░;;00
3205;001;г░. Л│анда;;00
3206;001;г░. Б│ено▒ Ай░е▒;;00
3207;001;г░. Е░еван;;00
3208;001;г░. Мин▒к;;00
3209;001;г░. Б░╛к▒ел;;00
3210;001;г░. Са░аево;;00
3211;001;г░. Лондон;;00
3211;002;г░. Ок▒┤о░д;;00
3211;003;г░. Ман╖е▒▓е░;;00
3212;001;г░. Ка░ака▒;;00
3213;001;г░. Хамб│░г;;00
3213;002;г░. Бон;;00
3213;003;г░. М╛н╡ен;;00
3213;004;г░. Бе░лин;;00
3214;001;г░. Сол│н;;00
3214;002;г░. А▓ина;;00
3215;001;г░. Копен╡аген;;00
3216;001;г░. Кай░о;;00
3217;001;г░. Ади▒ Абеба;;00
3218;001;г░. Ха░а░е;;00
3219;001;г░. Тел Авив;;00
3220;001;г░. Дел╡и;;00
3221;001;г░. Багдад;;00
3222;001;г░. Те╡е░ан;;00
3223;001;г░. Д║блин;;00
3224;001;г░. Ба░▒елона;;00
3224;002;г░. Мад░ид;;00
3225;001;г░. Милано;;00
3225;002;г░. Рим;;00
3226;001;г░. Сана;;00
3227;001;г░. Аман;;00
3228;001;г░. О▓ава;;00
3228;002;г░. То░он▓о;;00
3229;001;г░. Никози┐;;00
3230;001;г░. Пекин;;00
3231;001;г░. Се│л;;00
3232;001;г░. Хавана;;00
3233;001;г░. К│вей▓;;00
3234;001;г░. Бенгази;;00
3234;002;г░. Т░иполи;;00
3235;001;г░. Бей░│▓;;00
3236;001;г░. Скопие;;00
3237;001;г░. Казабланка;;00
3237;002;г░. Раба▓;;00
3238;001;г░. Мек▒ико;;00
3239;001;г░. Ки╕инев;;00
3240;001;г░. Аб│джа;;00
3240;002;г░. Лаго▒;;00
3241;001;г░. Хага;;00
3242;001;г░. О▒ло;;00
3243;001;г░. Д│бай;;00
3244;001;г░. Ва░╕ава;;00
3244;002;г░. К░аков;;00
3245;001;г░. Ли▒абон;;00
3246;001;г░. Тими╕оа░а;;00
3246;002;г░. Б│к│░е╣;;00
3247;001;г░. С│░г│▓;;00
3247;002;г░. Я░о▒лавл;;00
3247;003;г░. Со╖и;;00
3247;004;г░. С▓ав░опол;;00
3247;005;г░. Санк▓ Пе▓е░б│░г;;00
3247;006;г░. Мо▒ква;;00
3248;001;г░. А▓лан▓а;;00
3248;002;г░. Сейн▓ Пи▓║░▒б║░г;;00
3248;003;г░. С▓░а│д▒б│░г;;00
3248;004;г░. Ва╕инг▓он;;00
3248;005;г░. Сан Ф░ан╢и▒ко;;00
3248;006;г░. Сак░амен▓о;;00
3248;007;г░. Пи▓▒б║░г;;00
3248;008;г░. Н╛ Йо░к;;00
3248;009;г░. Н╛ Лондон;;00
3248;010;г░. Ло▒ Анджели▒;;00
3248;011;г░. Лек▒инг▓║н;;00
3248;012;г░. Дала▒;;00
3248;013;г░. Чикаго;;00
3248;014;г░. Бо▒▓║н;;00
3249;001;г░. Алепо;;00
3249;002;г░. Хом▒;;00
3249;003;г░. Дама▒к;;00
3250;001;г░. Б░а▓и▒лава;;00
3251;001;г░. Т│ни▒;;00
3252;001;г░. Чо░л│;;00
3252;002;г░. Од░ин;;00
3252;003;г░. Изми▓;;00
3252;004;г░. Изми░;;00
3252;005;г░. Б│░▒а;;00
3252;006;г░. И▒▓анб│л;;00
3252;007;г░. Анка░а;;00
3253;001;г░. Оде▒а;;00
3253;002;г░. Киев;;00
3254;001;г░. Б│дапе╣а;;00
3255;001;г░. Хелзинки;;00
3256;001;г░. С▓░а▒б│░г;;00
3256;002;г░. Па░иж;;00
3257;001;г░. Заг░еб;;00
3258;001;г░. О▒▓░ава;;00
3258;002;г░. У▒▓и над Лабем;;00
3258;003;г░. П░ага;;00
3259;001;г░. Сан▓┐го;;00
3260;001;г░. Женева;;00
3260;002;г░. Бе░н;;00
3261;001;г░. С▓ок╡олм;;00
3262;001;г░. Белг░ад;;00
3263;001;г░. П░е▓о░и┐;;00
3263;002;г░. Кейп Та│н;;00
3264;001;г░. Токио;;00
[END]

[SEC]
32;0100;001;6;005
32;0100;002;6;004
32;0100;003;6;003
32;0100;004;6;002
32;0100;005;6;001
32;0200;006;6;001
32;0300;007;6;001
32;0400;008;6;001
32;0500;012;6;001
32;0600;013;6;001
32;0700;014;6;001
32;0800;015;6;001
32;0900;016;6;001
32;1000;017;6;001
32;1100;009;6;003
32;1100;010;6;002
32;1100;011;6;001
32;1200;018;6;001
32;1300;130;6;004
32;1300;131;6;004
32;1300;132;6;003
32;1300;133;6;003
32;1300;134;6;002
32;1300;135;6;001
32;1400;020;6;002
32;1400;021;6;002
32;1400;022;6;001
32;1500;023;6;001
32;1600;024;6;001
32;1700;025;6;001
32;1800;026;6;001
32;1900;027;6;001
32;2000;028;6;001
32;2100;029;6;001
32;2200;030;6;001
32;2300;031;6;001
32;2400;032;6;002
32;2400;033;6;001
32;2500;034;6;002
32;2500;035;6;001
32;2600;036;6;001
32;2700;037;6;001
32;2800;038;6;002
32;2800;040;6;001
32;2900;041;6;001
32;3000;042;6;001
32;3100;043;6;001
32;3200;044;6;001
32;3300;045;6;001
32;3400;046;6;002
32;3400;049;6;001
32;3500;050;6;001
32;3600;051;6;001
32;3700;052;6;002
32;3700;053;6;001
32;3800;054;6;001
32;3900;055;6;001
32;4000;056;6;002
32;4000;057;6;001
32;4100;058;6;001
32;4200;059;6;001
32;4300;060;6;001
32;4400;061;6;001
32;4400;062;6;002
32;4500;063;6;001
32;4600;064;6;002
32;4600;065;6;001
32;4700;066;6;006
32;4700;067;6;006
32;4700;068;6;005
32;4700;071;6;004
32;4700;072;6;003
32;4700;078;6;002
32;4700;079;6;001
32;4800;039;6;003
32;4800;084;6;014
32;4800;085;6;013
32;4800;086;6;012
32;4800;087;6;011
32;4800;088;6;010
32;4800;089;6;009
32;4800;090;6;008
32;4800;091;6;007
32;4800;092;6;006
32;4800;093;6;005
32;4800;094;6;004
32;4800;095;6;002
32;4800;096;6;001
32;4900;080;6;003
32;4900;081;6;002
32;4900;082;6;001
32;5000;083;6;001
32;5100;097;6;001
32;5200;098;6;007
32;5200;099;6;006
32;5200;100;6;006
32;5200;101;6;006
32;5200;102;6;006
32;5200;103;6;006
32;5200;104;6;005
32;5200;105;6;005
32;5200;106;6;005
32;5200;107;6;005
32;5200;108;6;005
32;5200;109;6;004
32;5200;110;6;004
32;5200;111;6;004
32;5200;112;6;003
32;5200;113;6;003
32;5200;114;6;002
32;5200;115;6;002
32;5200;116;6;001
32;5200;117;6;001
32;5200;118;6;001
32;5200;119;6;001
32;5200;120;6;001
32;5300;121;6;002
32;5300;122;6;001
32;5400;123;6;001
32;5500;129;6;001
32;5600;127;6;002
32;5600;128;6;001
32;5700;136;6;001
32;5800;137;6;003
32;5800;139;6;002
32;5800;140;6;001
32;5900;141;6;001
32;6000;142;6;002
32;6000;143;6;001
32;6100;144;6;001
32;6200;145;6;001
32;6300;146;6;002
32;6300;147;6;001
32;6400;148;6;001
[END]

[MAJ]
31;6;   ;01;;;Пе▓║░ Ки░илов Бе░он и С▓о┐н В║л╖ев Анд░еев;, ;ПКБ+СВА;225;0;1
31;6;   ;02;;;Пе▓║░ С▓е┤анов С▓о┐нов и Нели Пе▓░ова К│╢кова;, ;ПСС+НПК;7743;2;2
31;6;   ;03;;;Богомил Ангелов Бонев и А▓ана▒ Иванов Желез╖ев;, ;БАБ+АИЖ;1711;0;3
31;6;   ;04;;;Жо░ж Ган╖ев Ган╖ев и Ве▒елин С▓о┐нов Бон╖ев;, ;ЖГГ+ВСБ;240;0;4
31;6;   ;05;;;Гео░ги Седе┤╖ов П║░ванов и Ангел Иванов Ма░ин;, ;ГСП+АИМ;1227;2;5
31;6;   ;06;;;Рене▓а Иванова Инджова и К░║▒▓╛ Николов Илов;, ;РИИ+КНИ;752;0;6
[END]

[PROP]
[END]

[LISTI]
[END]

[PROT]
6;32;0100;001;82+0+82+82+0+0+0+0+82;1+59+15+3+0+4
6;32;0100;002;14+0+14+14+0+0+0+0+14;0+11+2+0+0+1
6;32;0100;003;40+0+40+40+0+0+0+0+40;1+31+6+0+1+1
6;32;0100;004;28+0+28+28+0+0+0+0+28;0+22+4+1+0+1
6;32;0100;005;35+0+35+35+0+0+0+0+35;1+29+3+1+1+0
6;32;0200;006;383+0+383+383+2+0+2+0+381;2+282+40+2+45+10
6;32;0300;007;50+0+50+50+0+0+0+0+50;0+37+12+0+0+1
6;32;0400;008;40+0+38+38+0+0+0+0+38;1+23+0+1+6+7
6;32;0500;012;42+0+42+42+1+0+1+0+41;2+24+9+2+4+0
6;32;0600;013;55+0+55+55+0+0+0+0+55;2+34+8+2+8+1
6;32;0700;014;21+0+20+20+0+0+0+1+20;0+15+0+2+3+0
6;32;0800;015;34+0+34+34+0+0+0+0+34;2+23+2+1+5+1
6;32;0900;016;315+0+315+315+7+0+7+0+308;4+229+29+9+27+10
6;32;1000;017;32+0+32+32+1+0+1+0+31;2+13+7+1+8+0
6;32;1100;009;28+0+28+28+0+0+0+0+28;2+25+0+1+0+0
6;32;1100;010;28+0+28+28+2+0+2+0+26;0+22+1+0+2+1
6;32;1100;011;388+0+388+388+3+0+3+0+385;2+254+66+7+48+8
6;32;1200;018;34+0+34+34+0+0+0+0+34;0+33+1+0+0+0
6;32;1300;130;244+0+244+244+4+0+4+0+240;5+183+15+2+31+4
6;32;1300;131;253+0+253+253+1+0+1+0+252;3+194+28+5+17+5
6;32;1300;132;192+0+192+192+0+0+0+0+192;3+146+24+2+14+3
6;32;1300;133;186+0+186+186+0+0+0+0+186;2+130+31+4+12+7
6;32;1300;134;244+0+244+244+0+0+0+0+244;13+175+34+4+16+2
6;32;1300;135;125+0+125+125+0+0+0+0+125;1+99+15+3+4+3
6;32;1400;020;215+0+215+215+0+0+0+0+215;2+123+46+6+33+5
6;32;1400;021;66+0+66+66+2+0+2+0+64;3+32+13+1+11+4
6;32;1400;022;197+0+197+197+0+0+0+0+197;1+112+52+3+24+5
6;32;1500;023;75+0+68+68+0+0+0+0+68;1+53+6+2+4+2
6;32;1600;024;40+0+40+40+0+0+0+0+40;2+16+15+1+5+1
6;32;1700;025;21+0+21+21+0+0+0+0+21;0+6+12+0+2+1
6;32;1800;026;33+0+33+33+0+0+0+0+33;1+22+1+0+6+3
6;32;1900;027;211+0+211+211+0+0+0+0+211;1+136+23+10+33+8
6;32;2000;028;22+0+22+22+0+0+0+0+22;0+16+1+0+2+3
6;32;2100;029;16+0+16+16+0+0+0+0+16;0+8+3+0+5+0
6;32;2200;030;22+0+22+22+0+0+0+0+22;0+11+5+0+5+1
6;32;2300;031;34+0+34+34+0+0+0+0+34;2+23+3+0+2+4
6;32;2400;032;167+0+166+166+1+0+1+0+165;1+122+26+3+11+2
6;32;2400;033;58+0+49+49+1+0+1+0+48;0+35+10+2+0+1
6;32;2500;034;117+0+117+117+1+0+1+0+116;4+75+12+3+19+3
6;32;2500;035;91+0+91+91+0+0+0+0+91;0+66+8+4+9+4
6;32;2600;036;29+0+29+29+0+0+0+0+29;1+18+2+0+6+2
6;32;2700;037;29+0+29+29+0+0+0+0+29;2+21+2+0+2+2
6;32;2800;038;250+0+250+250+2+0+2+0+248;2+200+31+4+8+3
6;32;2800;040;84+0+84+84+0+0+0+0+84;3+53+10+1+10+7
6;32;2900;041;166+0+166+166+1+0+1+0+165;1+91+45+1+24+3
6;32;3000;042;31+0+31+31+1+0+1+0+30;3+6+10+4+7+0
6;32;3100;043;35+0+35+35+1+0+1+0+34;0+19+7+1+2+5
6;32;3200;044;30+0+30+30+0+0+0+0+30;0+16+4+1+4+5
6;32;3300;045;113+0+113+113+0+0+0+0+113;1+83+12+1+11+5
6;32;3400;046;167+0+167+167+1+0+1+0+166;3+107+20+0+33+3
6;32;3400;049;87+0+87+87+0+0+0+0+87;2+55+7+5+13+5
6;32;3500;050;55+0+55+55+0+0+0+0+55;0+43+10+0+1+1
6;32;3600;051;70+70+124+124+0+0+0+1+124;4+92+17+0+11+0
6;32;3700;052;53+0+53+53+1+0+1+0+52;2+38+8+1+3+0
6;32;3700;053;72+0+72+72+0+0+0+0+72;0+56+5+3+8+0
6;32;3800;054;44+0+44+44+0+0+0+0+44;0+21+9+2+12+0
6;32;3900;055;44+0+38+38+0+0+0+0+38;1+27+5+0+4+1
6;32;4000;056;44+0+44+44+0+0+0+0+44;1+31+3+1+7+1
6;32;4000;057;55+0+55+55+0+0+0+0+55;0+28+15+0+10+2
6;32;4100;058;166+0+166+166+0+0+0+0+166;1+125+23+1+13+3
6;32;4200;059;0+36+36+36+0+0+0+0+36;1+27+1+0+5+2
6;32;4300;060;77+0+77+77+0+0+0+0+77;1+57+11+1+5+2
6;32;4400;061;108+0+108+108+0+0+0+0+108;2+77+8+2+16+3
6;32;4400;062;26+0+26+26+0+0+0+0+26;0+23+1+0+1+1
6;32;4500;063;73+0+73+73+0+0+0+0+73;1+44+17+1+7+3
6;32;4600;064;96+0+96+96+2+0+2+0+94;2+59+17+3+10+3
6;32;4600;065;12+0+12+12+1+0+1+0+11;1+3+5+1+0+1
6;32;4700;066;349+0+349+349+2+0+2+0+347;6+112+95+13+92+29
6;32;4700;067;373+0+373+373+5+0+5+0+368;7+144+109+20+66+22
6;32;4700;068;43+0+43+43+0+0+0+0+43;0+16+6+3+15+3
6;32;4700;071;31+0+31+31+0+0+0+0+31;1+23+4+1+1+1
6;32;4700;072;29+0+29+29+0+0+0+0+29;0+22+3+0+3+1
6;32;4700;078;24+0+24+24+1+0+1+0+23;2+12+2+1+5+1
6;32;4700;079;72+0+72+72+1+0+1+0+71;5+29+15+2+15+5
6;32;4800;039;57+0+57+57+0+0+0+0+57;0+33+16+1+4+3
6;32;4800;084;120+0+120+120+0+0+0+0+120;3+106+10+0+1+0
6;32;4800;085;341+0+341+341+1+0+1+0+340;6+249+52+4+23+6
6;32;4800;086;54+0+54+54+0+0+0+0+54;1+47+3+0+3+0
6;32;4800;087;47+0+47+47+0+0+0+0+47;0+34+8+1+0+4
6;32;4800;088;122+0+122+122+0+0+0+0+122;1+97+19+1+2+2
6;32;4800;089;11+0+11+11+0+0+0+0+11;0+8+1+0+0+2
6;32;4800;090;158+0+158+158+0+0+0+0+158;1+113+27+3+8+6
6;32;4800;091;69+0+69+69+0+0+0+0+69;0+60+3+1+0+5
6;32;4800;092;36+0+36+36+0+0+0+0+36;0+21+5+3+1+6
6;32;4800;093;41+0+41+41+0+0+0+0+41;0+40+1+0+0+0
6;32;4800;094;160+0+160+160+1+0+1+0+159;5+126+13+2+10+3
6;32;4800;095;53+0+53+53+0+0+0+0+53;2+39+8+2+0+2
6;32;4800;096;62+0+62+62+0+0+0+0+62;0+54+4+2+1+1
6;32;4900;080;84+0+84+84+0+0+0+0+84;1+42+13+2+23+3
6;32;4900;081;44+0+44+44+1+0+1+0+43;0+18+19+0+5+1
6;32;4900;082;56+0+56+56+0+0+0+0+56;1+29+5+1+19+1
6;32;5000;083;87+0+87+87+3+0+3+0+84;2+53+17+0+6+6
6;32;5100;097;233+0+65+65+0+0+0+2+65;4+44+8+2+4+3
6;32;5200;098;53+0+53+53+1+0+1+0+52;0+27+13+1+3+8
6;32;5200;099;24+0+24+24+0+0+0+0+24;0+13+5+1+3+2
6;32;5200;100;23+0+23+23+0+0+0+0+23;0+13+5+1+2+2
6;32;5200;101;18+0+18+18+0+0+0+0+18;0+10+6+0+0+2
6;32;5200;102;15+0+15+15+0+0+0+0+15;1+9+3+0+0+2
6;32;5200;103;18+0+18+18+0+0+0+0+18;0+6+8+0+3+1
6;32;5200;104;15+0+15+15+1+0+1+0+14;0+8+2+0+2+2
6;32;5200;105;7+0+7+7+0+0+0+0+7;2+3+0+0+2+0
6;32;5200;106;15+0+15+15+0+0+0+0+15;0+9+1+0+3+2
6;32;5200;107;11+0+11+11+0+0+0+0+11;0+5+2+0+2+2
6;32;5200;108;19+0+19+19+0+0+0+0+19;2+8+1+3+2+3
6;32;5200;109;26+0+26+26+0+0+0+0+26;2+15+3+0+2+4
6;32;5200;110;37+0+37+37+0+0+0+0+37;3+27+4+0+2+1
6;32;5200;111;18+0+18+18+0+0+0+0+18;0+11+3+1+1+2
6;32;5200;112;41+0+41+41+0+0+0+0+41;1+4+2+0+1+33
6;32;5200;113;44+0+44+44+1+0+1+0+43;0+3+1+0+3+36
6;32;5200;114;30+0+30+30+0+0+0+0+30;2+7+8+1+1+11
6;32;5200;115;22+0+22+22+0+0+0+0+22;2+4+4+0+1+11
6;32;5200;116;119+0+119+119+0+0+0+0+119;8+29+6+3+6+67
6;32;5200;117;58+0+58+58+1+0+1+0+57;1+15+4+1+2+34
6;32;5200;118;170+0+170+170+4+0+4+0+166;6+41+7+1+6+105
6;32;5200;119;84+0+84+84+0+0+0+0+84;6+22+2+1+7+46
6;32;5200;120;78+0+78+78+2+0+2+0+76;2+29+2+3+1+39
6;32;5300;121;44+0+44+44+0+0+0+0+44;0+32+4+1+6+1
6;32;5300;122;41+0+41+41+0+0+0+0+41;0+24+11+1+5+0
6;32;5400;123;209+2+211+211+3+0+3+5+208;1+142+32+3+26+4
6;32;5500;129;49+0+49+49+0+0+0+0+49;1+34+6+0+7+1
6;32;5600;127;590+0+590+590+6+0+6+0+584;10+458+43+9+51+13
6;32;5600;128;241+0+241+241+0+0+0+0+241;6+195+18+3+17+2
6;32;5700;136;40+0+40+40+0+0+0+0+40;0+27+9+0+4+0
6;32;5800;137;207+0+207+207+1+0+1+0+206;2+121+48+5+24+6
6;32;5800;139;26+0+26+26+1+0+1+0+25;0+13+7+2+3+0
6;32;5800;140;86+0+86+86+0+0+0+0+86;2+67+3+4+7+3
6;32;5900;141;26+0+26+26+0+0+0+0+26;0+18+0+0+6+2
6;32;6000;142;91+0+91+91+1+0+1+0+90;1+72+12+0+4+1
6;32;6000;143;121+0+121+121+0+0+0+0+121;4+81+16+0+19+1
6;32;6100;144;73+0+73+73+0+0+0+0+73;0+57+11+1+3+1
6;32;6200;145;62+0+62+62+2+0+2+0+60;1+34+10+5+9+1
6;32;6300;146;38+0+38+38+0+0+0+0+38;0+26+9+0+2+1
6;32;6300;147;101+0+101+101+0+0+0+0+101;7+63+16+2+12+1
6;32;6400;148;36+0+36+36+1+0+1+0+35;2+21+5+0+4+3
[END]

[AGGR]
32;6;   ;6+134+134+12076+108+11974+11974+76+0+76+9+11898;225+7743+1711+240+1227+752
[END]

