{
  "computedAt": "2026-05-13T05:38:56.081Z",
  "byNs": {
    "50": {
      "computedAt": "2026-05-13T05:39:03.829Z",
      "parties": [
        "ПП-ДБ",
        "ГЕРБ-СДС",
        "ВЪЗРАЖДАНЕ",
        "ДПС",
        "ИТН",
        "БСП",
        "НЕЧЛ В ПГ",
        "НЕЗ",
        "ВЕЛИЧИЕ"
      ],
      "matrix": [
        [
          1,
          0.6589,
          0.2029,
          0.621,
          0.4755,
          0.4696,
          0.3605,
          0.6099,
          0.8051
        ],
        [
          0.6589,
          1,
          0.101,
          0.8481,
          0.5015,
          0.4135,
          0.2512,
          0.3559,
          0.2967
        ],
        [
          0.2029,
          0.101,
          1,
          0.0596,
          0.6169,
          0.6045,
          0.2401,
          0.5589,
          0.4182
        ],
        [
          0.621,
          0.8481,
          0.0596,
          1,
          0.467,
          0.401,
          0.2553,
          0.2032,
          0.2357
        ],
        [
          0.4755,
          0.5015,
          0.6169,
          0.467,
          1,
          0.7277,
          0.4804,
          0.6618,
          0.5705
        ],
        [
          0.4696,
          0.4135,
          0.6045,
          0.401,
          0.7277,
          1,
          0.5315,
          0.7482,
          0.8051
        ],
        [
          0.3605,
          0.2512,
          0.2401,
          0.2553,
          0.4804,
          0.5315,
          1,
          0,
          0
        ],
        [
          0.6099,
          0.3559,
          0.5589,
          0.2032,
          0.6618,
          0.7482,
          0,
          1,
          0.7778
        ],
        [
          0.8051,
          0.2967,
          0.4182,
          0.2357,
          0.5705,
          0.8051,
          0,
          0.7778,
          1
        ]
      ],
      "participation": {
        "ПП-ДБ": 735,
        "ГЕРБ-СДС": 735,
        "ИТН": 725,
        "ДПС": 728,
        "ВЪЗРАЖДАНЕ": 735,
        "БСП": 715,
        "ВЕЛИЧИЕ": 55,
        "НЕЗ": 160,
        "НЕЧЛ В ПГ": 558
      }
    },
    "51": {
      "computedAt": "2026-05-13T05:39:03.887Z",
      "parties": [
        "БСП - ОЛ",
        "ДПС - НН",
        "ИТН",
        "ВЪЗРАЖДАНЕ",
        "ГЕРБ - СДС",
        "МЕЧ",
        "ПП - ДБ",
        "ВЕЛИЧИЕ",
        "НЕЧЛ В ПГ",
        "АПС",
        "ДПС - ДПС",
        "ПП-ДБ",
        "ГЕРБ-СДС",
        "ДПС",
        "НЕЧЛ ПГ"
      ],
      "matrix": [
        [
          1,
          0.6742,
          0.7778,
          -0.1645,
          0.7944,
          -0.2785,
          0.3404,
          -0.2136,
          0.6832,
          0.3798,
          0.664,
          0.6079,
          0.6883,
          0.6172,
          0.2
        ],
        [
          0.6742,
          1,
          0.7083,
          -0.3689,
          0.8391,
          -0.4163,
          0.2274,
          -0.3937,
          0.9642,
          0.2022,
          0.3494,
          0.4199,
          0.544,
          -0.527,
          -0.1111
        ],
        [
          0.7778,
          0.7083,
          1,
          -0.1593,
          0.8461,
          -0.2938,
          0.3014,
          -0.2718,
          0.7436,
          0.3029,
          0.6415,
          0.4037,
          0.1225,
          0.276,
          0.4472
        ],
        [
          -0.1645,
          -0.3689,
          -0.1593,
          1,
          -0.3284,
          0.5935,
          0.0864,
          0.5392,
          -0.3567,
          0.1768,
          0.0381,
          0.2663,
          0.0798,
          0.276,
          0
        ],
        [
          0.7944,
          0.8391,
          0.8461,
          -0.3284,
          1,
          -0.4461,
          0.2897,
          -0.3465,
          0.8557,
          0.3157,
          0.5764,
          0,
          0,
          0,
          0.2
        ],
        [
          -0.2785,
          -0.4163,
          -0.2938,
          0.5935,
          -0.4461,
          1,
          0.1628,
          0.5927,
          -0.4738,
          0.2477,
          -0.0633,
          0.4095,
          -0.0108,
          0.276,
          0
        ],
        [
          0.3404,
          0.2274,
          0.3014,
          0.0864,
          0.2897,
          0.1628,
          1,
          0.1632,
          0.2181,
          0.6526,
          0.593,
          0,
          0,
          0,
          0.7379
        ],
        [
          -0.2136,
          -0.3937,
          -0.2718,
          0.5392,
          -0.3465,
          0.5927,
          0.1632,
          1,
          -0.3603,
          0.1898,
          0.0481,
          0,
          0,
          0,
          0.4
        ],
        [
          0.6832,
          0.9642,
          0.7436,
          -0.3567,
          0.8557,
          -0.4738,
          0.2181,
          -0.3603,
          1,
          0.2452,
          0.296,
          0,
          0,
          0,
          0
        ],
        [
          0.3798,
          0.2022,
          0.3029,
          0.1768,
          0.3157,
          0.2477,
          0.6526,
          0.1898,
          0.2452,
          1,
          0,
          0.6512,
          -0.5966,
          0,
          0
        ],
        [
          0.664,
          0.3494,
          0.6415,
          0.0381,
          0.5764,
          -0.0633,
          0.593,
          0.0481,
          0.296,
          0,
          1,
          0.7104,
          0.6338,
          0,
          0.8
        ],
        [
          0.6079,
          0.4199,
          0.4037,
          0.2663,
          0,
          0.4095,
          0,
          0,
          0,
          0.6512,
          0.7104,
          1,
          0.4525,
          0.8895,
          0
        ],
        [
          0.6883,
          0.544,
          0.1225,
          0.0798,
          0,
          -0.0108,
          0,
          0,
          0,
          -0.5966,
          0.6338,
          0.4525,
          1,
          0.5401,
          0
        ],
        [
          0.6172,
          -0.527,
          0.276,
          0.276,
          0,
          0.276,
          0,
          0,
          0,
          0,
          0,
          0.8895,
          0.5401,
          1,
          0
        ],
        [
          0.2,
          -0.1111,
          0.4472,
          0,
          0.2,
          0,
          0.7379,
          0.4,
          0,
          0,
          0.8,
          0,
          0,
          0,
          1
        ]
      ],
      "participation": {
        "ПП-ДБ": 214,
        "ГЕРБ-СДС": 214,
        "ИТН": 4317,
        "ВЪЗРАЖДАНЕ": 4236,
        "БСП - ОЛ": 4359,
        "АПС": 2051,
        "МЕЧ": 4153,
        "ДПС - НН": 4319,
        "ДПС": 15,
        "ДПС - ДПС": 1892,
        "ПП - ДБ": 4014,
        "ГЕРБ - СДС": 4160,
        "ВЕЛИЧИЕ": 3240,
        "НЕЧЛ ПГ": 10,
        "НЕЧЛ В ПГ": 2375
      }
    },
    "52": {
      "computedAt": "2026-05-13T05:39:03.887Z",
      "parties": [
        "ДБ",
        "ДПС",
        "ГЕРБ - СДС",
        "ПБ",
        "ВЪЗРАЖДАНЕ",
        "ПП"
      ],
      "matrix": [
        [
          1,
          0.7246,
          0.7487,
          0.5189,
          0.679,
          1
        ],
        [
          0.7246,
          1,
          0.8756,
          0.6803,
          0.4828,
          0.7171
        ],
        [
          0.7487,
          0.8756,
          1,
          0.8588,
          0.5147,
          0.7703
        ],
        [
          0.5189,
          0.6803,
          0.8588,
          1,
          0.2228,
          0.4907
        ],
        [
          0.679,
          0.4828,
          0.5147,
          0.2228,
          1,
          0.7313
        ],
        [
          1,
          0.7171,
          0.7703,
          0.4907,
          0.7313,
          1
        ]
      ],
      "participation": {
        "ДБ": 31,
        "ДПС": 31,
        "ВЪЗРАЖДАНЕ": 30,
        "ГЕРБ - СДС": 31,
        "ПБ": 31,
        "ПП": 28
      }
    }
  }
}
