{
  "computedAt": "2026-05-17T23:58:33.150Z",
  "byNs": {
    "50": {
      "computedAt": "2026-05-17T23:58:46.382Z",
      "parties": [
        "ПП-ДБ",
        "ГЕРБ-СДС",
        "ВЪЗРАЖДАНЕ",
        "ДПС",
        "ИТН",
        "БСП",
        "НЕЧЛ В ПГ",
        "НЕЗ",
        "ВЕЛИЧИЕ"
      ],
      "matrix": [
        [
          1,
          0.7072,
          0.2717,
          0.6643,
          0.5346,
          0.5319,
          0.366,
          0.6447,
          0.8006
        ],
        [
          0.7072,
          1,
          0.2005,
          0.8572,
          0.5657,
          0.5017,
          0.2838,
          0.4271,
          0.3963
        ],
        [
          0.2717,
          0.2005,
          1,
          0.1534,
          0.6496,
          0.6377,
          0.2597,
          0.5775,
          0.4394
        ],
        [
          0.6643,
          0.8572,
          0.1534,
          1,
          0.5305,
          0.4826,
          0.2975,
          0.2449,
          0.3175
        ],
        [
          0.5346,
          0.5657,
          0.6496,
          0.5305,
          1,
          0.7586,
          0.4737,
          0.6694,
          0.5854
        ],
        [
          0.5319,
          0.5017,
          0.6377,
          0.4826,
          0.7586,
          1,
          0.5239,
          0.7539,
          0.8006
        ],
        [
          0.366,
          0.2838,
          0.2597,
          0.2975,
          0.4737,
          0.5239,
          1,
          0,
          0
        ],
        [
          0.6447,
          0.4271,
          0.5775,
          0.2449,
          0.6694,
          0.7539,
          0,
          1,
          0.7746
        ],
        [
          0.8006,
          0.3963,
          0.4394,
          0.3175,
          0.5854,
          0.8006,
          0,
          0.7746,
          1
        ]
      ],
      "participation": {
        "ПП-ДБ": 623,
        "ГЕРБ-СДС": 623,
        "ИТН": 616,
        "ДПС": 619,
        "ВЪЗРАЖДАНЕ": 623,
        "БСП": 606,
        "ВЕЛИЧИЕ": 44,
        "НЕЗ": 142,
        "НЕЧЛ В ПГ": 468
      }
    },
    "51": {
      "computedAt": "2026-05-17T23:58:46.486Z",
      "parties": [
        "БСП - ОЛ",
        "ДПС - НН",
        "ИТН",
        "ВЪЗРАЖДАНЕ",
        "ГЕРБ - СДС",
        "МЕЧ",
        "ПП - ДБ",
        "ВЕЛИЧИЕ",
        "НЕЧЛ В ПГ",
        "АПС",
        "ДПС - ДПС",
        "ПП-ДБ",
        "ГЕРБ-СДС",
        "ДПС",
        "НЕЧЛ ПГ"
      ],
      "matrix": [
        [
          1,
          0.6921,
          0.7975,
          -0.1613,
          0.8063,
          -0.2866,
          0.3638,
          -0.2162,
          0.6984,
          0.4051,
          0.6851,
          0.6649,
          0.6882,
          0.6093,
          0.3333
        ],
        [
          0.6921,
          1,
          0.7285,
          -0.3483,
          0.8522,
          -0.4172,
          0.2481,
          -0.3791,
          0.9678,
          0.2428,
          0.3852,
          0.5203,
          0.6005,
          -0.4009,
          0
        ],
        [
          0.7975,
          0.7285,
          1,
          -0.1624,
          0.8641,
          -0.3124,
          0.3302,
          -0.2766,
          0.7695,
          0.3233,
          0.6621,
          0.4568,
          0.1791,
          0.4804,
          0.4714
        ],
        [
          -0.1613,
          -0.3483,
          -0.1624,
          1,
          -0.3164,
          0.5912,
          0.0956,
          0.5249,
          -0.3416,
          0.1661,
          0.0312,
          0.3521,
          0.1633,
          0.4804,
          0.1111
        ],
        [
          0.8063,
          0.8522,
          0.8641,
          -0.3164,
          1,
          -0.4451,
          0.3181,
          -0.345,
          0.8752,
          0.3456,
          0.603,
          0,
          0,
          0,
          0.3333
        ],
        [
          -0.2866,
          -0.4172,
          -0.3124,
          0.5912,
          -0.4451,
          1,
          0.1471,
          0.5937,
          -0.4804,
          0.2233,
          -0.0871,
          0.5066,
          0.0848,
          0.4804,
          0
        ],
        [
          0.3638,
          0.2481,
          0.3302,
          0.0956,
          0.3181,
          0.1471,
          1,
          0.1593,
          0.2409,
          0.662,
          0.6063,
          0,
          0,
          0,
          0.7071
        ],
        [
          -0.2162,
          -0.3791,
          -0.2766,
          0.5249,
          -0.345,
          0.5937,
          0.1593,
          1,
          -0.3502,
          0.1591,
          0.0118,
          0,
          0,
          0,
          0.5556
        ],
        [
          0.6984,
          0.9678,
          0.7695,
          -0.3416,
          0.8752,
          -0.4804,
          0.2409,
          -0.3502,
          1,
          0.2787,
          0.3362,
          0,
          0,
          0,
          0
        ],
        [
          0.4051,
          0.2428,
          0.3233,
          0.1661,
          0.3456,
          0.2233,
          0.662,
          0.1591,
          0.2787,
          1,
          0,
          0.6302,
          -0.6071,
          0,
          0
        ],
        [
          0.6851,
          0.3852,
          0.6621,
          0.0312,
          0.603,
          -0.0871,
          0.6063,
          0.0118,
          0.3362,
          0,
          1,
          0.7319,
          0.6703,
          0,
          0.7778
        ],
        [
          0.6649,
          0.5203,
          0.4568,
          0.3521,
          0,
          0.5066,
          0,
          0,
          0,
          0.6302,
          0.7319,
          1,
          0.4968,
          0.8704,
          0
        ],
        [
          0.6882,
          0.6005,
          0.1791,
          0.1633,
          0,
          0.0848,
          0,
          0,
          0,
          -0.6071,
          0.6703,
          0.4968,
          1,
          0.5222,
          0
        ],
        [
          0.6093,
          -0.4009,
          0.4804,
          0.4804,
          0,
          0.4804,
          0,
          0,
          0,
          0,
          0,
          0.8704,
          0.5222,
          1,
          0
        ],
        [
          0.3333,
          0,
          0.4714,
          0.1111,
          0.3333,
          0,
          0.7071,
          0.5556,
          0,
          0,
          0.7778,
          0,
          0,
          0,
          1
        ]
      ],
      "participation": {
        "ПП-ДБ": 177,
        "ГЕРБ-СДС": 177,
        "ИТН": 3823,
        "ВЪЗРАЖДАНЕ": 3743,
        "БСП - ОЛ": 3862,
        "АПС": 1807,
        "МЕЧ": 3672,
        "ДПС - НН": 3828,
        "ДПС": 13,
        "ДПС - ДПС": 1675,
        "ПП - ДБ": 3565,
        "ГЕРБ - СДС": 3698,
        "ВЕЛИЧИЕ": 2881,
        "НЕЧЛ ПГ": 9,
        "НЕЧЛ В ПГ": 2122
      }
    },
    "52": {
      "computedAt": "2026-05-17T23:58:46.488Z",
      "parties": [
        "ДБ",
        "ДПС",
        "ПБ",
        "ВЪЗРАЖДАНЕ",
        "ПП",
        "ГЕРБ - СДС"
      ],
      "matrix": [
        [
          1,
          0.6163,
          0.5288,
          0.546,
          0.9639,
          0.5152
        ],
        [
          0.6163,
          1,
          0.7181,
          0.1936,
          0.5291,
          0.5171
        ],
        [
          0.5288,
          0.7181,
          1,
          0.0675,
          0.4338,
          0.5966
        ],
        [
          0.546,
          0.1936,
          0.0675,
          1,
          0.6121,
          0.3186
        ],
        [
          0.9639,
          0.5291,
          0.4338,
          0.6121,
          1,
          0.4875
        ],
        [
          0.5152,
          0.5171,
          0.5966,
          0.3186,
          0.4875,
          1
        ]
      ],
      "participation": {
        "ДБ": 49,
        "ДПС": 49,
        "ВЪЗРАЖДАНЕ": 48,
        "ГЕРБ - СДС": 45,
        "ПБ": 49,
        "ПП": 46
      }
    }
  }
}
