{
  "computedAt": "2026-07-24T12:37:52.724Z",
  "byNs": {
    "44": {
      "computedAt": "2026-07-24T12:38:13.440Z",
      "parties": [
        "ГЕРБ",
        "ОП",
        "БСП",
        "ДПС",
        "НЕЗ",
        "ВОЛЯ"
      ],
      "matrix": [
        [
          1,
          0.907,
          -0.1514,
          0.1917,
          0.1605,
          0.6691
        ],
        [
          0.907,
          1,
          -0.0382,
          0.2594,
          0.2982,
          0.7784
        ],
        [
          -0.1514,
          -0.0382,
          1,
          0.5703,
          0.5302,
          0.257
        ],
        [
          0.1917,
          0.2594,
          0.5703,
          1,
          0.5573,
          0.4467
        ],
        [
          0.1605,
          0.2982,
          0.5302,
          0.5573,
          1,
          0.4645
        ],
        [
          0.6691,
          0.7784,
          0.257,
          0.4467,
          0.4645,
          1
        ]
      ],
      "participation": {
        "ГЕРБ": 989,
        "БСП": 960,
        "ОП": 986,
        "ВОЛЯ": 697,
        "ДПС": 716,
        "НЕЗ": 714
      }
    },
    "45": {
      "computedAt": "2026-07-24T12:38:13.442Z",
      "parties": [
        "ДПС",
        "БСП",
        "ИТН",
        "ДБ",
        "ИСМВ",
        "ГЕРБ-СДС"
      ],
      "matrix": [
        [
          1,
          0.7159,
          0.5998,
          0.7468,
          0.6632,
          0.1748
        ],
        [
          0.7159,
          1,
          0.6201,
          0.7224,
          0.7211,
          0.0647
        ],
        [
          0.5998,
          0.6201,
          1,
          0.6931,
          0.6491,
          0.0694
        ],
        [
          0.7468,
          0.7224,
          0.6931,
          1,
          0.7599,
          0.0941
        ],
        [
          0.6632,
          0.7211,
          0.6491,
          0.7599,
          1,
          -0.0566
        ],
        [
          0.1748,
          0.0647,
          0.0694,
          0.0941,
          -0.0566,
          1
        ]
      ],
      "participation": {
        "ГЕРБ-СДС": 174,
        "ДПС": 201,
        "БСП": 201,
        "ИТН": 201,
        "ИСМВ": 200,
        "ДБ": 201
      }
    },
    "46": {
      "computedAt": "2026-07-24T12:38:13.450Z",
      "parties": [
        "ИБГНИ",
        "ДБ",
        "ИТН",
        "БСП",
        "ДПС",
        "ГЕРБ-СДС"
      ],
      "matrix": [
        [
          1,
          0.708,
          0.6798,
          0.6427,
          0.4936,
          0.2992
        ],
        [
          0.708,
          1,
          0.8218,
          0.654,
          0.4323,
          0.2
        ],
        [
          0.6798,
          0.8218,
          1,
          0.5819,
          0.446,
          0.2215
        ],
        [
          0.6427,
          0.654,
          0.5819,
          1,
          0.5692,
          0.35
        ],
        [
          0.4936,
          0.4323,
          0.446,
          0.5692,
          1,
          0.6636
        ],
        [
          0.2992,
          0.2,
          0.2215,
          0.35,
          0.6636,
          1
        ]
      ],
      "participation": {
        "ГЕРБ-СДС": 442,
        "БСП": 521,
        "ДПС": 460,
        "ИТН": 525,
        "ИБГНИ": 526,
        "ДБ": 526
      }
    },
    "47": {
      "computedAt": "2026-07-24T12:38:13.477Z",
      "parties": [
        "ПП",
        "ДБ",
        "БСП",
        "ИТН",
        "ВЪЗРАЖДАНЕ",
        "ДПС",
        "ГЕРБ-СДС",
        "НЕЗ"
      ],
      "matrix": [
        [
          1,
          0.8998,
          0.9093,
          0.8217,
          0.0146,
          0.0423,
          -0.0493,
          0.8696
        ],
        [
          0.8998,
          1,
          0.8668,
          0.7944,
          0.048,
          0.0958,
          0.0126,
          0.7891
        ],
        [
          0.9093,
          0.8668,
          1,
          0.8033,
          0.0628,
          0.055,
          -0.039,
          0.836
        ],
        [
          0.8217,
          0.7944,
          0.8033,
          1,
          0.1202,
          0.1383,
          0.0748,
          0.5528
        ],
        [
          0.0146,
          0.048,
          0.0628,
          0.1202,
          1,
          0.4044,
          0.3917,
          0.1446
        ],
        [
          0.0423,
          0.0958,
          0.055,
          0.1383,
          0.4044,
          1,
          0.7722,
          0.1352
        ],
        [
          -0.0493,
          0.0126,
          -0.039,
          0.0748,
          0.3917,
          0.7722,
          1,
          0.0999
        ],
        [
          0.8696,
          0.7891,
          0.836,
          0.5528,
          0.1446,
          0.1352,
          0.0999,
          1
        ]
      ],
      "participation": {
        "БСП": 1793,
        "ГЕРБ-СДС": 1578,
        "ИТН": 1780,
        "ДБ": 1804,
        "ПП": 1806,
        "ДПС": 1646,
        "ВЪЗРАЖДАНЕ": 1693,
        "НЕЗ": 422
      }
    },
    "48": {
      "computedAt": "2026-07-24T12:38:13.495Z",
      "parties": [
        "ГЕРБ-СДС",
        "ДПС",
        "ВЪЗРАЖДАНЕ",
        "БСП",
        "ПП",
        "ДБ",
        "БВ",
        "НЕЗ"
      ],
      "matrix": [
        [
          1,
          0.824,
          0.1885,
          0.615,
          0.267,
          0.3858,
          0.373,
          0.5706
        ],
        [
          0.824,
          1,
          0.2527,
          0.653,
          0.2156,
          0.3098,
          0.423,
          0.4502
        ],
        [
          0.1885,
          0.2527,
          1,
          0.3747,
          0.27,
          0.2189,
          0.3589,
          0.1864
        ],
        [
          0.615,
          0.653,
          0.3747,
          1,
          0.2962,
          0.2585,
          0.2782,
          0.5486
        ],
        [
          0.267,
          0.2156,
          0.27,
          0.2962,
          1,
          0.817,
          0.6183,
          0.854
        ],
        [
          0.3858,
          0.3098,
          0.2189,
          0.2585,
          0.817,
          1,
          0.6228,
          0.7956
        ],
        [
          0.373,
          0.423,
          0.3589,
          0.2782,
          0.6183,
          0.6228,
          1,
          0.6341
        ],
        [
          0.5706,
          0.4502,
          0.1864,
          0.5486,
          0.854,
          0.7956,
          0.6341,
          1
        ]
      ],
      "participation": {
        "ДПС": 1352,
        "БСП": 1340,
        "ГЕРБ-СДС": 1356,
        "ПП": 1338,
        "ДБ": 1338,
        "БВ": 1336,
        "ВЪЗРАЖДАНЕ": 1348,
        "НЕЗ": 195
      }
    },
    "49": {
      "computedAt": "2026-07-24T12:38:13.531Z",
      "parties": [
        "ГЕРБ-СДС",
        "ПП-ДБ",
        "ДПС",
        "БСП",
        "ВЪЗРАЖДАНЕ",
        "ИТН",
        "НЕЗ"
      ],
      "matrix": [
        [
          1,
          0.7418,
          0.9051,
          0.072,
          -0.1772,
          0.1002,
          -0.0295
        ],
        [
          0.7418,
          1,
          0.7545,
          0.029,
          -0.2552,
          -0.0277,
          -0.0704
        ],
        [
          0.9051,
          0.7545,
          1,
          0.0606,
          -0.2246,
          0.0506,
          -0.0819
        ],
        [
          0.072,
          0.029,
          0.0606,
          1,
          0.4554,
          0.4783,
          0.7872
        ],
        [
          -0.1772,
          -0.2552,
          -0.2246,
          0.4554,
          1,
          0.5314,
          0.6541
        ],
        [
          0.1002,
          -0.0277,
          0.0506,
          0.4783,
          0.5314,
          1,
          0.6483
        ],
        [
          -0.0295,
          -0.0704,
          -0.0819,
          0.7872,
          0.6541,
          0.6483,
          1
        ]
      ],
      "participation": {
        "ГЕРБ-СДС": 3644,
        "БСП": 3421,
        "ДПС": 3614,
        "ПП-ДБ": 3629,
        "ВЪЗРАЖДАНЕ": 3409,
        "ИТН": 3390,
        "НЕЗ": 467
      }
    },
    "50": {
      "computedAt": "2026-07-24T12:38:13.537Z",
      "parties": [
        "ПП-ДБ",
        "ВЪЗРАЖДАНЕ",
        "ГЕРБ-СДС",
        "ДПС",
        "ИТН",
        "БСП",
        "НЕЧЛ В ПГ",
        "НЕЗ",
        "ВЕЛИЧИЕ"
      ],
      "matrix": [
        [
          1,
          0.2717,
          0.7072,
          0.6643,
          0.5346,
          0.5319,
          0.366,
          0.6447,
          0.8006
        ],
        [
          0.2717,
          1,
          0.2005,
          0.1534,
          0.6496,
          0.6377,
          0.2597,
          0.5775,
          0.4394
        ],
        [
          0.7072,
          0.2005,
          1,
          0.8572,
          0.5657,
          0.5017,
          0.2838,
          0.4271,
          0.3963
        ],
        [
          0.6643,
          0.1534,
          0.8572,
          1,
          0.5305,
          0.4826,
          0.2975,
          0.2449,
          0.3175
        ],
        [
          0.5346,
          0.6496,
          0.5657,
          0.5305,
          1,
          0.7586,
          0.4737,
          0.6694,
          0.5854
        ],
        [
          0.5319,
          0.6377,
          0.5017,
          0.4826,
          0.7586,
          1,
          0.5239,
          0.7539,
          0.8006
        ],
        [
          0.366,
          0.2597,
          0.2838,
          0.2975,
          0.4737,
          0.5239,
          1,
          0,
          0
        ],
        [
          0.6447,
          0.5775,
          0.4271,
          0.2449,
          0.6694,
          0.7539,
          0,
          1,
          0.7746
        ],
        [
          0.8006,
          0.4394,
          0.3963,
          0.3175,
          0.5854,
          0.8006,
          0,
          0.7746,
          1
        ]
      ],
      "participation": {
        "ДПС": 619,
        "ПП-ДБ": 623,
        "ВЪЗРАЖДАНЕ": 623,
        "ГЕРБ-СДС": 623,
        "ИТН": 616,
        "ВЕЛИЧИЕ": 44,
        "БСП": 606,
        "НЕЗ": 142,
        "НЕЧЛ В ПГ": 468
      }
    },
    "51": {
      "computedAt": "2026-07-24T12:38:13.584Z",
      "parties": [
        "БСП - ОЛ",
        "ДПС - НН",
        "ИТН",
        "ВЪЗРАЖДАНЕ",
        "ГЕРБ - СДС",
        "МЕЧ",
        "ПП - ДБ",
        "ВЕЛИЧИЕ",
        "НЕЧЛ В ПГ",
        "АПС",
        "ДПС - ДПС",
        "ГЕРБ-СДС",
        "ПП-ДБ",
        "ДПС",
        "НЕЧЛ ПГ"
      ],
      "matrix": [
        [
          1,
          0.6921,
          0.7975,
          -0.1613,
          0.8063,
          -0.2866,
          0.3638,
          -0.2162,
          0.6984,
          0.4051,
          0.6851,
          0.6882,
          0.6649,
          0.6093,
          0.3333
        ],
        [
          0.6921,
          1,
          0.7285,
          -0.3483,
          0.8522,
          -0.4172,
          0.2481,
          -0.3791,
          0.9678,
          0.2428,
          0.3852,
          0.6005,
          0.5203,
          -0.4009,
          0
        ],
        [
          0.7975,
          0.7285,
          1,
          -0.1624,
          0.8641,
          -0.3124,
          0.3302,
          -0.2766,
          0.7695,
          0.3233,
          0.6621,
          0.1791,
          0.4568,
          0.4804,
          0.4714
        ],
        [
          -0.1613,
          -0.3483,
          -0.1624,
          1,
          -0.3164,
          0.5912,
          0.0956,
          0.5249,
          -0.3416,
          0.1661,
          0.0312,
          0.1633,
          0.3521,
          0.4804,
          0.1111
        ],
        [
          0.8063,
          0.8522,
          0.8641,
          -0.3164,
          1,
          -0.4451,
          0.3181,
          -0.345,
          0.8752,
          0.3456,
          0.603,
          0,
          0,
          0,
          0.3333
        ],
        [
          -0.2866,
          -0.4172,
          -0.3124,
          0.5912,
          -0.4451,
          1,
          0.1471,
          0.5937,
          -0.4804,
          0.2233,
          -0.0871,
          0.0848,
          0.5066,
          0.4804,
          0
        ],
        [
          0.3638,
          0.2481,
          0.3302,
          0.0956,
          0.3181,
          0.1471,
          1,
          0.1593,
          0.2409,
          0.662,
          0.6063,
          0,
          0,
          0,
          0.7071
        ],
        [
          -0.2162,
          -0.3791,
          -0.2766,
          0.5249,
          -0.345,
          0.5937,
          0.1593,
          1,
          -0.3502,
          0.1591,
          0.0118,
          0,
          0,
          0,
          0.5556
        ],
        [
          0.6984,
          0.9678,
          0.7695,
          -0.3416,
          0.8752,
          -0.4804,
          0.2409,
          -0.3502,
          1,
          0.2787,
          0.3362,
          0,
          0,
          0,
          0
        ],
        [
          0.4051,
          0.2428,
          0.3233,
          0.1661,
          0.3456,
          0.2233,
          0.662,
          0.1591,
          0.2787,
          1,
          0,
          -0.6071,
          0.6302,
          0,
          0
        ],
        [
          0.6851,
          0.3852,
          0.6621,
          0.0312,
          0.603,
          -0.0871,
          0.6063,
          0.0118,
          0.3362,
          0,
          1,
          0.6703,
          0.7319,
          0,
          0.7778
        ],
        [
          0.6882,
          0.6005,
          0.1791,
          0.1633,
          0,
          0.0848,
          0,
          0,
          0,
          -0.6071,
          0.6703,
          1,
          0.4968,
          0.5222,
          0
        ],
        [
          0.6649,
          0.5203,
          0.4568,
          0.3521,
          0,
          0.5066,
          0,
          0,
          0,
          0.6302,
          0.7319,
          0.4968,
          1,
          0.8704,
          0
        ],
        [
          0.6093,
          -0.4009,
          0.4804,
          0.4804,
          0,
          0.4804,
          0,
          0,
          0,
          0,
          0,
          0.5222,
          0.8704,
          1,
          0
        ],
        [
          0.3333,
          0,
          0.4714,
          0.1111,
          0.3333,
          0,
          0.7071,
          0.5556,
          0,
          0,
          0.7778,
          0,
          0,
          0,
          1
        ]
      ],
      "participation": {
        "ИТН": 3823,
        "ГЕРБ-СДС": 177,
        "ВЪЗРАЖДАНЕ": 3743,
        "ПП-ДБ": 177,
        "БСП - ОЛ": 3862,
        "АПС": 1807,
        "МЕЧ": 3672,
        "ДПС - НН": 3828,
        "ДПС": 13,
        "ДПС - ДПС": 1675,
        "ПП - ДБ": 3565,
        "ГЕРБ - СДС": 3698,
        "ВЕЛИЧИЕ": 2881,
        "НЕЧЛ ПГ": 9,
        "НЕЧЛ В ПГ": 2122
      }
    },
    "52": {
      "computedAt": "2026-07-24T12:38:13.600Z",
      "parties": [
        "ПБ",
        "ГЕРБ - СДС",
        "ДБ",
        "ПП",
        "ВЪЗРАЖДАНЕ",
        "ДПС"
      ],
      "matrix": [
        [
          1,
          0.4962,
          0.339,
          0.2955,
          -0.0333,
          0.672
        ],
        [
          0.4962,
          1,
          0.6903,
          0.7118,
          0.3253,
          0.4734
        ],
        [
          0.339,
          0.6903,
          1,
          0.8646,
          0.4145,
          0.3385
        ],
        [
          0.2955,
          0.7118,
          0.8646,
          1,
          0.44,
          0.2867
        ],
        [
          -0.0333,
          0.3253,
          0.4145,
          0.44,
          1,
          -0.0171
        ],
        [
          0.672,
          0.4734,
          0.3385,
          0.2867,
          -0.0171,
          1
        ]
      ],
      "participation": {
        "ДБ": 749,
        "ПБ": 763,
        "ВЪЗРАЖДАНЕ": 728,
        "ГЕРБ - СДС": 757,
        "ДПС": 673,
        "ПП": 746
      }
    }
  }
}
