{
  "computedAt": "2026-05-25T19:28:34.966Z",
  "byNs": {
    "44": {
      "computedAt": "2026-05-25T19:28:53.873Z",
      "parties": [
        "ГЕРБ",
        "ОП",
        "БСП",
        "ДПС",
        "НЕЗ",
        "ВОЛЯ"
      ],
      "matrix": [
        [
          1,
          0.9065,
          -0.1556,
          0.1881,
          0.1505,
          0.6595
        ],
        [
          0.9065,
          1,
          -0.0429,
          0.2587,
          0.2896,
          0.771
        ],
        [
          -0.1556,
          -0.0429,
          1,
          0.5736,
          0.5353,
          0.2622
        ],
        [
          0.1881,
          0.2587,
          0.5736,
          1,
          0.562,
          0.449
        ],
        [
          0.1505,
          0.2896,
          0.5353,
          0.562,
          1,
          0.4682
        ],
        [
          0.6595,
          0.771,
          0.2622,
          0.449,
          0.4682,
          1
        ]
      ],
      "participation": {
        "ГЕРБ": 1002,
        "ДПС": 725,
        "БСП": 974,
        "ОП": 999,
        "ВОЛЯ": 707,
        "НЕЗ": 724
      }
    },
    "45": {
      "computedAt": "2026-05-25T19:28:53.875Z",
      "parties": [
        "ДПС",
        "БСП",
        "ДБ",
        "ИТН",
        "ИСМВ",
        "ГЕРБ-СДС"
      ],
      "matrix": [
        [
          1,
          0.6913,
          0.7192,
          0.5527,
          0.6526,
          0.1462
        ],
        [
          0.6913,
          1,
          0.6803,
          0.5375,
          0.6939,
          0.0261
        ],
        [
          0.7192,
          0.6803,
          1,
          0.6809,
          0.7689,
          0.0451
        ],
        [
          0.5527,
          0.5375,
          0.6809,
          1,
          0.6306,
          0.0227
        ],
        [
          0.6526,
          0.6939,
          0.7689,
          0.6306,
          1,
          -0.113
        ],
        [
          0.1462,
          0.0261,
          0.0451,
          0.0227,
          -0.113,
          1
        ]
      ],
      "participation": {
        "ГЕРБ-СДС": 193,
        "ДПС": 225,
        "БСП": 225,
        "ДБ": 225,
        "ИТН": 225,
        "ИСМВ": 224
      }
    },
    "46": {
      "computedAt": "2026-05-25T19:28:53.879Z",
      "parties": [
        "ДБ",
        "ИБГНИ",
        "ИТН",
        "БСП",
        "ДПС",
        "ГЕРБ-СДС"
      ],
      "matrix": [
        [
          1,
          0.7064,
          0.8106,
          0.6294,
          0.3869,
          0.1684
        ],
        [
          0.7064,
          1,
          0.6719,
          0.6176,
          0.4449,
          0.2743
        ],
        [
          0.8106,
          0.6719,
          1,
          0.5608,
          0.4087,
          0.1706
        ],
        [
          0.6294,
          0.6176,
          0.5608,
          1,
          0.5478,
          0.3331
        ],
        [
          0.3869,
          0.4449,
          0.4087,
          0.5478,
          1,
          0.6495
        ],
        [
          0.1684,
          0.2743,
          0.1706,
          0.3331,
          0.6495,
          1
        ]
      ],
      "participation": {
        "ГЕРБ-СДС": 473,
        "ДПС": 494,
        "БСП": 559,
        "ДБ": 564,
        "ИТН": 562,
        "ИБГНИ": 564
      }
    },
    "47": {
      "computedAt": "2026-05-25T19:28:53.903Z",
      "parties": [
        "ПП",
        "ДБ",
        "БСП",
        "ИТН",
        "ВЪЗРАЖДАНЕ",
        "ДПС",
        "ГЕРБ-СДС",
        "НЕЗ"
      ],
      "matrix": [
        [
          1,
          0.9004,
          0.9101,
          0.8227,
          0.0138,
          0.0394,
          -0.0511,
          0.8696
        ],
        [
          0.9004,
          1,
          0.8678,
          0.796,
          0.0477,
          0.0917,
          0.0098,
          0.7891
        ],
        [
          0.9101,
          0.8678,
          1,
          0.8045,
          0.0617,
          0.0519,
          -0.0409,
          0.836
        ],
        [
          0.8227,
          0.796,
          0.8045,
          1,
          0.1189,
          0.1348,
          0.0723,
          0.5528
        ],
        [
          0.0138,
          0.0477,
          0.0617,
          0.1189,
          1,
          0.4019,
          0.3899,
          0.1446
        ],
        [
          0.0394,
          0.0917,
          0.0519,
          0.1348,
          0.4019,
          1,
          0.7723,
          0.1352
        ],
        [
          -0.0511,
          0.0098,
          -0.0409,
          0.0723,
          0.3899,
          0.7723,
          1,
          0.0999
        ],
        [
          0.8696,
          0.7891,
          0.836,
          0.5528,
          0.1446,
          0.1352,
          0.0999,
          1
        ]
      ],
      "participation": {
        "ДПС": 1657,
        "БСП": 1809,
        "ГЕРБ-СДС": 1586,
        "ДБ": 1820,
        "ИТН": 1796,
        "ПП": 1822,
        "ВЪЗРАЖДАНЕ": 1703,
        "НЕЗ": 422
      }
    },
    "48": {
      "computedAt": "2026-05-25T19:28:53.916Z",
      "parties": [
        "ГЕРБ-СДС",
        "ДПС",
        "ВЪЗРАЖДАНЕ",
        "БСП",
        "ДБ",
        "ПП",
        "БВ",
        "НЕЗ"
      ],
      "matrix": [
        [
          1,
          0.824,
          0.1885,
          0.615,
          0.3858,
          0.267,
          0.373,
          0.5706
        ],
        [
          0.824,
          1,
          0.2527,
          0.653,
          0.3098,
          0.2156,
          0.423,
          0.4502
        ],
        [
          0.1885,
          0.2527,
          1,
          0.3747,
          0.2189,
          0.27,
          0.3589,
          0.1864
        ],
        [
          0.615,
          0.653,
          0.3747,
          1,
          0.2585,
          0.2962,
          0.2782,
          0.5486
        ],
        [
          0.3858,
          0.3098,
          0.2189,
          0.2585,
          1,
          0.817,
          0.6228,
          0.7956
        ],
        [
          0.267,
          0.2156,
          0.27,
          0.2962,
          0.817,
          1,
          0.6183,
          0.854
        ],
        [
          0.373,
          0.423,
          0.3589,
          0.2782,
          0.6228,
          0.6183,
          1,
          0.6341
        ],
        [
          0.5706,
          0.4502,
          0.1864,
          0.5486,
          0.7956,
          0.854,
          0.6341,
          1
        ]
      ],
      "participation": {
        "ДПС": 1352,
        "ГЕРБ-СДС": 1356,
        "БСП": 1340,
        "ДБ": 1338,
        "ПП": 1338,
        "ВЪЗРАЖДАНЕ": 1348,
        "БВ": 1336,
        "НЕЗ": 195
      }
    },
    "49": {
      "computedAt": "2026-05-25T19:28:53.944Z",
      "parties": [
        "ГЕРБ-СДС",
        "ПП-ДБ",
        "ДПС",
        "БСП",
        "ВЪЗРАЖДАНЕ",
        "ИТН",
        "НЕЗ"
      ],
      "matrix": [
        [
          1,
          0.7418,
          0.9051,
          0.072,
          -0.1772,
          0.1002,
          -0.0295
        ],
        [
          0.7418,
          1,
          0.7545,
          0.029,
          -0.2552,
          -0.0277,
          -0.0704
        ],
        [
          0.9051,
          0.7545,
          1,
          0.0606,
          -0.2246,
          0.0506,
          -0.0819
        ],
        [
          0.072,
          0.029,
          0.0606,
          1,
          0.4554,
          0.4783,
          0.7872
        ],
        [
          -0.1772,
          -0.2552,
          -0.2246,
          0.4554,
          1,
          0.5314,
          0.6541
        ],
        [
          0.1002,
          -0.0277,
          0.0506,
          0.4783,
          0.5314,
          1,
          0.6483
        ],
        [
          -0.0295,
          -0.0704,
          -0.0819,
          0.7872,
          0.6541,
          0.6483,
          1
        ]
      ],
      "participation": {
        "ДПС": 3614,
        "ГЕРБ-СДС": 3644,
        "БСП": 3421,
        "ПП-ДБ": 3629,
        "ВЪЗРАЖДАНЕ": 3409,
        "ИТН": 3390,
        "НЕЗ": 467
      }
    },
    "50": {
      "computedAt": "2026-05-25T19:28:53.950Z",
      "parties": [
        "ПП-ДБ",
        "ГЕРБ-СДС",
        "ВЪЗРАЖДАНЕ",
        "ДПС",
        "ИТН",
        "БСП",
        "НЕЧЛ В ПГ",
        "НЕЗ",
        "ВЕЛИЧИЕ"
      ],
      "matrix": [
        [
          1,
          0.7072,
          0.2717,
          0.6643,
          0.5346,
          0.5319,
          0.366,
          0.6447,
          0.8006
        ],
        [
          0.7072,
          1,
          0.2005,
          0.8572,
          0.5657,
          0.5017,
          0.2838,
          0.4271,
          0.3963
        ],
        [
          0.2717,
          0.2005,
          1,
          0.1534,
          0.6496,
          0.6377,
          0.2597,
          0.5775,
          0.4394
        ],
        [
          0.6643,
          0.8572,
          0.1534,
          1,
          0.5305,
          0.4826,
          0.2975,
          0.2449,
          0.3175
        ],
        [
          0.5346,
          0.5657,
          0.6496,
          0.5305,
          1,
          0.7586,
          0.4737,
          0.6694,
          0.5854
        ],
        [
          0.5319,
          0.5017,
          0.6377,
          0.4826,
          0.7586,
          1,
          0.5239,
          0.7539,
          0.8006
        ],
        [
          0.366,
          0.2838,
          0.2597,
          0.2975,
          0.4737,
          0.5239,
          1,
          0,
          0
        ],
        [
          0.6447,
          0.4271,
          0.5775,
          0.2449,
          0.6694,
          0.7539,
          0,
          1,
          0.7746
        ],
        [
          0.8006,
          0.3963,
          0.4394,
          0.3175,
          0.5854,
          0.8006,
          0,
          0.7746,
          1
        ]
      ],
      "participation": {
        "ПП-ДБ": 623,
        "ГЕРБ-СДС": 623,
        "ИТН": 616,
        "ДПС": 619,
        "ВЪЗРАЖДАНЕ": 623,
        "БСП": 606,
        "ВЕЛИЧИЕ": 44,
        "НЕЗ": 142,
        "НЕЧЛ В ПГ": 468
      }
    },
    "51": {
      "computedAt": "2026-05-25T19:28:53.988Z",
      "parties": [
        "БСП - ОЛ",
        "ДПС - НН",
        "ИТН",
        "ВЪЗРАЖДАНЕ",
        "ГЕРБ - СДС",
        "МЕЧ",
        "ПП - ДБ",
        "ВЕЛИЧИЕ",
        "НЕЧЛ В ПГ",
        "АПС",
        "ДПС - ДПС",
        "ПП-ДБ",
        "ГЕРБ-СДС",
        "ДПС",
        "НЕЧЛ ПГ"
      ],
      "matrix": [
        [
          1,
          0.6921,
          0.7975,
          -0.1613,
          0.8063,
          -0.2866,
          0.3638,
          -0.2162,
          0.6984,
          0.4051,
          0.6851,
          0.6649,
          0.6882,
          0.6093,
          0.3333
        ],
        [
          0.6921,
          1,
          0.7285,
          -0.3483,
          0.8522,
          -0.4172,
          0.2481,
          -0.3791,
          0.9678,
          0.2428,
          0.3852,
          0.5203,
          0.6005,
          -0.4009,
          0
        ],
        [
          0.7975,
          0.7285,
          1,
          -0.1624,
          0.8641,
          -0.3124,
          0.3302,
          -0.2766,
          0.7695,
          0.3233,
          0.6621,
          0.4568,
          0.1791,
          0.4804,
          0.4714
        ],
        [
          -0.1613,
          -0.3483,
          -0.1624,
          1,
          -0.3164,
          0.5912,
          0.0956,
          0.5249,
          -0.3416,
          0.1661,
          0.0312,
          0.3521,
          0.1633,
          0.4804,
          0.1111
        ],
        [
          0.8063,
          0.8522,
          0.8641,
          -0.3164,
          1,
          -0.4451,
          0.3181,
          -0.345,
          0.8752,
          0.3456,
          0.603,
          0,
          0,
          0,
          0.3333
        ],
        [
          -0.2866,
          -0.4172,
          -0.3124,
          0.5912,
          -0.4451,
          1,
          0.1471,
          0.5937,
          -0.4804,
          0.2233,
          -0.0871,
          0.5066,
          0.0848,
          0.4804,
          0
        ],
        [
          0.3638,
          0.2481,
          0.3302,
          0.0956,
          0.3181,
          0.1471,
          1,
          0.1593,
          0.2409,
          0.662,
          0.6063,
          0,
          0,
          0,
          0.7071
        ],
        [
          -0.2162,
          -0.3791,
          -0.2766,
          0.5249,
          -0.345,
          0.5937,
          0.1593,
          1,
          -0.3502,
          0.1591,
          0.0118,
          0,
          0,
          0,
          0.5556
        ],
        [
          0.6984,
          0.9678,
          0.7695,
          -0.3416,
          0.8752,
          -0.4804,
          0.2409,
          -0.3502,
          1,
          0.2787,
          0.3362,
          0,
          0,
          0,
          0
        ],
        [
          0.4051,
          0.2428,
          0.3233,
          0.1661,
          0.3456,
          0.2233,
          0.662,
          0.1591,
          0.2787,
          1,
          0,
          0.6302,
          -0.6071,
          0,
          0
        ],
        [
          0.6851,
          0.3852,
          0.6621,
          0.0312,
          0.603,
          -0.0871,
          0.6063,
          0.0118,
          0.3362,
          0,
          1,
          0.7319,
          0.6703,
          0,
          0.7778
        ],
        [
          0.6649,
          0.5203,
          0.4568,
          0.3521,
          0,
          0.5066,
          0,
          0,
          0,
          0.6302,
          0.7319,
          1,
          0.4968,
          0.8704,
          0
        ],
        [
          0.6882,
          0.6005,
          0.1791,
          0.1633,
          0,
          0.0848,
          0,
          0,
          0,
          -0.6071,
          0.6703,
          0.4968,
          1,
          0.5222,
          0
        ],
        [
          0.6093,
          -0.4009,
          0.4804,
          0.4804,
          0,
          0.4804,
          0,
          0,
          0,
          0,
          0,
          0.8704,
          0.5222,
          1,
          0
        ],
        [
          0.3333,
          0,
          0.4714,
          0.1111,
          0.3333,
          0,
          0.7071,
          0.5556,
          0,
          0,
          0.7778,
          0,
          0,
          0,
          1
        ]
      ],
      "participation": {
        "ПП-ДБ": 177,
        "ГЕРБ-СДС": 177,
        "ИТН": 3823,
        "ВЪЗРАЖДАНЕ": 3743,
        "БСП - ОЛ": 3862,
        "АПС": 1807,
        "МЕЧ": 3672,
        "ДПС - НН": 3828,
        "ДПС": 13,
        "ДПС - ДПС": 1675,
        "ПП - ДБ": 3565,
        "ГЕРБ - СДС": 3698,
        "ВЕЛИЧИЕ": 2881,
        "НЕЧЛ ПГ": 9,
        "НЕЧЛ В ПГ": 2122
      }
    },
    "52": {
      "computedAt": "2026-05-25T19:28:53.990Z",
      "parties": [
        "ДБ",
        "ДПС",
        "ПБ",
        "ВЪЗРАЖДАНЕ",
        "ПП",
        "ГЕРБ - СДС"
      ],
      "matrix": [
        [
          1,
          0.5697,
          0.6513,
          0.1819,
          0.9607,
          0.6576
        ],
        [
          0.5697,
          1,
          0.6579,
          -0.1314,
          0.4889,
          0.5202
        ],
        [
          0.6513,
          0.6579,
          1,
          -0.1397,
          0.6018,
          0.7332
        ],
        [
          0.1819,
          -0.1314,
          -0.1397,
          1,
          0.2522,
          0
        ],
        [
          0.9607,
          0.4889,
          0.6018,
          0.2522,
          1,
          0.6563
        ],
        [
          0.6576,
          0.5202,
          0.7332,
          0,
          0.6563,
          1
        ]
      ],
      "participation": {
        "ДБ": 72,
        "ДПС": 72,
        "ВЪЗРАЖДАНЕ": 70,
        "ГЕРБ - СДС": 68,
        "ПБ": 72,
        "ПП": 69
      }
    }
  }
}
